6762 1267
6762 3269
6762 3302
6762 12874
6762 20836
6762 28716
6762 31034
6762 41327
1267 12874
1267 3269
1267 41327
1267 31034
1267 137
1267 3302
1267 12779
1267 28716
1267 30722
1267 39120
1267 41720
1267 56911
3269 12779
3269 39120
3269 41720
3269 56911
3302 41327
3302 28716
3302 12779
3302 137
3302 39120
12874 12779
12874 39120
12874 41327
12874 56911
20836 41327
20836 12779
20836 39120
28716 41327
28716 137
28716 12779
28716 39120
31034 41327
31034 12779
31034 39120
41327 39120
41327 137
41327 12779
41327 30722
41327 56911
12779 41720
12779 137
12779 30722
12779 56911
12779 39120
12779 216309
39120 41720
39120 216309
39120 211358
39120 30722
39120 137
39120 56911
41720 216309
