5511 3215
5511 16276
5511 29075
5511 30781
5511 31216
5511 35625
5511 39801
5511 49434
5511 62000
3215 35280
3215 44530
3215 8218
3215 34019
3215 29075
16276 35280
16276 8218
16276 29075
16276 30781
16276 34019
29075 35280
29075 44530
29075 8218
29075 30781
29075 34019
30781 35280
30781 44530
30781 8218
30781 34019
30781 2200
30781 15557
30781 29169
30781 31216
30781 35625
30781 39801
31216 35280
31216 34019
35625 35280
35625 8218
35625 34019
39801 35280
39801 49434
39801 34019
49434 35280
49434 8218
49434 34019
49434 47160
62000 35280
62000 8218
62000 47160
62000 34019
35280 29169
35280 8218
35280 15557
35280 34019
35280 2200
35280 44530
35280 47160
35280 35661
29169 44530
29169 8218
29169 34019
8218 44530
8218 34019
8218 2200
8218 15557
15557 34019
34019 44530
34019 47160
34019 2200
34019 35661
44530 35661
