3741 16637
3741 36874
3741 36994
3741 37105
3741 37153
3741 37179
3741 37271
3741 37474
3741 37680
3741 327693
3741 328333
3741 37497
3741 5713
3741 327782
16637 5713
16637 37497
16637 37271
16637 4571
16637 9129
16637 36874
16637 37680
16637 328748
16637 36994
16637 37105
16637 327782
36874 5713
36874 37497
36874 36994
36874 37105
36874 327782
36874 328748
36874 328333
36874 37680
36994 5713
36994 37497
36994 37271
36994 37105
36994 37680
36994 328748
36994 327782
37105 37358
37105 37497
37105 37680
37105 37739
37105 328333
37105 328748
37105 328884
37105 37153
37105 37179
37105 327693
37105 327782
37153 37497
37153 327782
37153 37179
37179 37497
37271 5713
37474 37497
37474 328748
37680 5713
37680 37497
37680 327782
37680 328748
37680 327693
327693 5713
327693 37497
328333 37497
328333 327782
37497 5713
37497 37358
37497 328884
37497 37739
37497 327782
37497 328748
5713 37358
5713 328748
5713 37739
327782 328884
