57304 2854
57304 24955
57304 28761
57304 197068
57304 201706
57304 8359
57304 8732
57304 31133
2854 12389
2854 9049
2854 3216
2854 31133
2854 20764
2854 8359
2854 201706
2854 199599
2854 57724
2854 56534
2854 202984
2854 35598
2854 43727
2854 43298
2854 209141
2854 13094
2854 210756
2854 29226
2854 29076
2854 25478
2854 25549
2854 49063
2854 47122
2854 196695
2854 8641
2854 201776
2854 3267
2854 6789
2854 8492
2854 8595
2854 8985
2854 12695
2854 28968
2854 34123
2854 35000
2854 39089
2854 39728
2854 41039
2854 44020
2854 47775
2854 48084
2854 51028
2854 52091
2854 206810
2854 209307
24955 31133
24955 35598
24955 47775
28761 12389
28761 31133
28761 20764
28761 35598
28761 201776
28761 6789
197068 9049
197068 3216
197068 31133
197068 20764
197068 8359
197068 49063
201706 12389
201706 9049
201706 31133
201706 20764
201706 8359
201706 8492
201706 8732
201706 25227
201706 25549
201706 29226
201706 49063
201706 199599
201706 3267
201706 6789
201706 8595
201706 8641
201706 8985
201706 12695
201706 13094
201706 28968
201706 34123
201706 35000
201706 39089
201706 39728
201706 41039
201706 43298
201706 43727
201706 44020
201706 47122
201706 47775
201706 48084
201706 51028
201706 52091
201706 56534
201706 57724
201706 61400
201706 196695
201706 35598
201706 201776
201706 202984
201706 206810
201706 209141
201706 209307
201706 210756
8359 20485
8359 12389
8359 9049
8359 3216
8359 31133
8359 20764
8359 6789
8359 8985
8359 12695
8359 25549
8359 29076
8359 48084
8359 49063
8359 57681
8359 61400
8359 210756
8359 215307
8359 3267
8359 8492
8359 8595
8359 8641
8359 8732
8359 13094
8359 28968
8359 29226
8359 34123
8359 35000
8359 35598
8359 39089
8359 39728
8359 41039
8359 43298
8359 43727
8359 44020
8359 47122
8359 47775
8359 51028
8359 52091
8359 56534
8359 57724
8359 196695
8359 199599
8359 201776
8359 202984
8359 206810
8359 209141
8359 209307
8732 20485
8732 9049
8732 31133
8732 20764
8732 35598
8732 12695
8732 42861
31133 20485
31133 12389
31133 9049
31133 3216
31133 6789
31133 8470
31133 8492
31133 8641
31133 20632
31133 25159
31133 28968
31133 29076
31133 29648
31133 31261
31133 35598
31133 41039
31133 43298
31133 44020
31133 48084
31133 49063
31133 50928
31133 56534
31133 61400
31133 196695
31133 202984
31133 206810
31133 209141
31133 210756
31133 3267
31133 8595
31133 8985
31133 12695
31133 13094
31133 20764
31133 25549
31133 29226
31133 34123
31133 39089
31133 39728
31133 47122
31133 47775
31133 51028
31133 52091
31133 57724
31133 199599
31133 201776
31133 209307
31133 35000
31133 43727
31133 197453
20485 3267
20485 6789
20485 8470
20485 8492
20485 8641
20485 8985
20485 9049
20485 12389
20485 20764
20485 21127
20485 25478
20485 25549
20485 29226
20485 35598
20485 44020
20485 48084
20485 49063
20485 50509
20485 51028
20485 52091
20485 56534
20485 199599
20485 210756
20485 3216
3267 12389
3267 9049
3267 3216
3267 20764
3267 199599
3267 57724
3267 56534
3267 202984
3267 35598
3267 43727
3267 43298
3267 209141
3267 13094
3267 210756
3267 29226
3267 29076
3267 25549
3267 49063
3267 47122
3267 196695
3267 8641
3267 201776
3267 48084
3267 6789
3267 8492
3267 8595
3267 8985
3267 12695
3267 28968
3267 34123
3267 35000
3267 39089
3267 39728
3267 41039
3267 44020
3267 47775
3267 51028
3267 52091
3267 61400
3267 206810
3267 209307
6789 12389
6789 9049
6789 3216
6789 20764
6789 199599
6789 57724
6789 56534
6789 202984
6789 35598
6789 43727
6789 43298
6789 209141
6789 13094
6789 210756
6789 29226
6789 25549
6789 49063
6789 47122
6789 196695
6789 8641
6789 201776
6789 48084
6789 35000
6789 8492
6789 8595
6789 8985
6789 12695
6789 28968
6789 34123
6789 39089
6789 39728
6789 41039
6789 44020
6789 47775
6789 51028
6789 52091
6789 61400
6789 206810
6789 209307
8470 12389
8470 3216
8470 35598
8470 43298
8492 12389
8492 9049
8492 3216
8492 20764
8492 199599
8492 57724
8492 56534
8492 202984
8492 35598
8492 43727
8492 43298
8492 209141
8492 13094
8492 210756
8492 29226
8492 29076
8492 25549
8492 49063
8492 47122
8492 196695
8492 8641
8492 201776
8492 48084
8492 35000
8492 12695
8492 52091
8492 206810
8492 8595
8492 51028
8492 41039
8492 31277
8492 8985
8492 28968
8492 34123
8492 39089
8492 39728
8492 44020
8492 47775
8492 209307
8641 12389
8641 9049
8641 20764
8641 199599
8641 57724
8641 56534
8641 202984
8641 35598
8641 43727
8641 43298
8641 209141
8641 13094
8641 210756
8641 29226
8641 25549
8641 49063
8641 47122
8641 196695
8641 34123
8641 8595
8641 8985
8641 12695
8641 28968
8641 35000
8641 39089
8641 39728
8641 41039
8641 44020
8641 47775
8641 48084
8641 51028
8641 52091
8641 201776
8641 206810
8641 209307
8985 12389
8985 9049
8985 20764
8985 199599
8985 57724
8985 56534
8985 202984
8985 35598
8985 43727
8985 43298
8985 209141
8985 13094
8985 210756
8985 29226
8985 29076
8985 25549
8985 49063
8985 47122
8985 196695
8985 201776
8985 48084
8985 35000
8985 12695
8985 52091
8985 206810
8985 8595
8985 51028
8985 41039
8985 28968
8985 34123
8985 39089
8985 39728
8985 44020
8985 47775
8985 61400
8985 209307
9049 12389
9049 3216
9049 12722
9049 25227
9049 25478
9049 25549
9049 35598
9049 43298
9049 48347
9049 48858
9049 57724
9049 196695
9049 209307
9049 210756
9049 8595
9049 12695
9049 13094
9049 28968
9049 29076
9049 29226
9049 34123
9049 35000
9049 39089
9049 39728
9049 41039
9049 43727
9049 44020
9049 47122
9049 47775
9049 48084
9049 49063
9049 51028
9049 52091
9049 56534
9049 61400
9049 199599
9049 201776
9049 202984
9049 206810
9049 209141
9049 20764
12389 20764
12389 25478
12389 25549
12389 28968
12389 29076
12389 29226
12389 35000
12389 39089
12389 39153
12389 39728
12389 43298
12389 44020
12389 49063
12389 51028
12389 57724
12389 60299
12389 61400
12389 199599
12389 201776
12389 202984
12389 209307
12389 210756
12389 8595
12389 3216
12389 12695
12389 13094
12389 34123
12389 35598
12389 41039
12389 43727
12389 47122
12389 47775
12389 48084
12389 52091
12389 56534
12389 196695
12389 206810
12389 209141
20764 3216
20764 8595
20764 12722
20764 25478
20764 25549
20764 35000
20764 41039
20764 43298
20764 43727
20764 47122
20764 47775
20764 49063
20764 52091
20764 56534
20764 196695
20764 197453
20764 199599
20764 202984
20764 209307
20764 215457
20764 12695
20764 13094
20764 29076
20764 29226
20764 34123
20764 35598
20764 39089
20764 39728
20764 44020
20764 48084
20764 51028
20764 57724
20764 60299
20764 201776
20764 206810
20764 209141
20764 210756
20764 28968
20764 48858
20764 61400
21127 25549
25478 52091
25478 209307
25478 25549
25549 3216
25549 199599
25549 57724
25549 56534
25549 202984
25549 35598
25549 43727
25549 43298
25549 209141
25549 13094
25549 210756
25549 29226
25549 29076
25549 49063
25549 8595
25549 12695
25549 28968
25549 34123
25549 35000
25549 39089
25549 39728
25549 41039
25549 44020
25549 47122
25549 47775
25549 48084
25549 51028
25549 52091
25549 61400
25549 196695
25549 201776
25549 206810
25549 209307
29226 3216
29226 199599
29226 57724
29226 56534
29226 202984
29226 35598
29226 43727
29226 43298
29226 209141
29226 13094
29226 210756
29226 12695
29226 12722
29226 47122
29226 196695
29226 8595
29226 28968
29226 29076
29226 34123
29226 35000
29226 39089
29226 39728
29226 41039
29226 44020
29226 47775
29226 48084
29226 49063
29226 51028
29226 52091
29226 61400
29226 201776
29226 206810
29226 209307
29226 197453
35598 3216
35598 199599
35598 57724
35598 56534
35598 202984
35598 8595
35598 12722
35598 28968
35598 31277
35598 34123
35598 39153
35598 43201
35598 43298
35598 43727
35598 44020
35598 47122
35598 47775
35598 48347
35598 49063
35598 51028
35598 52091
35598 215457
35598 13094
35598 12695
35598 29076
35598 35000
35598 39728
35598 41039
35598 42861
35598 50509
35598 60299
35598 196695
35598 201776
35598 206810
35598 209141
35598 210756
35598 48084
35598 48858
35598 61400
35598 197453
35598 209307
44020 199599
44020 57724
44020 56534
44020 202984
44020 43727
44020 43298
44020 209141
44020 13094
44020 210756
44020 49063
44020 47122
44020 196695
44020 201776
44020 48084
44020 35000
44020 12695
44020 52091
44020 206810
44020 8595
44020 51028
44020 41039
44020 47775
44020 39089
44020 209307
44020 39728
44020 34123
44020 28968
44020 61400
48084 3216
48084 199599
48084 57724
48084 56534
48084 202984
48084 43727
48084 43298
48084 209141
48084 13094
48084 210756
48084 49063
48084 47122
48084 196695
48084 201776
48084 39089
48084 41039
48084 8595
48084 12695
48084 28968
48084 34123
48084 35000
48084 39728
48084 47775
48084 51028
48084 52091
48084 61400
48084 206810
48084 209307
49063 3216
49063 199599
49063 57724
49063 56534
49063 202984
49063 43727
49063 43298
49063 209141
49063 13094
49063 210756
49063 196695
49063 215457
49063 8595
49063 12695
49063 28968
49063 34123
49063 35000
49063 39089
49063 39728
49063 41039
49063 47122
49063 47775
49063 51028
49063 52091
49063 201776
49063 206810
49063 209307
50509 3216
50509 8595
50509 31277
50509 34123
50509 39153
50509 39728
50509 41039
50509 47122
50509 48347
50509 60299
50509 196695
51028 199599
51028 57724
51028 56534
51028 202984
51028 43727
51028 43298
51028 209141
51028 13094
51028 210756
51028 29076
51028 47122
51028 196695
51028 201776
51028 35000
51028 12695
51028 52091
51028 206810
51028 8595
51028 28968
51028 34123
51028 39089
51028 39728
51028 41039
51028 47775
51028 61400
51028 209307
52091 3216
52091 199599
52091 57724
52091 56534
52091 202984
52091 43727
52091 43298
52091 209141
52091 13094
52091 210756
52091 47122
52091 196695
52091 201776
52091 35000
52091 12695
52091 206810
52091 8595
52091 28968
52091 34123
52091 39089
52091 39728
52091 41039
52091 47775
52091 61400
52091 209307
56534 199599
56534 57724
56534 8595
56534 12695
56534 13094
56534 28968
56534 29076
56534 34123
56534 35000
56534 39089
56534 39728
56534 41039
56534 43298
56534 43727
56534 47122
56534 47775
56534 196695
56534 201776
56534 206810
56534 209141
56534 209307
56534 210756
56534 202984
199599 3216
199599 43298
199599 57724
199599 61400
199599 8595
199599 12695
199599 13094
199599 28968
199599 34123
199599 35000
199599 39089
199599 39728
199599 41039
199599 43727
199599 47122
199599 47775
199599 196695
199599 197453
199599 201776
199599 206810
199599 209141
199599 209307
199599 210756
199599 202984
210756 3216
210756 57724
210756 202984
210756 43727
210756 43298
210756 209141
210756 13094
210756 48858
210756 8595
210756 12695
210756 28968
210756 29076
210756 34123
210756 35000
210756 39089
210756 39728
210756 41039
210756 47122
210756 47775
210756 61400
210756 196695
210756 201776
210756 206810
210756 209307
3216 8595
3216 12695
3216 28968
3216 29076
3216 43298
3216 43727
3216 57724
3216 202984
3216 209141
3216 209307
3216 48858
28968 57724
28968 202984
28968 43727
28968 43298
28968 209141
28968 13094
28968 29076
28968 47122
28968 196695
28968 201776
28968 35000
28968 12695
28968 206810
28968 8595
28968 41039
28968 47775
28968 39089
28968 209307
28968 39728
28968 34123
28968 61400
29076 57724
29076 202984
29076 43727
29076 215307
29076 12695
29076 12722
29076 197453
29076 35000
29076 39728
29076 209307
35000 57724
35000 202984
35000 43727
35000 43298
35000 209141
35000 13094
35000 47122
35000 196695
35000 201776
35000 8595
35000 12695
35000 34123
35000 39089
35000 39728
35000 41039
35000 47775
35000 206810
35000 209307
39089 57724
39089 202984
39089 43727
39089 43298
39089 209141
39089 13094
39089 47122
39089 196695
39089 201776
39089 12695
39089 206810
39089 8595
39089 41039
39089 47775
39089 34123
39089 39728
39089 61400
39089 209307
39153 202984
39728 57724
39728 202984
39728 43727
39728 43298
39728 209141
39728 13094
39728 47122
39728 196695
39728 201776
39728 12695
39728 206810
39728 8595
39728 41039
39728 47775
39728 209307
39728 198310
39728 44125
39728 34123
39728 61400
43298 57724
43298 202984
43298 43727
43298 47775
43298 48347
43298 8595
43298 12695
43298 13094
43298 34123
43298 41039
43298 47122
43298 196695
43298 197453
43298 201776
43298 206810
43298 209141
43298 209307
57724 12722
57724 48347
57724 49612
57724 202984
57724 8595
57724 12695
57724 13094
57724 34123
57724 41039
57724 43727
57724 47122
57724 47775
57724 61400
57724 196695
57724 201776
57724 206810
57724 209141
57724 209307
60299 202984
61400 202984
61400 209141
61400 13094
61400 196695
61400 201776
61400 12695
61400 206810
61400 41039
61400 209307
61400 34123
201776 202984
201776 43727
201776 209141
201776 13094
201776 47122
201776 196695
201776 41039
201776 8595
201776 12695
201776 34123
201776 47775
201776 206810
201776 209307
202984 25227
202984 43727
202984 47122
202984 8595
202984 12695
202984 13094
202984 34123
202984 47775
202984 196695
202984 41039
202984 42861
202984 206810
202984 209141
202984 209307
209307 43727
209307 209141
209307 13094
209307 47122
209307 196695
209307 12695
209307 206810
209307 8595
209307 41039
209307 47775
209307 34123
8595 43727
8595 209141
8595 13094
8595 47122
8595 196695
8595 12695
8595 206810
8595 34123
8595 41039
8595 47775
12695 43727
12695 209141
12695 13094
12695 47122
12695 196695
12695 34123
12695 41039
12695 47775
12695 206810
13094 43727
13094 209141
13094 48858
13094 34123
13094 41039
13094 47122
13094 47775
13094 196695
13094 206810
34123 43727
34123 209141
34123 47122
34123 196695
34123 206810
34123 41039
34123 47775
41039 43727
41039 209141
41039 47122
41039 196695
41039 206810
41039 44125
41039 47775
43727 47122
43727 47775
43727 196695
43727 206810
43727 209141
47122 209141
47122 196695
47122 47775
47122 206810
47775 209141
47775 196695
47775 206810
196695 209141
196695 215457
196695 206810
206810 209141
25159 197453
