30844 786
30844 2856
30844 3170
30844 3223
30844 8220
30844 12703
30844 25180
30844 25369
30844 4455
30844 13213
30844 20860
30844 48266
30844 49425
30844 52041
30844 60068
30844 39326
30844 41095
30844 42689
30844 42831
30844 44356
30844 48070
30844 49915
30844 52025
30844 61049
30844 61231
30844 62240
30844 207841
786 9002
786 15412
786 8220
786 61049
786 25369
786 48070
786 41095
786 4455
786 2856
786 207841
786 3170
786 5413
2856 9002
2856 15412
2856 3223
2856 8220
2856 25369
2856 60068
2856 48070
2856 5400
2856 4455
2856 3170
2856 5089
2856 5413
2856 13213
2856 20860
2856 25180
2856 42831
2856 62240
2856 42689
3170 3223
3170 8220
3170 61049
3170 25369
3170 60068
3170 48070
3170 52025
3170 4455
3170 12703
3170 49915
3170 48266
3170 203446
3170 42831
3170 25180
3170 207841
3170 52041
3170 44356
3170 20860
3170 5413
3170 13213
3170 49425
3170 61231
3170 215638
3170 42689
3170 62240
3223 9002
3223 15412
3223 25369
3223 4455
3223 8220
3223 12703
3223 13213
3223 20860
3223 42689
3223 42831
3223 44356
3223 48070
3223 48266
3223 49425
3223 49915
3223 52025
3223 52041
3223 61049
3223 61231
3223 62240
3223 207841
3223 41095
8220 9002
8220 15412
8220 13213
8220 4455
8220 5400
8220 5413
8220 20860
8220 25180
8220 25369
8220 61049
8220 207841
8220 39326
8220 41095
8220 42689
8220 42831
8220 44356
8220 62240
12703 61049
12703 25369
12703 48070
12703 52025
12703 4455
12703 13213
12703 20860
12703 42689
12703 42831
12703 44356
12703 48266
12703 49425
12703 49915
12703 52041
12703 61231
12703 62240
12703 207841
25180 15412
25180 25369
25180 48070
25180 41095
25180 4455
25180 5413
25369 61049
25369 52025
25369 4455
25369 5089
25369 5413
25369 13213
25369 20860
25369 49425
25369 60068
25369 42689
25369 42831
25369 44356
25369 48070
25369 48266
25369 49915
25369 52041
25369 61231
25369 62240
25369 207841
25369 215638
4455 9002
4455 15412
4455 207701
4455 61049
4455 60068
4455 48070
4455 52025
4455 3252
4455 13213
4455 20860
4455 49425
4455 5413
4455 42689
4455 42831
4455 44356
4455 48266
4455 49915
4455 52041
4455 61231
4455 62240
4455 207841
4455 215638
13213 9002
13213 15412
13213 61049
13213 48070
13213 52025
13213 49915
13213 48266
13213 42831
13213 207841
13213 52041
13213 44356
13213 20860
13213 215638
13213 49425
13213 61231
13213 62240
13213 42689
20860 61049
20860 48070
20860 52025
20860 49915
20860 48266
20860 42831
20860 207841
20860 52041
20860 44356
20860 42689
20860 49425
20860 61231
20860 62240
48266 9002
48266 61049
48266 60068
48266 48070
48266 52025
48266 41095
48266 49915
48266 42689
48266 42831
48266 44356
48266 49425
48266 52041
48266 61231
48266 62240
48266 207841
49425 61049
49425 48070
49425 52025
49425 49915
49425 42831
49425 207841
49425 52041
49425 44356
49425 42689
49425 62240
49425 61231
52041 9002
52041 61049
52041 48070
52041 52025
52041 49915
52041 42831
52041 207841
52041 42689
52041 44356
52041 61231
52041 62240
60068 9002
60068 15412
60068 61049
60068 52025
60068 5400
60068 42689
60068 42831
60068 62240
39326 61049
39326 48070
39326 41095
39326 5413
41095 15412
41095 5400
41095 5413
41095 42689
42689 15412
42689 61049
42689 48070
42689 52025
42689 49915
42689 42831
42689 5089
42689 207841
42689 44356
42689 5413
42689 61231
42689 62240
42689 215638
42831 15412
42831 61049
42831 48070
42831 52025
42831 49915
42831 5413
42831 44356
42831 61231
42831 62240
42831 207841
44356 61049
44356 48070
44356 52025
44356 49915
44356 207841
44356 61231
44356 62240
48070 15412
48070 61049
48070 52025
48070 49915
48070 61231
48070 62240
48070 207841
48070 215638
49915 9002
49915 61049
49915 52025
49915 61231
49915 62240
49915 207841
52025 9002
52025 15412
52025 61049
52025 61231
52025 62240
52025 207841
61049 15412
61049 207841
61049 5413
61049 61231
61049 62240
61231 15412
61231 207841
61231 62240
62240 207841
207841 215638
9002 3252
9002 215638
9002 5400
9002 5413
5400 15412
5413 15412
