16265 3327
16265 43350
16265 44592
16265 47864
16265 52000
16265 12859
16265 15703
16265 15830
16265 1136
16265 5580
16265 8283
16265 21320
16265 38930
16265 42156
16265 49544
16265 50673
16265 51088
16265 20562
16265 57866
3327 20562
3327 50673
3327 15830
3327 8455
3327 8283
3327 49544
3327 42156
3327 12859
43350 6830
43350 15703
43350 50673
43350 51088
43350 8283
43350 49544
43350 12859
44592 6830
44592 15703
44592 50673
44592 51088
44592 8283
44592 49544
44592 12859
47864 50673
47864 49544
52000 50673
52000 51088
52000 8283
52000 49544
52000 12859
12859 6830
12859 24785
12859 200020
12859 57866
12859 15703
12859 20562
12859 50673
12859 60144
12859 15830
12859 51088
12859 8283
12859 49544
12859 42156
12859 49127
12859 212477
12859 39686
12859 1136
12859 24875
12859 49981
12859 56504
12859 39637
15703 24785
15703 200020
15703 57866
15703 8283
15703 20562
15703 15830
15703 24875
15703 49544
15703 50673
15703 51088
15830 6830
15830 20562
15830 50673
15830 8455
15830 1136
15830 8283
15830 42156
15830 49544
15830 51088
1136 6830
1136 24785
1136 50673
1136 8455
1136 49544
1136 49981
5580 49544
8283 6830
8283 200020
8283 57866
8283 20562
8283 50673
8283 60144
8283 35133
8283 8455
8283 38930
8283 51088
8283 24875
8283 39637
8283 39686
8283 49544
8283 56504
8283 42156
8283 49127
8283 49981
8283 50917
8283 212477
21320 8455
21320 49544
21320 20965
21320 24875
42156 24785
42156 57866
42156 20562
42156 51088
42156 49544
49544 6830
49544 24785
49544 200020
49544 57866
49544 20562
49544 50673
49544 60144
49544 8455
49544 51088
49544 24875
49544 39637
49544 39686
49544 49127
49544 49981
49544 56504
49544 212477
50673 6830
50673 24785
50673 200020
50673 57866
50673 20562
50673 49127
50673 49981
50673 24875
50673 39686
50673 51088
50673 50917
50673 212477
51088 200020
51088 20562
51088 56393
51088 60144
51088 39637
51088 49127
51088 49981
51088 24875
51088 39686
51088 56504
51088 212477
20562 6830
20562 24785
20562 39686
20562 49127
57866 6830
57866 39637
57866 39686
57866 49981
6830 24785
6830 35133
6830 49981
6830 8455
6830 24875
6830 39686
6830 49127
6830 212477
35133 50917
8455 39637
56393 56504
56393 60144
56504 210269
