137409 8888
137409 134090
137409 4826
137409 7575
137409 7594
137409 38195
137409 38790
137409 4764
137409 7474
137409 7545
137409 9507
137409 17559
137409 24516
137409 38561
137409 45437
137409 58511
137409 63956
137409 136557
137409 140627
8888 4826
8888 63956
8888 38195
8888 9507
8888 7575
8888 136557
8888 4764
8888 7594
8888 24516
8888 45437
8888 58511
8888 134090
134090 4826
134090 140627
134090 63956
134090 7575
134090 136557
134090 4764
134090 58511
134090 64098
134090 7594
134090 24516
4826 1221
4826 9336
4826 64098
4826 2764
4826 4764
4826 9280
4826 9507
4826 17559
4826 24516
4826 38195
4826 38561
4826 45437
4826 58511
4826 63956
4826 136557
4826 140627
4826 7575
4826 7594
4826 38790
7575 1221
7575 7545
7575 140627
7575 63956
7575 38195
7575 9507
7575 141682
7575 17559
7575 4764
7575 9280
7575 24516
7575 38561
7575 45437
7575 58511
7575 64098
7575 136557
7575 7594
7575 38790
7594 140627
7594 63956
7594 2764
7594 38195
7594 9507
7594 17559
7594 136557
7594 4764
7594 58511
7594 9336
7594 9280
7594 24516
7594 38561
7594 45437
7594 64098
7594 38790
38195 1221
38195 140627
38195 63956
38195 7474
38195 9280
38195 10143
38195 45437
38195 4764
38195 24516
38195 58511
38195 136557
38790 140627
38790 63956
38790 136557
38790 4764
38790 58511
38790 24516
38790 9336
4764 1221
4764 140627
4764 63956
4764 9507
4764 17559
4764 136557
4764 9268
4764 24516
4764 38561
4764 45437
4764 9280
4764 58511
4764 64098
7474 1221
7474 2764
7474 9507
7474 38561
7474 136557
7474 24516
7545 2764
7545 17559
7545 45437
7545 140627
9507 1221
9507 140627
9507 63956
9507 24516
9507 136557
9507 58511
17559 140627
17559 63956
17559 2764
17559 136557
17559 24516
17559 58511
24516 1221
24516 140627
24516 63956
24516 136557
24516 58511
24516 9280
24516 64098
38561 1221
38561 140627
38561 63956
38561 2764
38561 136557
38561 58511
45437 1221
45437 140627
45437 63956
45437 136557
45437 58511
58511 1221
58511 140627
58511 63956
58511 2764
58511 136557
58511 9280
58511 64098
63956 1221
63956 140627
63956 9280
63956 136557
63956 64098
136557 1221
136557 140627
136557 9280
136557 64098
140627 1221
140627 9280
1221 2764
