55518 23855
55518 132132
55518 133210
55518 134148
23855 24482
23855 64049
23855 131219
23855 18106
23855 151326
23855 139057
23855 134148
23855 4628
23855 10122
23855 23856
23855 38001
23855 56308
23855 132132
23855 133210
23855 134078
132132 4657
132132 24482
132132 64049
132132 131219
132132 18106
132132 151326
132132 139057
132132 4628
132132 134078
132132 134148
132132 10122
132132 23856
132132 56308
132132 38001
132132 133210
133210 24482
133210 64049
133210 131219
133210 18106
133210 151326
133210 139057
133210 4628
133210 134078
133210 134148
133210 56308
133210 10122
133210 23856
133210 38001
134148 24482
134148 64049
134148 131219
134148 18106
134148 151326
134148 139057
134148 4628
134148 134078
134148 10122
134148 23856
134148 56308
134148 38001
4657 4628
4657 18106
4657 23856
4657 134078
4657 3758
4657 7473
4657 38001
4657 24482
4657 56308
4657 64049
4657 152144
4628 7473
4628 24482
4628 64049
4628 131219
4628 18106
4628 151326
4628 139057
4628 134078
4628 10122
4628 23856
4628 38001
4628 56308
18106 24482
18106 64049
18106 131219
18106 10122
18106 38001
18106 23856
18106 56308
18106 134078
18106 139057
18106 151326
23856 24482
23856 64049
23856 131219
23856 151326
23856 139057
23856 134078
23856 56308
23856 10122
23856 139883
23856 38001
134078 7473
134078 24482
134078 64049
134078 131219
134078 151326
134078 139057
134078 10122
134078 56308
134078 38001
3758 7473
3758 9255
7473 10122
7473 38001
7473 56308
7473 131219
38001 24482
38001 64049
38001 131219
38001 151326
38001 139057
38001 152144
38001 56308
38001 10122
24482 139057
24482 10122
24482 56308
24482 64049
24482 131219
24482 151326
24482 152144
56308 64049
56308 131219
56308 151326
56308 139057
56308 10122
64049 10122
64049 131219
64049 139057
64049 151326
152144 151326
10122 131219
10122 151326
10122 139057
131219 139057
131219 151326
139057 151326
