3356 42
3356 62
3356 81
3356 101
3356 202
3356 203
3356 293
3356 600
3356 721
3356 917
3356 2152
3356 2711
3356 3549
3356 3561
3356 3737
3356 3910
3356 4213
3356 5650
3356 6079
3356 6128
3356 6181
3356 6922
3356 6939
3356 7015
3356 7016
3356 7342
3356 7459
3356 7725
3356 7795
3356 7843
3356 7922
3356 8103
3356 10250
3356 10310
3356 10753
3356 10796
3356 10835
3356 10886
3356 11019
3356 11096
3356 11320
3356 11403
3356 11404
3356 11492
3356 12025
3356 12083
3356 12129
3356 12189
3356 12213
3356 13329
3356 13335
3356 13367
3356 13415
3356 13649
3356 13760
3356 13767
3356 13786
3356 13807
3356 13876
3356 14041
3356 14265
3356 15085
3356 16509
3356 16851
3356 17054
3356 17378
3356 18186
3356 18450
3356 18530
3356 19108
3356 19151
3356 19551
3356 20115
3356 20214
3356 20473
3356 21859
3356 22056
3356 22284
3356 22427
3356 22909
3356 23005
3356 25645
3356 26042
3356 26134
3356 26554
3356 27552
3356 29802
3356 32098
3356 32621
3356 32787
3356 33154
3356 33287
3356 33302
3356 33489
3356 33490
3356 33491
3356 33651
3356 33652
3356 33657
3356 33659
3356 33660
3356 33662
3356 33667
3356 33668
3356 35847
3356 36086
3356 36149
3356 36236
3356 40349
3356 46450
3356 46887
3356 53264
3356 53427
3356 63199
3356 64200
3356 64289
3356 393398
3356 394437
3356 394935
3356 396356
3356 396955
3356 397423
3356 398704
3356 174
3356 209
3356 286
3356 701
3356 703
3356 2914
3356 3257
3356 702
3356 2686
3356 3491
3356 6453
3356 6461
3356 7018
3356 18747
3356 23520
42 3257
42 2914
42 6939
42 3491
42 6461
42 13786
42 32787
42 1031
42 7922
42 51095
42 11164
42 1820
42 19551
42 13335
42 21859
42 4229
42 20473
42 1828
42 29838
42 18186
42 63199
42 64289
42 286
42 7029
42 53427
42 36236
42 20055
42 2381
42 2152
42 6079
42 917
42 2686
42 399077
42 30081
42 8757
42 10886
42 293
42 971
42 983
42 4181
42 7342
42 10310
42 16552
42 20080
42 20326
42 26415
42 30600
42 46475
42 57695
42 19151
42 46450
62 174
62 3257
62 6939
62 6461
62 29838
62 286
62 971
62 6300
81 174
81 6461
81 7018
81 11537
81 11164
81 11426
101 174
101 6939
101 3491
101 11537
101 11164
101 1828
101 2152
101 2153
101 293
101 4181
101 22335
202 10753
202 11403
203 10753
293 2914
293 6939
293 6453
293 3491
293 13786
293 32787
293 1031
293 11537
293 11404
293 32098
293 1820
293 19551
293 13536
293 32505
293 13335
293 3737
293 6128
293 21859
293 1828
293 29838
293 63199
293 64289
293 20115
293 7843
293 396356
293 36236
293 20055
293 5650
293 2381
293 40676
293 17378
293 398704
293 6079
293 41378
293 27552
293 13760
293 394684
293 399077
293 30081
293 29802
293 4213
293 19009
293 10490
293 2153
293 11796
293 23033
293 16552
293 46450
293 16509
293 7795
293 3754
293 10886
293 7342
293 14041
293 19151
293 20080
293 226
293 237
293 25645
293 4181
293 5009
293 6325
293 10310
293 10578
293 11096
293 11317
293 11492
293 13415
293 14877
293 16713
293 16905
293 18530
293 19754
293 20326
293 22335
293 23404
293 26744
293 47272
293 57695
293 63023
293 400304
600 6939
600 13786
600 7018
600 11164
600 1828
600 16552
600 4181
600 57695
721 27064
721 27066
917 6939
917 6461
917 13786
917 32787
917 1031
917 32098
917 1820
917 19551
917 13335
917 21859
917 4229
917 20473
917 1828
917 18186
917 40850
917 63199
917 64289
917 7029
917 53427
917 396356
917 36236
917 20055
917 30058
917 40676
917 23961
917 57695
917 906
917 983
917 2686
917 4181
917 8757
917 10310
917 16552
917 20080
917 46475
917 47272
917 399077
917 11019
917 16509
917 19151
917 20326
917 26415
917 30081
917 63023
2152 6939
2152 6461
2152 7922
2152 11164
2152 11404
2152 13335
2152 21859
2152 1828
2152 20115
2152 7843
2152 396450
2152 567
2152 7342
2152 10310
2152 14265
2152 2153
2152 14041
2152 16509
2152 19151
2711 174
2711 2914
2711 7029
2711 4181
2711 31877
2711 19151
3549 19551
3549 22284
3549 10753
3549 64200
3561 209
3561 3910
3737 3257
3737 6939
3737 6461
3737 13786
3737 6128
3737 14773
3737 286
3737 1828
3737 4181
3737 16552
3737 19151
3737 46450
3737 57695
3910 209
3910 10250
4213 174
4213 3257
4213 6939
4213 6461
4213 1828
4213 286
4213 20055
4213 7342
4213 4181
5650 174
5650 6939
5650 11164
5650 19108
5650 4181
5650 6079
5650 19151
6079 3257
6079 6939
6079 32787
6079 1031
6079 11164
6079 11404
6079 32098
6079 1820
6079 19551
6079 7459
6079 13335
6079 6128
6079 21859
6079 4229
6079 20473
6079 1828
6079 29838
6079 286
6079 7029
6079 36236
6079 2381
6079 17378
6079 26548
6079 4181
6079 7342
6079 7795
6079 10310
6079 30600
6079 32425
6079 6181
6079 10578
6079 16509
6079 19151
6079 30081
6079 46450
6128 174
6128 6939
6128 3491
6128 7922
6128 54004
6128 2381
6128 4181
6128 7795
6128 19108
6128 21700
6128 46450
6128 396356
6128 19151
6181 174
6181 3257
6181 6939
6181 1828
6181 286
6181 46450
6181 4181
6922 6939
6922 1828
6922 46450
6922 19151
6939 701
6939 57
6939 226
6939 557
6939 983
6939 2381
6939 3755
6939 5056
6939 7106
6939 7782
6939 7843
6939 10242
6939 10835
6939 11096
6939 11232
6939 11320
6939 11492
6939 11758
6939 12025
6939 12083
6939 12129
6939 13329
6939 13415
6939 13576
6939 13807
6939 15108
6939 15164
6939 16713
6939 18450
6939 18530
6939 19009
6939 19233
6939 20115
6939 20278
6939 20326
6939 23520
6939 26042
6939 26548
6939 26554
6939 26794
6939 29802
6939 30036
6939 31877
6939 32217
6939 32425
6939 32505
6939 32621
6939 33302
6939 36236
6939 40948
6939 45250
6939 46475
6939 46849
6939 53264
6939 53587
6939 53667
6939 54004
6939 62904
6939 62943
6939 393238
6939 393442
6939 393444
6939 398447
6939 400587
6939 237
6939 703
6939 924
6939 1031
6939 1820
6939 3491
6939 4229
6939 4922
6939 5009
6939 6325
6939 6421
6939 6453
6939 6461
6939 702
6939 906
6939 971
6939 1828
6939 2686
6939 2687
6939 4181
6939 7029
6939 7342
6939 7795
6939 8757
6939 10310
6939 11403
6939 12189
6939 13760
6939 14877
6939 15305
6939 16552
6939 17378
6939 18186
6939 19108
6939 19551
6939 21700
6939 22645
6939 22773
6939 25645
6939 26744
6939 30058
6939 30517
6939 32097
6939 32098
6939 32787
6939 51095
6939 63473
6939 64289
6939 140224
6939 394684
6939 396356
6939 397423
6939 399077
6939 7018
6939 7459
6939 7922
6939 8047
6939 8796
6939 10490
6939 10578
6939 10796
6939 11019
6939 11164
6939 11272
6939 11317
6939 11404
6939 11776
6939 11796
6939 12186
6939 12213
6939 13335
6939 13359
6939 13536
6939 13767
6939 13786
6939 14041
6939 14265
6939 14773
6939 16509
6939 16851
6939 17054
6939 18747
6939 19151
6939 19754
6939 20055
6939 20080
6939 20473
6939 21859
6939 23033
6939 23314
6939 23404
6939 23470
6939 25899
6939 26415
6939 26801
6939 27552
6939 29838
6939 30081
6939 32270
6939 33154
6939 35847
6939 36086
6939 36149
6939 40676
6939 40731
6939 40850
6939 41378
6939 46450
6939 46562
6939 47272
6939 53427
6939 57695
6939 61138
6939 63018
6939 63023
6939 63199
6939 64200
6939 149513
6939 393398
6939 394177
6939 394437
6939 398704
6939 400304
7015 7922
7016 7922
7016 13335
7342 2914
7342 6453
7342 3491
7342 6461
7342 13786
7342 32787
7342 1031
7342 7922
7342 11164
7342 1820
7342 19551
7342 13335
7342 21859
7342 20473
7342 1828
7342 29838
7342 36236
7342 2381
7342 30081
7342 8757
7342 16552
7342 26134
7342 4181
7342 10310
7342 20326
7342 21700
7342 19151
7342 20080
7342 57695
7459 3257
7459 13335
7459 286
7459 1828
7459 19151
7725 7922
7795 3257
7795 2914
7795 13786
7795 1828
7795 286
7795 7029
7795 2381
7795 16552
7795 4181
7795 19151
7795 57695
7843 3257
7843 701
7843 3491
7843 6461
7843 7018
7843 1031
7843 7922
7843 11164
7843 1828
7843 20115
7843 10796
7843 11351
7843 11426
7843 11427
7843 12271
7843 20001
7843 33363
7843 286
7843 2381
7843 7029
7843 30600
7843 46450
7843 19151
7922 174
7922 3257
7922 701
7922 2914
7922 6453
7922 3491
7922 6461
7922 7018
7922 8047
7922 8103
7922 13367
7922 13649
7922 13767
7922 17054
7922 18450
7922 20214
7922 21508
7922 22258
7922 22909
7922 23352
7922 23470
7922 30036
7922 30081
7922 31877
7922 33287
7922 33489
7922 33490
7922 33650
7922 33651
7922 33652
7922 33657
7922 33659
7922 33660
7922 33662
7922 33666
7922 33667
7922 33668
7922 46450
7922 53264
7922 4229
7922 286
7922 7029
7922 19551
7922 20115
7922 22773
7922 30058
7922 11164
7922 13335
7922 16509
7922 20473
7922 26554
7922 27552
7922 33491
7922 36236
8103 174
8103 20214
10250 7029
10250 11351
10310 3491
10310 6461
10310 13786
10310 32787
10310 1031
10310 11164
10310 1820
10310 19551
10310 13335
10310 21859
10310 4229
10310 20473
10310 1828
10310 29838
10310 18186
10310 63199
10310 36236
10310 2381
10310 399077
10310 30081
10310 8757
10310 16552
10310 46450
10310 19151
10310 983
10310 20080
10310 26415
10310 4181
10310 971
10310 21700
10310 20326
10310 46475
10310 57695
10753 701
10753 6461
10753 46887
10753 33651
10753 15305
10753 33652
10753 18747
10753 22056
10753 26577
10753 394935
10796 17054
10796 40264
10835 174
10835 6461
10835 1828
10835 20055
10835 4181
10886 174
10886 3257
10886 6461
10886 11537
10886 11164
10886 286
11019 174
11019 3257
11019 2914
11019 13786
11019 1031
11019 1828
11019 286
11019 19151
11019 25645
11096 174
11096 13786
11096 1031
11096 11537
11096 11164
11096 1828
11096 2153
11096 19151
11096 4181
11320 174
11320 3257
11320 6461
11320 286
11403 3257
11403 6461
11403 1828
11403 286
11403 18450
11403 46450
11403 62904
11404 3257
11404 11164
11404 971
11404 8047
11404 16713
11404 18530
11404 55002
11404 286
11404 1828
11404 20055
11404 19151
11492 20055
11492 40349
11492 4181
12025 174
12025 6461
12083 3257
12083 1828
12083 286
12083 7029
12083 2381
12083 13876
12083 4181
12083 46450
12083 19151
12129 174
12129 3257
12129 2914
12129 6453
12129 6461
12129 396998
12129 286
12129 2381
12129 4181
12129 30600
12129 46450
12129 19151
12189 174
12189 2914
12189 6453
12189 3491
12189 13786
12189 1828
12189 20055
12189 2381
12189 16552
12189 4181
12189 57695
12213 6461
12213 7018
12213 29802
12213 19151
13329 174
13329 1828
13335 174
13335 3257
13335 701
13335 2914
13335 6453
13335 3491
13335 6461
13335 13786
13335 7018
13335 32787
13335 260
13335 1031
13335 11164
13335 1820
13335 19551
13335 33667
13335 32505
13335 33660
13335 33668
13335 21508
13335 33489
13335 22258
13335 557
13335 33666
13335 13649
13335 18186
13335 20473
13335 30456
13335 36086
13335 397032
13335 397423
13335 399077
13335 983
13335 4229
13335 8757
13335 286
13335 971
13335 1828
13335 2381
13335 4181
13335 8047
13335 16552
13335 20055
13335 20080
13335 20326
13335 21700
13335 21859
13335 23352
13335 26415
13335 29838
13335 30081
13335 30600
13335 33490
13335 36236
13335 40676
13335 46450
13335 46475
13335 57695
13335 63199
13335 64289
13335 19151
13415 6461
13415 13786
13415 1828
13415 16552
13415 4181
13415 57695
13649 3257
13649 286
13649 19271
13760 13786
13760 1031
13760 1828
13760 7029
13760 971
13760 6300
13760 30600
13760 19151
13760 20080
13767 174
13767 2914
13767 6461
13767 1828
13767 64289
13767 6300
13767 971
13767 4181
13767 19151
13786 174
13786 2914
13786 23352
13786 1031
13786 1820
13786 4229
13786 13536
13786 1828
13786 4181
13786 8757
13786 16552
13786 17378
13786 19551
13786 21700
13786 26548
13786 26744
13786 30058
13786 32098
13786 32425
13786 32787
13786 57695
13786 394684
13786 396356
13786 14773
13786 16509
13786 18450
13786 19009
13786 19151
13786 20080
13786 20326
13786 20473
13786 21859
13786 23314
13786 23470
13786 26042
13786 29802
13786 29838
13786 30081
13786 32270
13786 36086
13786 36236
13786 40676
13786 46450
13786 46475
13786 53427
13786 53667
13786 63023
13786 63199
13786 400282
13786 400587
13807 174
13807 1828
13807 19151
13807 4181
13876 3257
13876 2914
13876 286
14041 11537
14041 11164
14041 1828
14041 64289
14041 4181
14265 174
14265 6461
15085 174
15085 27446
15085 4181
15085 20355
16509 174
16509 3257
16509 701
16509 2914
16509 6453
16509 3491
16509 6461
16509 7018
16509 1031
16509 11537
16509 11164
16509 1828
16509 29838
16509 32097
16509 286
16509 7029
16509 36236
16509 20055
16509 23352
16509 2381
16509 16552
16509 46450
16509 12008
16509 14618
16509 971
16509 4181
16509 20080
16509 21700
16509 30600
16509 57695
16509 19151
16851 174
16851 3257
16851 64289
16851 286
16851 4181
17054 701
17054 2914
17054 6461
17054 7018
17054 209
17054 7029
17054 2381
17054 19151
17378 174
17378 3257
17378 6461
17378 11164
17378 1828
17378 46887
17378 286
17378 22773
17378 20055
17378 13576
17378 2381
17378 394935
17378 971
17378 4181
17378 16552
17378 21700
17378 19151
17378 46450
17378 57695
18186 2914
18186 3491
18186 6461
18186 32787
18186 4229
18186 20473
18186 1828
18186 8796
18186 140224
18186 983
18186 16552
18186 46475
18186 63199
18186 399077
18450 174
18450 3257
18450 2914
18450 6453
18450 3491
18450 6461
18450 1828
18450 286
18450 4181
18450 21700
18530 174
18530 6461
18530 21859
18530 1828
18530 209
18530 4181
19108 174
19108 2381
19108 4181
19108 19151
19151 174
19151 2914
19151 32787
19151 1031
19151 11164
19151 32098
19151 13536
19151 21859
19151 4229
19151 20473
19151 1828
19151 40850
19151 63199
19151 20115
19151 400282
19151 7029
19151 53427
19151 36236
19151 30058
19151 23470
19151 2381
19151 149513
19151 46562
19151 27552
19151 15305
19151 394684
19151 399077
19151 26042
19151 30081
19151 53667
19151 29802
19151 26554
19151 394177
19151 10490
19151 11796
19151 16552
19151 46450
19151 33597
19151 32270
19151 11758
19151 226
19151 237
19151 4181
19151 4922
19151 5009
19151 6325
19151 10242
19151 19754
19151 20080
19151 20326
19151 23314
19151 25645
19151 26415
19151 26744
19151 31877
19151 32217
19151 32425
19151 63023
19551 174
19551 3257
19551 2914
19551 3491
19551 32787
19551 1031
19551 51095
19551 11164
19551 32098
19551 1820
19551 286
19551 1828
19551 2381
19551 4181
19551 8757
19551 16552
19551 20326
19551 20473
19551 21859
19551 29838
19551 30081
19551 36236
19551 20055
19551 20080
19551 23352
19551 46450
19551 57695
19551 64289
20115 3257
20115 3491
20115 6461
20115 7018
20115 11164
20115 1828
20115 11427
20115 20001
20115 22677
20115 40264
20115 286
20115 2381
20115 11796
20115 20055
20115 4181
20115 7029
20115 30600
20115 33363
20115 46450
20473 174
20473 3257
20473 2914
20473 3491
20473 6461
20473 32787
20473 1031
20473 11164
20473 32098
20473 1820
20473 21859
20473 4229
20473 20278
20473 47272
20473 983
20473 2381
20473 8757
20473 20055
20473 20326
20473 286
20473 971
20473 1828
20473 4181
20473 16552
20473 20080
20473 21700
20473 25645
20473 29838
20473 30081
20473 46475
20473 63199
20473 399077
20473 36236
20473 46450
21859 174
21859 3257
21859 2914
21859 6453
21859 3491
21859 6461
21859 32787
21859 1031
21859 51095
21859 11164
21859 32098
21859 1820
21859 4229
21859 5068
21859 29752
21859 30081
21859 53587
21859 63199
21859 63473
21859 398704
21859 2381
21859 8757
21859 20326
21859 286
21859 1828
21859 4181
21859 16552
21859 20080
21859 21700
21859 26415
21859 29838
21859 30600
21859 36236
21859 40676
21859 140224
21859 46450
22056 174
22056 7018
22056 6267
22284 209
22284 8047
22427 174
22427 2914
22427 40065
23005 701
23005 7018
23005 7029
25645 174
25645 2914
25645 7018
25645 1828
26042 174
26042 3257
26042 6453
26042 3491
26042 6461
26042 1828
26042 396998
26042 286
26042 397032
26042 4181
26042 21700
26134 2914
26134 6461
26134 32787
26554 174
26554 3257
26554 7018
26554 1828
26554 286
26554 2381
26554 4181
26554 30600
27552 701
27552 13536
27552 54004
27552 1828
27552 36086
27552 46450
29802 174
29802 3257
29802 1031
29802 1828
29802 64289
29802 286
29802 20055
29802 33302
29802 30081
29802 971
29802 4181
29802 16552
29802 20080
29802 21700
29802 46450
32098 174
32098 3257
32098 2914
32098 6453
32098 396356
32098 286
32098 7029
32098 20080
32098 1828
32098 4181
32098 16552
32098 46450
32098 57695
32621 174
32621 1828
32621 4181
32787 174
32787 2914
32787 6453
32787 3491
32787 6461
32787 7018
32787 6325
32787 26577
32787 971
32787 983
32787 1031
32787 1820
32787 1828
32787 2381
32787 4181
32787 4229
32787 8757
32787 11164
32787 16552
32787 20080
32787 20326
32787 29838
32787 30081
32787 21700
32787 36236
32787 46475
32787 63199
32787 399077
32787 46450
32787 57695
32787 394684
33154 174
33154 3257
33154 286
33302 174
33302 1828
33302 4181
35847 174
35847 1828
35847 29838
35847 6300
35847 971
36086 174
36086 6461
36086 1828
36086 971
36086 4181
36086 21700
36149 174
36149 701
36149 1828
36236 174
36236 3257
36236 2914
36236 3491
36236 1031
36236 11164
36236 1820
36236 1828
36236 29838
36236 32097
36236 64289
36236 286
36236 41378
36236 8757
36236 20326
36236 26415
36236 2381
36236 4181
36236 16552
36236 20055
36236 20080
36236 21700
36236 40676
36236 46450
36236 57695
46450 174
46450 3257
46450 701
46450 2914
46450 13536
46450 4229
46450 1828
46450 29838
46450 286
46450 7029
46450 396356
46450 23470
46450 15305
46450 30081
46450 4181
46450 4922
46450 14773
46450 21700
46450 26548
46450 26744
46450 32217
46450 32425
46450 57695
46450 63023
46887 6461
46887 33132
46887 36352
53264 174
53264 3257
53264 286
53264 2381
53264 20278
53427 174
53427 3257
53427 6453
53427 1828
53427 286
53427 20080
63199 174
63199 3257
63199 2914
63199 6453
63199 3491
63199 6461
63199 1031
63199 4229
63199 1828
63199 983
63199 46475
63199 286
63199 16552
63199 20080
63199 399077
64200 174
64200 1828
64200 209
64200 20001
64200 4181
64289 174
64289 6453
64289 6461
64289 1031
64289 1828
64289 32097
64289 46427
64289 57
64289 4181
64289 5056
64289 11232
64289 11317
64289 11796
64289 12042
64289 13576
64289 15108
64289 16904
64289 19754
64289 26794
64289 47272
64289 63023
64289 2381
64289 20055
64289 16552
393398 174
393398 1828
393398 40676
393398 12179
393398 23033
393398 971
394437 174
394437 2914
394437 20278
396356 174
396356 3257
396356 6453
396356 6461
396356 1828
396356 286
396356 7029
396356 6421
396356 4181
396356 16552
396356 21700
396955 11537
396955 11164
397423 174
397423 6461
397423 1828
397423 29838
397423 7029
397423 40676
397423 971
397423 30456
398704 174
398704 2914
398704 1828
398704 45250
398704 5068
398704 16552
174 237
174 557
174 971
174 983
174 1031
174 3755
174 5009
174 5056
174 6300
174 6325
174 7106
174 10242
174 10490
174 10578
174 11272
174 11758
174 11776
174 12042
174 12186
174 13536
174 13576
174 13977
174 15108
174 15164
174 15305
174 16713
174 16904
174 18747
174 19009
174 19233
174 20055
174 20278
174 20326
174 21700
174 22645
174 22911
174 23033
174 23352
174 23520
174 25956
174 26744
174 26801
174 27446
174 29752
174 29838
174 30029
174 30058
174 30081
174 30517
174 30600
174 32097
174 32217
174 32270
174 32505
174 36352
174 40676
174 40731
174 40948
174 41378
174 45250
174 46475
174 46562
174 46849
174 53587
174 53667
174 62553
174 62904
174 63018
174 63023
174 63473
174 140224
174 393238
174 393442
174 394177
174 394684
174 397032
174 398947
174 399077
174 209
174 286
174 701
174 702
174 2914
174 3257
174 3491
174 6453
174 6461
174 7018
174 703
174 2686
174 32425
174 46427
209 3257
209 701
209 2914
209 6453
209 3491
209 6461
209 7018
209 286
209 15305
286 3257
286 701
286 2914
286 6453
286 3491
286 6461
286 7018
286 260
286 1820
286 702
286 32097
286 400282
286 396998
286 57
286 906
286 2686
286 2687
286 4181
286 6267
286 16552
286 16904
286 19905
286 20355
286 21700
286 22645
286 22773
286 26744
286 29752
286 30029
286 30036
286 30058
286 32425
286 394684
286 2381
286 5009
286 6325
286 10490
286 11232
286 11796
286 20055
286 20278
286 22911
286 23314
286 23352
286 23470
286 26577
286 30081
286 30371
286 30456
286 32217
286 36352
286 40065
286 40676
286 46475
286 46562
286 63023
286 394177
286 400304
701 3257
701 702
701 703
701 1321
701 1339
701 23352
701 32270
701 2914
701 3491
701 6453
701 6461
701 7018
701 20001
703 2914
703 6453
703 3491
703 702
703 1321
2914 3257
2914 226
2914 1828
2914 4229
2914 4922
2914 8047
2914 8757
2914 8796
2914 10242
2914 11232
2914 11272
2914 11776
2914 12008
2914 13576
2914 16552
2914 19271
2914 19905
2914 20080
2914 20326
2914 23352
2914 23404
2914 23470
2914 25899
2914 29838
2914 30058
2914 30456
2914 30517
2914 30600
2914 32217
2914 40676
2914 40948
2914 46475
2914 53587
2914 140224
2914 399077
2914 237
2914 702
2914 2686
2914 3491
2914 6453
2914 6461
2914 7018
3257 57
3257 260
3257 906
3257 983
3257 1820
3257 2381
3257 4181
3257 4229
3257 5009
3257 6267
3257 6325
3257 10490
3257 11232
3257 11796
3257 16552
3257 16904
3257 19905
3257 20055
3257 20278
3257 20355
3257 21700
3257 22645
3257 22773
3257 22911
3257 23314
3257 23352
3257 23470
3257 26577
3257 26744
3257 29752
3257 30029
3257 30036
3257 30058
3257 30081
3257 30371
3257 30456
3257 32097
3257 32217
3257 32425
3257 36352
3257 40065
3257 40676
3257 46475
3257 46562
3257 63023
3257 394177
3257 394684
3257 396998
3257 400282
3257 400304
3257 702
3257 2686
3257 2687
3257 3491
3257 6453
3257 6461
3257 7018
702 6453
702 3491
702 6461
702 1321
2686 6453
2686 3491
2686 6461
2686 7018
2686 1031
2686 1828
2686 2687
2686 16552
3491 6453
3491 983
3491 2687
3491 4229
3491 16552
3491 23352
3491 23520
3491 30081
3491 46475
3491 149513
3491 399077
3491 1828
3491 4181
3491 6461
3491 7018
3491 11164
6453 1031
6453 6421
6453 7029
6453 11427
6453 12271
6453 16552
6453 18747
6453 19905
6453 20001
6453 23352
6453 23470
6453 30058
6453 30081
6453 400282
6453 2687
6453 6461
6453 7018
6461 1828
6461 6300
6461 7029
6461 7385
6461 7782
6461 11232
6461 11272
6461 11758
6461 12042
6461 13576
6461 13977
6461 14773
6461 15164
6461 15290
6461 19905
6461 20055
6461 22911
6461 26801
6461 30029
6461 30036
6461 32217
6461 32425
6461 40948
6461 54004
6461 63023
6461 393444
6461 400587
6461 983
6461 4229
6461 1031
6461 1820
6461 7018
6461 16552
6461 22773
6461 46475
6461 399077
6461 11164
7018 237
7018 2687
7018 6325
7018 26577
23520 54082
237 11537
237 11164
237 30600
237 4181
557 11537
557 11164
557 13536
557 1828
971 29838
971 15164
971 394177
971 20278
971 6300
971 13359
971 22645
971 4181
971 26548
971 20326
971 40731
983 4229
983 1828
983 399077
983 46475
1031 40850
1031 1828
1031 4181
1031 8757
1031 11776
1031 16552
1031 21700
1031 26548
1031 26744
1031 30058
1031 57695
1031 63473
1031 394684
1031 400282
1031 1820
1031 4229
1031 20080
1031 20326
1031 23314
1031 23470
1031 29838
1031 30081
1031 32270
1031 53667
1031 63023
1031 396998
1031 400587
3755 3630
5009 1828
5009 20355
5009 4181
5056 4181
6300 29838
6300 22645
6325 1828
6325 2381
6325 22335
10242 1828
10242 20055
10242 2381
10242 4181
10490 11537
10490 11164
10490 1828
10490 4181
10490 22335
10578 11537
10578 11164
11272 2381
11758 1828
11758 4181
11758 23404
12042 13576
12042 57
12042 4181
12186 32097
12186 61138
13536 14877
13536 1828
13536 21700
13576 1828
13576 4181
15108 1828
15108 4181
15305 1828
15305 4181
16713 20055
16713 4181
16904 4181
19009 1828
19009 30517
19009 4181
19009 16552
19009 57695
20055 1828
20055 8047
20055 29838
20055 964
20055 4181
20055 16552
20055 23033
20055 30081
20055 47272
20055 20326
20055 25899
20055 63023
20055 400304
20278 1828
20278 396998
20278 2381
20278 36352
20278 27176
20326 1820
20326 1828
20326 29838
20326 30081
20326 8757
20326 16552
20326 4181
20326 21700
21700 1820
21700 400587
21700 29838
21700 23470
21700 53667
21700 16552
21700 14773
21700 26548
21700 46475
21700 63023
22645 11164
22645 29838
22645 13359
22911 30517
23033 36352
23033 14744
23033 62904
23033 4181
23352 30081
23352 36352
26744 1828
26744 53667
26744 16552
26744 20080
26744 4181
26744 31877
26744 57695
26801 7029
26801 14773
27446 32505
29752 4229
29838 1820
29838 1828
29838 807
29838 2381
29838 8757
29838 4181
29838 16552
29838 26548
29838 30081
29838 57695
29838 33597
30058 1828
30058 23470
30058 63473
30058 2381
30058 4181
30058 20080
30058 16552
30058 57695
30081 51095
30081 1820
30081 1828
30081 7029
30081 2381
30081 8757
30081 4181
30081 16552
30081 20080
30081 30600
30081 57695
30517 2381
30517 4181
30600 7029
30600 2381
30600 57
32097 33387
32097 57695
32217 1828
32270 1828
32270 20080
32505 1828
36352 46562
36352 27176
40676 1828
40676 2381
40676 26415
40676 4181
40676 16552
40948 1828
41378 1828
41378 4181
41378 16552
45250 1828
45250 16552
46475 4229
46475 1828
46475 396998
46475 399077
46562 4181
53667 1828
53667 396998
53667 964
53667 20080
62553 394177
63018 1828
63018 12179
63018 14744
63018 19024
63018 63473
63023 1828
63023 2381
63023 16552
63023 20080
63023 4181
63023 57695
63473 906
393238 4181
393442 62943
394177 1828
394177 4181
394684 1828
394684 20080
399077 4229
399077 1828
399077 16552
32425 1828
32425 16552
32425 4181
32425 57695
57 11537
57 11164
57 2381
57 4181
57 11317
260 16552
260 19905
906 1828
1820 1828
1820 8757
1820 16552
2381 11537
2381 11164
2381 1828
2381 26415
2381 4181
2381 11232
2381 16552
2381 19754
2381 23404
2381 11796
4181 11164
4181 4229
4181 1828
4181 8047
4181 8796
4181 7029
4181 23470
4181 25899
4181 11796
4181 16552
4181 40065
4181 11232
4181 47272
4181 19754
4181 26415
4181 226
4181 7782
4181 11317
4181 23404
4181 26548
4181 26794
4181 31877
4181 57695
4181 400304
4229 1828
4229 16552
4229 20080
4229 57695
11232 11164
11232 1828
16552 1828
16552 8757
16552 30371
16552 12008
16552 2687
16552 20080
16552 26415
16552 57695
22773 11164
23314 1828
23314 20080
23470 1828
23470 396998
23470 20080
30036 54004
40065 1828
400282 1828
400282 20080
400304 1828
2687 1828
1321 1339
226 567
1828 11164
1828 12179
1828 12182
1828 13789
1828 14744
1828 19024
1828 400587
1828 924
1828 7029
1828 8047
1828 8757
1828 8796
1828 13359
1828 14773
1828 19754
1828 20080
1828 23404
1828 26415
1828 31877
1828 40850
1828 47272
1828 57695
1828 61138
1828 149513
4922 57695
8047 11164
8047 7782
20080 11537
20080 40850
20080 19754
398447 924
400587 47272
924 61138
7029 57695
14877 11537
14877 11164
11164 11317
11164 22335
11164 57695
11317 11537
47272 61138
57695 23961
11537 2153
11537 3754
11537 16905
11537 22335
2153 567
55002 14744
27064 27066
