3320 553
3320 680
3320 5405
3320 8767
3320 9063
3320 9136
3320 9145
3320 12337
3320 12586
3320 12843
3320 13101
3320 13237
3320 16097
3320 21385
3320 21413
3320 21473
3320 24940
3320 24961
3320 25394
3320 33891
3320 34309
3320 34549
3320 50629
3320 3209
3320 51531
3320 58212
553 5405
553 33891
553 680
553 212522
553 8422
553 8767
553 9063
553 9145
553 12337
553 12843
553 20546
553 21385
553 24961
553 196610
553 197071
553 3209
553 3214
553 8881
553 9136
553 13101
553 13237
553 16097
553 21413
553 21473
553 24940
553 25394
553 34309
553 34549
553 44486
553 48173
553 48927
553 50629
553 51531
553 58212
553 205103
680 5405
680 33891
680 3209
680 3214
680 8422
680 8767
680 8881
680 9063
680 9136
680 9145
680 12337
680 12843
680 13101
680 13237
680 16097
680 20546
680 21385
680 21473
680 24940
680 24961
680 25394
680 34309
680 34549
680 48927
680 51531
680 58212
680 48173
680 50629
5405 12337
5405 13101
5405 13237
5405 16097
5405 21473
5405 30823
5405 49581
5405 58212
5405 212895
5405 3209
5405 3214
5405 8422
5405 9145
5405 12843
5405 20546
5405 212522
5405 8767
5405 8881
5405 9063
5405 9136
5405 21385
5405 21413
5405 24940
5405 24961
5405 25394
5405 33891
5405 34549
5405 48173
5405 48927
5405 50629
5405 51531
5405 196610
5405 197071
5405 205103
8767 33891
8767 50629
8767 24961
8767 3214
8767 34549
8767 13237
9063 33891
9063 24961
9063 3214
9063 34549
9063 13237
9136 33891
9136 50629
9136 24961
9136 3214
9136 34549
9136 13237
9145 33891
9145 50629
9145 24961
9145 3214
9145 34549
9145 13237
9145 24940
9145 8422
12337 33891
12337 24961
12337 3214
12337 34549
12337 13237
12337 20546
12586 31025
12586 197071
12843 33891
12843 24961
12843 3214
12843 34549
12843 13237
13101 33891
13101 50629
13101 24961
13101 3214
13101 34549
13101 13237
13101 51531
13237 33891
13237 50629
13237 24961
13237 3214
13237 34549
13237 205103
13237 3209
13237 8422
13237 8881
13237 16097
13237 20546
13237 21385
13237 24940
13237 51531
13237 196610
13237 197071
13237 21413
13237 21473
13237 25394
13237 34309
13237 44486
13237 48173
13237 48927
13237 58212
16097 33891
16097 24961
16097 3214
16097 34549
21385 33891
21385 50629
21385 24961
21385 3214
21385 34549
21413 33891
21413 24961
21413 3214
21413 34549
21473 33891
21473 50629
21473 24961
21473 3214
21473 34549
21473 34309
24940 33891
24940 50629
24940 24961
24940 3214
24940 34549
24940 8422
24940 31025
24961 33891
24961 50629
24961 3209
24961 3214
24961 8881
24961 8422
24961 20546
24961 30823
24961 197071
24961 212895
24961 25394
24961 34309
24961 34549
24961 48173
24961 48927
24961 51531
24961 58212
24961 196610
24961 205103
25394 33891
25394 50629
25394 34549
33891 20546
33891 51531
33891 3209
33891 3214
33891 8881
33891 34309
33891 48173
33891 48927
33891 50629
33891 58212
33891 197071
34309 34549
34549 50629
34549 3214
34549 3209
34549 8422
34549 8881
34549 20546
34549 51531
34549 196610
34549 197071
34549 48173
34549 48927
34549 58212
34549 205103
50629 3214
50629 3209
50629 8422
50629 8881
50629 30823
50629 44486
50629 48173
50629 48927
50629 58212
50629 197071
50629 212895
3209 3214
3209 8881
51531 3214
51531 196610
58212 3214
30823 197071
212895 48927
3214 8422
3214 8881
3214 20546
3214 48927
3214 196610
3214 197071
3214 48173
3214 205103
48927 196610
