10429 10733
10429 11432
10429 22356
10429 22381
10429 23106
10429 28146
10429 28198
10429 28201
10429 28283
10429 28598
10429 28649
10429 28663
10429 52573
10429 52941
10429 53087
10429 61568
10429 61599
10429 61621
10429 61622
10429 61678
10429 262354
10429 262907
10429 263444
10429 263629
10429 263903
10429 264275
10429 264470
10429 264984
10429 266167
10429 267613
10429 269096
10429 271253
10429 1916
10429 4230
10429 7738
10429 8167
10429 16735
10429 22548
10429 26615
10429 262287
10429 262761
10733 271253
10733 268126
10733 22548
10733 52873
10733 60503
10733 61568
10733 264479
10733 28624
10733 52925
10733 263152
11432 264409
11432 271253
11432 263152
11432 22381
11432 61568
11432 52863
11432 263650
11432 266962
11432 268314
11432 22548
11432 28220
11432 28624
11432 52873
11432 60503
11432 262355
11432 264479
22356 14282
22356 26615
22356 28649
22356 28663
22356 61599
22356 61622
22356 262287
22356 262589
22356 262999
22356 263047
22356 263444
22356 267056
22356 268624
22356 271201
22356 4230
22356 7738
22356 8167
22356 16735
22356 52873
22356 53065
22356 263400
22356 264479
22356 270735
22356 271253
22356 22548
22356 28573
22356 28624
22356 52925
22356 53062
22356 60503
22356 61568
22356 262355
22356 263152
22356 264409
22356 268696
22356 268862
22356 272713
22381 271253
22381 262589
22381 272713
22381 263152
22381 52925
22381 263444
22381 27693
22381 28210
22381 28329
22381 28343
22381 28359
22381 28598
22381 52551
22381 52863
22381 53062
22381 263432
22381 263966
22381 267470
22381 269444
22381 270417
22381 270814
22381 273478
22381 22548
22381 28220
22381 28294
22381 28624
22381 28649
22381 52873
22381 60503
22381 264479
22381 264598
23106 264409
23106 16735
23106 7738
23106 4230
23106 271253
23106 28258
23106 272713
23106 263152
23106 52925
23106 61568
23106 52873
23106 28158
23106 22548
23106 28624
23106 60503
23106 61828
23106 264479
28146 264409
28146 8167
28146 271253
28146 28359
28146 53169
28146 53238
28146 268314
28146 22548
28146 52873
28146 264479
28146 28624
28146 60503
28146 61568
28146 262355
28146 263152
28198 16735
28198 271253
28198 263152
28198 53062
28198 61568
28198 52873
28198 60503
28198 268568
28198 22548
28198 264479
28198 28624
28201 271253
28201 268314
28201 22548
28201 52873
28201 264479
28201 28624
28201 60503
28201 61568
28201 262355
28201 263152
28283 264409
28283 4230
28283 8167
28283 271253
28283 52863
28283 53169
28283 61609
28283 61616
28283 266181
28283 274673
28283 26615
28283 22548
28283 52873
28283 60503
28283 264479
28283 264997
28283 272713
28283 28624
28283 61568
28283 263152
28598 264409
28598 16735
28598 271253
28598 262589
28598 263152
28598 61832
28598 61568
28598 28368
28598 262354
28598 53237
28598 262773
28598 264949
28598 265147
28598 265290
28598 268314
28598 268655
28598 269595
28598 22548
28598 52873
28598 60503
28598 264479
28598 28624
28598 262355
28649 271253
28649 262589
28649 263152
28649 52925
28649 61568
28649 52873
28649 60503
28649 262761
28649 264479
28649 52551
28649 22548
28649 28624
28663 264409
28663 16735
28663 4230
28663 271253
28663 263152
28663 26615
28663 52925
28663 263444
28663 22548
28663 28624
28663 52873
28663 53062
28663 60503
28663 61568
28663 264479
52573 16735
52573 8167
52573 271253
52573 263152
52573 61568
52573 52873
52573 60503
52573 52742
52573 263269
52573 263558
52573 22548
52573 28220
52573 28624
52573 264479
52941 271253
52941 263009
52941 263152
52941 61568
52941 52873
52941 60503
52941 264479
52941 28624
52941 22548
53087 16735
53087 7738
53087 271253
53087 263152
53087 61568
53087 53019
53087 262773
53087 263880
53087 265135
53087 265147
53087 265290
53087 268314
53087 268865
53087 28624
53087 22548
53087 52873
53087 60503
53087 264479
61568 264409
61568 16735
61568 271253
61568 14840
61568 263009
61568 267613
61568 28258
61568 268696
61568 21574
61568 266167
61568 28126
61568 266201
61568 28573
61568 262589
61568 272713
61568 28189
61568 266931
61568 61609
61568 268126
61568 263152
61568 269663
61568 26615
61568 52925
61568 263444
61568 53062
61568 61832
61568 53013
61568 28220
61568 28624
61568 53014
61568 53019
61568 61592
61568 262532
61568 262740
61568 262773
61568 263276
61568 263880
61568 264288
61568 264293
61568 264589
61568 264996
61568 265080
61568 265135
61568 265147
61568 265377
61568 266136
61568 266302
61568 266516
61568 267669
61568 268267
61568 268314
61568 269595
61568 270596
61568 272792
61568 25933
61568 28202
61568 28329
61568 52772
61568 1916
61568 14282
61568 14868
61568 17222
61568 22548
61568 27693
61568 28158
61568 28173
61568 28186
61568 28260
61568 28343
61568 28359
61568 28368
61568 28610
61568 28666
61568 52554
61568 52613
61568 52630
61568 52720
61568 52742
61568 52840
61568 52863
61568 52871
61568 52872
61568 52873
61568 52965
61568 52974
61568 53005
61568 53065
61568 53102
61568 53115
61568 53158
61568 53169
61568 53180
61568 53181
61568 53184
61568 53237
61568 53238
61568 60503
61568 61621
61568 61622
61568 61624
61568 61678
61568 61745
61568 61817
61568 61884
61568 61923
61568 262287
61568 262342
61568 262352
61568 262355
61568 262462
61568 262468
61568 262476
61568 262503
61568 262517
61568 262725
61568 262821
61568 262847
61568 262907
61568 263047
61568 263097
61568 263151
61568 263269
61568 263327
61568 263432
61568 263482
61568 263616
61568 263625
61568 263877
61568 263903
61568 263945
61568 263966
61568 264127
61568 264144
61568 264170
61568 264294
61568 264329
61568 264479
61568 264525
61568 264562
61568 264598
61568 264984
61568 264991
61568 264997
61568 265038
61568 265061
61568 265269
61568 265290
61568 265336
61568 265393
61568 265436
61568 265482
61568 266080
61568 266409
61568 266445
61568 266520
61568 266583
61568 266962
61568 267469
61568 268106
61568 268568
61568 268624
61568 268689
61568 268862
61568 269096
61568 269194
61568 269416
61568 269444
61568 269558
61568 270417
61568 270724
61568 270735
61568 270814
61568 271042
61568 271201
61568 273431
61568 273478
61568 273669
61568 273683
61568 274464
61568 61599
61568 262354
61568 262645
61568 262761
61568 262901
61568 262999
61568 263998
61568 266181
61568 267056
61599 16735
61599 271253
61599 263152
61599 52873
61599 60503
61599 28145
61599 53115
61599 263616
61599 267056
61599 22548
61599 28624
61599 264479
61621 16735
61621 271253
61621 263152
61621 26615
61621 52873
61621 60503
61621 262342
61621 262352
61621 22548
61621 28624
61621 262476
61621 264479
61622 271253
61622 14840
61622 263152
61622 53062
61622 52873
61622 60503
61622 264479
61622 28624
61622 22548
61678 4230
61678 8167
61678 271253
61678 263152
61678 52873
61678 60503
61678 264479
61678 28624
61678 22548
262354 4230
262354 271253
262354 263152
262354 61832
262354 28368
262354 28294
262354 22548
262354 28359
262354 28624
262354 52873
262354 60503
262354 262847
262354 264479
262907 264409
262907 8167
262907 271253
262907 263152
262907 53062
262907 52900
262907 61616
262907 262526
262907 22548
262907 28220
262907 28624
262907 262355
262907 52873
262907 60503
262907 262989
262907 264479
262907 273683
263444 4230
263444 271253
263444 272713
263444 263152
263444 28158
263444 28191
263444 53005
263444 262761
263444 263151
263444 264127
263444 22548
263444 28624
263444 262355
263444 52873
263444 53062
263444 60503
263444 262287
263444 264479
263444 269096
263629 4230
263629 53062
263629 273683
263629 262550
263629 263097
263903 264409
263903 271253
263903 263152
263903 26615
263903 52873
263903 60503
263903 263151
263903 264120
263903 268314
263903 22548
263903 28624
263903 262355
263903 264479
264275 8167
264275 61884
264470 7738
264470 4230
264470 26615
264470 61884
264470 266583
264470 264320
264984 7738
264984 4230
264984 271253
264984 263152
264984 26615
264984 52873
264984 60503
264984 264479
264984 267451
264984 28624
264984 22548
266167 264409
266167 271253
266167 28258
266167 22548
266167 28624
266167 60503
266167 263152
266167 52873
266167 264479
267613 16735
267613 7738
267613 8167
267613 271253
267613 28191
267613 28258
267613 52560
267613 53019
267613 262462
267613 262517
267613 262645
267613 263022
267613 263250
267613 263269
267613 263432
267613 264120
267613 264598
267613 265407
267613 266080
267613 268106
267613 271201
267613 272713
267613 22548
267613 28624
267613 60503
267613 262355
267613 262773
267613 263152
267613 265023
267613 267056
267613 52873
267613 264479
269096 271253
269096 263152
269096 53013
269096 52873
269096 60503
269096 22548
269096 28624
269096 264479
271253 264409
271253 16735
271253 4230
271253 21574
271253 28173
271253 53102
271253 61884
271253 262282
271253 262761
271253 262999
271253 263400
271253 263482
271253 263945
271253 263998
271253 264144
271253 265144
271253 266143
271253 266445
271253 267318
271253 268696
271253 269311
271253 270735
271253 271201
271253 272193
271253 272713
271253 14282
271253 14840
271253 14868
271253 17222
271253 22548
271253 25933
271253 27693
271253 28126
271253 28145
271253 28158
271253 28186
271253 28189
271253 28191
271253 28202
271253 28210
271253 28220
271253 28258
271253 28260
271253 28329
271253 28343
271253 28359
271253 28368
271253 28573
271253 28610
271253 28624
271253 28666
271253 52554
271253 52587
271253 52613
271253 52630
271253 52720
271253 52742
271253 52772
271253 52871
271253 52872
271253 52925
271253 52928
271253 52965
271253 52974
271253 52999
271253 53005
271253 53013
271253 53019
271253 53062
271253 53065
271253 53115
271253 53158
271253 53169
271253 53181
271253 53184
271253 53237
271253 60503
271253 61582
271253 61609
271253 61616
271253 61624
271253 61745
271253 61758
271253 61817
271253 61832
271253 262287
271253 262342
271253 262352
271253 262355
271253 262462
271253 262468
271253 262476
271253 262503
271253 262532
271253 262589
271253 262645
271253 262725
271253 262740
271253 262773
271253 262821
271253 262847
271253 262901
271253 262989
271253 263009
271253 263047
271253 263073
271253 263151
271253 263152
271253 263269
271253 263276
271253 263327
271253 263432
271253 263558
271253 263616
271253 263877
271253 263880
271253 263928
271253 263966
271253 264120
271253 264127
271253 264170
271253 264288
271253 264293
271253 264329
271253 264479
271253 264525
271253 264562
271253 264598
271253 264949
271253 264991
271253 264997
271253 264998
271253 265038
271253 265061
271253 265080
271253 265130
271253 265135
271253 265147
271253 265269
271253 265290
271253 265336
271253 265377
271253 265393
271253 265436
271253 265442
271253 265482
271253 266080
271253 266136
271253 266181
271253 266409
271253 266520
271253 266525
271253 266583
271253 266931
271253 266962
271253 267056
271253 267469
271253 268106
271253 268126
271253 268267
271253 268568
271253 268624
271253 268689
271253 268862
271253 268925
271253 268944
271253 268976
271253 269194
271253 269558
271253 269595
271253 269663
271253 270417
271253 270548
271253 270724
271253 271042
271253 1916
271253 52840
271253 52863
271253 52873
271253 53238
271253 61592
271253 61923
271253 262517
271253 263625
271253 266201
271253 267470
271253 269416
271253 270814
271253 273669
271253 273478
271253 273683
271253 274464
271253 274685
1916 263152
1916 26615
1916 52873
1916 60503
1916 52840
1916 22548
1916 28624
1916 264479
4230 16735
4230 7738
4230 17222
4230 28573
4230 28624
4230 52925
4230 53181
4230 61745
4230 61817
4230 61884
4230 262352
4230 263097
4230 263934
4230 264170
4230 264221
4230 264899
4230 265144
4230 266396
4230 266445
4230 266520
4230 266583
4230 270867
4230 270966
4230 8167
4230 22548
4230 262287
4230 262462
4230 268624
4230 272713
4230 26615
7738 16735
7738 8167
7738 28173
7738 28186
7738 262901
7738 262999
7738 263047
7738 263934
7738 266445
7738 266520
7738 268314
7738 268976
7738 22548
7738 272713
7738 26615
8167 16735
8167 14868
8167 61745
8167 61884
8167 262352
8167 262526
8167 263097
8167 263400
8167 264879
8167 267469
8167 22548
8167 26615
16735 14282
16735 21574
16735 22548
16735 25933
16735 28178
16735 28260
16735 28573
16735 28610
16735 52783
16735 52863
16735 52925
16735 52928
16735 53062
16735 53065
16735 53181
16735 53238
16735 60503
16735 61616
16735 262476
16735 262517
16735 262761
16735 262989
16735 263097
16735 263276
16735 263558
16735 264329
16735 264949
16735 265144
16735 265482
16735 266525
16735 266931
16735 267056
16735 268689
16735 268862
16735 268976
16735 270548
16735 270735
16735 52873
16735 53013
16735 61817
16735 262287
16735 262589
16735 264479
16735 272713
16735 273478
16735 26615
16735 28329
16735 28624
16735 262740
16735 263152
16735 265377
22548 264409
22548 263009
22548 28258
22548 268696
22548 21574
22548 28126
22548 266201
22548 268976
22548 28573
22548 262589
22548 272713
22548 28189
22548 266931
22548 61609
22548 268126
22548 263152
22548 269663
22548 26615
22548 52925
22548 53062
22548 61832
22548 28368
22548 269194
22548 52863
22548 28329
22548 270735
22548 52965
22548 53181
22548 28260
22548 262287
22548 52873
22548 268624
22548 60503
22548 273683
22548 263276
22548 262355
22548 264997
22548 266409
22548 270814
22548 61592
22548 52554
22548 53169
22548 53238
22548 262352
22548 264329
22548 263625
22548 270417
22548 264170
22548 262989
22548 263073
22548 265436
22548 265269
22548 266962
22548 263877
22548 28610
22548 269444
22548 273478
22548 28343
22548 262468
22548 265038
22548 28220
22548 52872
22548 266181
22548 53115
22548 262740
22548 262761
22548 28186
22548 262462
22548 262503
22548 262494
22548 61884
22548 263432
22548 263616
22548 266583
22548 267469
22548 52613
22548 262476
22548 264562
22548 53065
22548 263966
22548 262999
22548 267470
22548 263327
22548 263880
22548 28202
22548 52871
22548 262847
22548 52720
22548 264479
22548 265393
22548 52587
22548 269595
22548 53180
22548 28158
22548 262901
22548 14868
22548 269416
22548 271042
22548 14282
22548 28624
22548 265290
22548 263482
22548 28191
22548 53158
22548 271201
22548 52840
22548 273669
22548 28173
22548 265080
22548 262773
22548 268862
22548 264598
22548 267056
22548 61745
22548 266520
22548 53005
22548 53019
22548 263558
22548 264525
22548 264144
22548 265147
22548 274685
22548 28359
22548 28666
22548 52630
22548 52742
22548 52974
22548 53184
22548 53237
22548 61624
22548 61923
22548 262532
22548 262725
22548 262821
22548 263047
22548 263928
22548 264120
22548 264127
22548 265061
22548 265135
22548 265336
22548 265482
22548 268106
22548 268568
22548 268944
22548 270724
22548 274464
22548 25933
22548 27693
22548 52772
22548 52928
22548 52999
22548 53102
22548 61616
22548 61817
22548 262342
22548 262645
22548 263151
22548 263269
22548 263998
22548 264293
22548 264294
22548 264949
22548 264991
22548 264998
22548 265442
22548 266080
22548 266136
22548 266525
22548 268267
22548 268689
22548 268925
22548 269558
22548 270548
26615 272713
26615 263152
26615 266599
26615 28260
26615 52925
26615 52965
26615 53062
26615 53065
26615 61623
26615 61832
26615 262342
26615 262424
26615 262503
26615 263934
26615 264120
26615 264221
26615 264320
26615 264562
26615 264899
26615 266445
26615 266583
26615 270724
26615 28329
26615 53013
26615 53115
26615 53181
26615 262494
26615 262725
26615 264996
262287 263152
262287 28666
262287 265393
262287 28173
262287 28624
262287 53019
262287 53180
262287 60503
262287 52873
262287 264479
262287 262355
262761 263152
262761 52925
262761 52873
262761 60503
262761 262282
262761 268314
262761 28624
262761 264479
14282 263152
14282 52873
14282 60503
14282 262355
14282 264479
14282 262645
14282 28624
262589 264409
262589 17222
262589 25933
262589 28210
262589 28294
262589 28329
262589 53062
262589 263966
262589 264598
262589 265442
262589 266445
262589 268126
262589 270417
262589 28220
262589 28343
262589 28624
262589 52873
262589 60503
262589 264479
262589 270814
262589 263152
262999 272713
262999 263152
262999 52925
262999 52873
262999 60503
262999 52872
262999 28624
262999 264479
263047 263152
263047 52873
263047 60503
263047 262355
263047 267470
263047 264479
263047 28624
263047 270551
267056 263152
267056 52873
267056 60503
267056 264479
267056 28624
267056 263080
268624 272713
268624 263152
268624 52925
268624 52873
268624 28610
268624 53102
268624 263877
268624 270724
268624 28624
268624 60503
268624 264479
271201 263152
271201 270735
271201 28260
271201 60503
271201 264479
271201 28624
271201 268011
52873 264409
52873 14840
52873 263009
52873 28258
52873 268696
52873 21574
52873 28126
52873 266201
52873 268976
52873 272713
52873 28189
52873 266931
52873 61609
52873 268126
52873 263152
52873 269663
52873 52925
52873 53062
52873 61832
52873 28368
52873 269194
52873 52863
52873 28329
52873 270735
52873 52965
52873 53181
52873 28260
52873 52554
52873 52974
52873 61758
52873 14868
52873 17222
52873 25933
52873 27693
52873 28158
52873 28173
52873 28186
52873 28202
52873 28220
52873 28343
52873 28359
52873 28610
52873 28624
52873 28666
52873 52587
52873 52613
52873 52630
52873 52720
52873 52742
52873 52772
52873 52871
52873 52872
52873 52840
52873 53238
52873 61592
52873 61923
52873 263625
52873 267470
52873 269416
52873 270814
52873 52928
52873 52999
52873 53019
52873 53065
52873 53102
52873 53115
52873 53158
52873 53169
52873 53180
52873 53184
52873 53237
52873 60503
52873 61624
52873 61745
52873 61817
52873 61884
52873 262342
52873 262352
52873 262355
52873 262462
52873 262468
52873 262476
52873 262494
52873 262503
52873 262532
52873 262645
52873 262725
52873 262740
52873 262773
52873 262821
52873 262847
52873 262901
52873 262989
52873 263073
52873 263269
52873 263276
52873 263327
52873 263432
52873 263558
52873 263616
52873 263877
52873 263928
52873 263966
52873 263998
52873 264127
52873 264144
52873 264170
52873 264288
52873 264293
52873 264329
52873 264479
52873 264525
52873 264562
52873 264598
52873 264949
52873 264991
52873 264997
52873 264998
52873 265038
52873 265061
52873 265080
52873 265135
52873 265144
52873 265147
52873 265269
52873 265290
52873 265377
52873 265393
52873 265436
52873 265442
52873 265482
52873 266080
52873 266136
52873 266181
52873 266409
52873 266445
52873 266520
52873 266525
52873 266583
52873 266962
52873 267469
52873 268106
52873 268267
52873 268568
52873 268689
52873 268862
52873 268925
52873 268944
52873 269444
52873 269558
52873 270417
52873 270548
52873 270724
52873 271042
52873 273478
52873 273669
52873 273683
52873 274464
52873 274685
53065 263152
53065 60503
53065 262355
53065 28624
53065 264479
263400 272713
263400 263152
263400 263097
263400 264879
264479 264409
264479 14840
264479 263009
264479 28258
264479 268696
264479 21574
264479 28126
264479 266201
264479 268976
264479 28189
264479 266931
264479 61609
264479 268126
264479 263152
264479 269663
264479 52925
264479 53062
264479 61832
264479 28368
264479 269194
264479 263945
264479 52863
264479 28329
264479 270735
264479 52965
264479 53181
264479 28260
264479 265144
264479 60503
264479 273683
264479 263276
264479 262355
264479 264997
264479 266409
264479 270814
264479 266445
264479 61592
264479 52554
264479 53169
264479 53238
264479 262352
264479 264329
264479 263625
264479 270417
264479 264170
264479 262989
264479 263073
264479 265436
264479 265269
264479 266962
264479 263877
264479 28610
264479 269444
264479 268865
264479 273478
264479 28343
264479 262468
264479 265038
264479 28220
264479 52872
264479 266181
264479 53115
264479 262740
264479 28186
264479 265377
264479 262462
264479 262503
264479 262494
264479 61884
264479 263432
264479 263616
264479 266583
264479 267469
264479 52613
264479 262476
264479 264562
264479 263966
264479 267470
264479 263327
264479 263880
264479 28202
264479 17222
264479 52871
264479 262847
264479 52720
264479 61758
264479 266935
264479 14868
264479 25933
264479 27693
264479 28158
264479 28173
264479 28191
264479 28210
264479 28359
264479 28624
264479 28666
264479 52587
264479 52630
264479 52742
264479 52772
264479 52928
264479 52974
264479 52999
264479 53005
264479 53019
264479 53102
264479 53158
264479 53180
264479 53184
264479 53237
264479 61616
264479 61624
264479 61745
264479 61817
264479 262342
264479 262532
264479 262645
264479 262725
264479 262773
264479 262821
264479 262901
264479 263151
264479 263269
264479 263482
264479 263558
264479 263928
264479 263998
264479 264120
264479 264127
264479 264144
264479 264173
264479 264288
264479 264293
264479 264294
264479 52840
264479 61582
264479 61923
264479 263022
264479 269311
264479 269416
264479 273669
264479 274464
264479 264525
264479 264598
264479 264949
264479 264991
264479 264996
264479 264998
264479 265061
264479 265080
264479 265130
264479 265135
264479 265147
264479 265290
264479 265336
264479 265393
264479 265442
264479 265482
264479 266080
264479 266136
264479 266520
264479 266525
264479 267427
264479 268011
264479 268101
264479 268106
264479 268267
264479 268568
264479 268689
264479 268862
264479 268925
264479 268944
264479 269558
264479 269595
264479 270548
264479 270551
264479 270596
264479 270724
264479 271042
264479 273431
264479 274685
270735 272713
270735 263152
270735 52925
270735 262503
270735 263432
270735 265290
270735 270724
270735 271042
270735 28624
270735 52999
270735 60503
28573 28220
28573 28624
28573 262355
28573 263152
28624 264409
28624 14840
28624 263009
28624 28258
28624 268696
28624 21574
28624 28126
28624 266201
28624 268976
28624 272713
28624 28189
28624 266931
28624 61609
28624 268126
28624 263152
28624 269663
28624 52925
28624 53062
28624 61832
28624 28368
28624 269194
28624 263945
28624 52863
28624 28329
28624 52965
28624 53181
28624 28260
28624 265144
28624 60503
28624 273683
28624 263276
28624 262355
28624 264997
28624 266409
28624 270814
28624 266445
28624 61592
28624 52554
28624 53169
28624 53238
28624 262352
28624 264329
28624 263625
28624 270417
28624 264170
28624 262989
28624 263073
28624 265436
28624 265269
28624 266962
28624 263877
28624 28610
28624 269444
28624 268865
28624 273478
28624 28343
28624 262468
28624 265038
28624 28220
28624 52872
28624 266181
28624 53115
28624 262740
28624 28186
28624 265377
28624 262462
28624 262503
28624 262494
28624 61884
28624 263432
28624 263616
28624 266583
28624 267469
28624 52613
28624 262476
28624 264562
28624 263966
28624 267470
28624 263327
28624 263880
28624 28202
28624 17222
28624 52871
28624 262847
28624 52720
28624 265393
28624 52587
28624 269595
28624 53180
28624 28158
28624 262901
28624 14868
28624 269416
28624 271042
28624 268267
28624 268314
28624 28191
28624 25933
28624 27693
28624 28173
28624 28359
28624 28666
28624 52630
28624 52742
28624 52772
28624 52840
28624 52928
28624 52974
28624 52999
28624 53005
28624 53019
28624 53102
28624 53158
28624 53184
28624 53237
28624 61624
28624 61745
28624 61758
28624 61817
28624 61923
28624 262342
28624 262532
28624 262725
28624 262773
28624 262821
28624 263022
28624 263151
28624 263269
28624 263482
28624 263558
28624 263928
28624 264120
28624 264127
28624 264144
28624 264173
28624 264288
28624 264293
28624 264294
28624 264525
28624 264589
28624 264598
28624 264991
28624 264996
28624 265061
28624 265080
28624 265135
28624 265147
28624 265290
28624 265336
28624 265482
28624 266080
28624 266136
28624 266520
28624 266525
28624 267427
28624 268011
28624 268101
28624 268106
28624 268568
28624 268689
28624 268862
28624 268925
28624 268944
28624 269558
28624 270548
28624 270551
28624 270724
28624 272792
28624 273431
28624 273669
28624 274464
28624 274685
28624 262645
28624 263998
28624 264949
28624 264998
28624 265442
28624 270596
52925 14840
52925 21574
52925 272713
52925 263152
52925 52965
52925 53102
52925 61616
52925 263558
52925 263928
52925 28173
52925 53181
52925 60503
52925 61884
52925 262355
52925 263945
52925 264329
52925 265144
52925 265442
52925 269311
53062 272713
53062 263152
53062 28158
53062 28260
53062 52587
53062 53238
53062 61616
53062 262550
53062 262645
53062 263966
53062 263998
53062 266143
53062 267318
53062 272193
53062 28220
53062 60503
53062 273478
60503 264409
60503 14840
60503 263009
60503 28258
60503 268696
60503 21574
60503 28126
60503 266201
60503 268976
60503 272713
60503 28189
60503 266931
60503 268126
60503 263152
60503 269663
60503 61832
60503 53013
60503 28368
60503 269194
60503 52863
60503 28329
60503 52965
60503 53181
60503 28260
60503 265144
60503 28610
60503 262550
60503 264949
60503 265080
60503 265147
60503 25933
60503 27693
60503 28158
60503 28173
60503 28191
60503 28202
60503 28220
60503 28343
60503 52587
60503 52630
60503 52742
60503 52772
60503 52871
60503 52928
60503 52974
60503 52999
60503 53005
60503 53019
60503 53102
60503 53115
60503 53158
60503 53169
60503 53180
60503 53184
60503 14868
60503 28186
60503 28359
60503 28666
60503 52554
60503 52613
60503 52720
60503 52840
60503 52872
60503 53237
60503 53238
60503 61592
60503 61624
60503 61923
60503 262462
60503 262476
60503 262532
60503 262773
60503 263482
60503 263625
60503 263928
60503 263966
60503 264170
60503 264329
60503 265038
60503 265336
60503 265436
60503 265482
60503 266962
60503 267470
60503 268568
60503 269416
60503 270814
60503 273669
60503 274464
60503 61745
60503 61817
60503 61884
60503 262342
60503 262352
60503 262355
60503 262468
60503 262494
60503 262503
60503 262645
60503 262725
60503 262740
60503 262821
60503 262847
60503 262901
60503 262989
60503 263073
60503 263151
60503 263276
60503 263327
60503 263432
60503 263558
60503 263616
60503 263877
60503 263880
60503 263998
60503 264120
60503 264127
60503 264144
60503 264293
60503 264294
60503 264525
60503 264562
60503 264598
60503 264991
60503 264997
60503 264998
60503 265061
60503 265135
60503 265269
60503 265377
60503 265393
60503 265442
60503 266080
60503 266136
60503 266181
60503 266409
60503 266445
60503 266520
60503 266525
60503 266583
60503 268106
60503 268267
60503 268689
60503 268862
60503 268925
60503 268944
60503 269558
60503 269595
60503 270417
60503 270548
60503 270724
60503 271042
60503 273478
60503 273683
60503 274685
262355 264409
262355 263009
262355 28258
262355 268696
262355 21574
262355 28126
262355 28189
262355 263152
262355 61832
262355 269194
262355 52863
262355 52965
262355 53181
262355 28260
262355 263276
262355 52560
262355 262821
262355 262847
262355 274685
262355 28210
262355 28343
262355 52772
262355 61817
262355 17222
262355 28145
262355 52554
262355 52872
262355 53115
262355 53184
262355 61582
262355 61592
262355 61745
262355 61758
262355 262352
262355 262503
262355 262517
262355 262725
262355 262773
262355 263097
262355 263327
262355 263482
262355 264329
262355 265038
262355 265061
262355 265130
262355 265269
262355 265336
262355 265393
262355 266445
262355 267427
262355 267469
262355 267470
262355 268106
262355 268568
262355 268944
262355 269311
262355 270551
262355 274464
262355 262645
262355 262740
262355 264144
262355 264996
262355 265147
262355 265377
262355 266181
262355 266520
262355 270596
263152 264409
263152 14840
263152 263009
263152 28258
263152 268696
263152 21574
263152 28126
263152 266201
263152 268976
263152 272713
263152 28189
263152 266931
263152 61609
263152 268126
263152 28191
263152 28202
263152 262645
263152 262901
263152 14868
263152 17222
263152 25933
263152 27693
263152 28158
263152 28173
263152 28186
263152 28220
263152 28260
263152 28329
263152 28343
263152 28359
263152 28368
263152 28610
263152 28666
263152 52554
263152 52587
263152 52613
263152 52630
263152 52720
263152 52742
263152 52772
263152 52840
263152 52863
263152 52871
263152 52872
263152 52928
263152 52965
263152 52974
263152 52999
263152 53005
263152 53013
263152 53019
263152 53102
263152 53115
263152 53158
263152 53169
263152 53180
263152 53181
263152 53184
263152 53237
263152 53238
263152 61592
263152 61616
263152 61624
263152 61745
263152 61817
263152 61832
263152 61884
263152 61923
263152 262282
263152 262342
263152 262352
263152 262462
263152 262468
263152 262476
263152 262494
263152 262503
263152 262517
263152 262532
263152 262725
263152 262740
263152 262773
263152 262821
263152 262847
263152 262989
263152 263073
263152 263097
263152 263151
263152 263269
263152 263276
263152 263327
263152 263432
263152 263482
263152 263558
263152 263616
263152 263625
263152 263877
263152 263880
263152 263928
263152 263945
263152 263966
263152 264120
263152 264127
263152 264144
263152 264170
263152 264288
263152 264293
263152 264294
263152 264329
263152 264525
263152 264562
263152 264589
263152 264598
263152 264991
263152 264996
263152 264997
263152 265038
263152 265061
263152 265080
263152 265135
263152 265144
263152 265147
263152 265269
263152 265290
263152 265336
263152 265377
263152 265393
263152 265436
263152 265482
263152 266080
263152 266136
263152 266143
263152 266181
263152 266409
263152 266445
263152 266520
263152 266525
263152 266583
263152 266962
263152 267318
263152 267469
263152 267470
263152 268106
263152 268267
263152 268568
263152 268689
263152 268862
263152 268925
263152 268944
263152 269194
263152 269311
263152 269416
263152 269444
263152 269558
263152 269595
263152 270417
263152 270548
263152 270724
263152 270814
263152 271042
263152 272193
263152 273478
263152 273669
263152 273683
263152 274464
263152 274685
263152 263998
263152 264949
263152 264998
263152 265442
263152 269663
264409 28173
264409 28189
264409 28210
264409 28258
264409 52587
264409 52613
264409 52783
264409 52965
264409 52974
264409 53181
264409 61832
264409 61884
264409 262494
264409 262725
264409 262740
264409 262847
264409 263009
264409 263073
264409 263880
264409 264170
264409 266525
264409 268696
264409 269194
264409 270548
264409 273669
264409 273683
264409 28220
264409 272713
268696 263009
268696 28220
268862 265144
268862 262725
272713 28189
272713 28260
272713 28359
272713 270814
272713 271042
272713 266143
272713 266181
272713 264329
272713 267318
28189 266931
28210 61832
28210 28368
28210 268424
28258 53184
52587 53115
52587 263616
52587 268314
52613 61832
52613 28368
52613 28294
52613 268424
52783 53013
52783 273777
52965 61758
52965 265269
52965 265377
52965 266302
52965 266516
52965 268314
52965 268944
52965 269595
52965 270596
52965 262773
52965 262989
53181 262901
53181 263482
53181 263558
53181 264170
61832 28294
61832 28368
61832 52554
61832 52720
61832 262462
61832 262494
61832 262773
61832 263250
61832 263928
61832 264288
61832 264294
61832 264531
61832 264991
61832 265023
61832 265038
61832 265147
61832 265290
61832 266337
61832 266525
61832 268314
61832 268424
61832 269595
61832 262847
262494 28368
262494 264997
262494 262468
262494 28220
262494 61817
262494 265139
262740 28220
262740 263928
262740 264173
262740 264998
262740 265135
262740 268267
262740 268314
262740 270867
262740 272792
263009 52871
263009 265130
263009 273478
263073 262468
263073 268314
263880 61758
264170 266931
264170 266409
264170 269444
266525 28368
266525 28294
269194 263945
269194 264294
269194 264531
269194 268011
269194 268314
269194 269558
269194 52630
270548 28260
273669 53013
273683 265144
273683 266080
28220 28126
28220 53013
28220 263276
28220 61592
28220 262352
28220 264949
28220 61758
28220 262773
28220 263327
28220 264996
28220 265061
28220 265336
28220 267427
28220 267469
28220 270551
28220 265442
21574 52928
28178 53237
28260 53013
28260 263934
28260 268865
28260 269416
28610 53013
28610 263650
52863 263945
52863 28186
52863 28359
52863 52872
52863 264144
52863 270814
52928 28202
53238 262399
53238 274673
61616 28343
61616 267469
61616 268314
262476 14840
262476 262517
262517 28329
262989 14840
262989 28329
262989 262352
262989 271503
262989 263097
262989 265482
262989 263327
263097 263650
263276 14840
263276 61592
263276 267427
264329 274673
264329 266337
264949 268314
265144 53013
265144 28329
265482 273478
266931 268126
266931 263966
268976 268314
53013 28202
53013 28359
53013 52551
53013 52840
53013 262503
53013 263998
53013 266409
53013 268106
53013 269558
53013 271042
53013 273478
53013 270814
53013 61828
53013 264293
53013 270724
61817 266445
273478 266143
273478 263650
273478 268865
273478 265063
273478 28202
273478 271042
273478 52551
273478 262503
273478 263482
28329 53237
28329 267469
265377 14840
265377 266302
265377 266516
265377 270596
28186 52999
28186 268314
262901 14840
262901 270596
263934 270966
266445 265063
266520 61623
268314 14840
268314 28368
268314 264997
268314 265269
268314 28343
268314 265038
268314 262462
268314 262503
268314 263432
268314 52871
268314 53019
268314 265147
268314 268944
268314 52999
268314 264899
268314 268655
268314 265139
268314 264589
268314 264991
268314 264320
268314 267548
268314 266396
268314 268101
268314 268011
268314 273777
268314 266935
268314 264960
268314 267451
264221 263327
266583 264320
262526 267318
264879 267318
263482 264127
263945 14840
263945 264531
267318 263650
272193 270417
272193 269444
14840 52999
14840 61592
14840 262342
14840 262424
14840 264288
14840 264589
14840 264996
14840 264998
14840 265080
14840 265442
14840 266136
14840 266302
14840 266516
14840 267669
14840 268101
14840 268267
14840 270596
14840 262532
14840 262773
28145 263616
28191 268011
28191 273431
28343 263928
28359 270814
28368 28294
28368 262773
28368 263250
28368 264288
28368 264531
28368 265023
28368 265290
28368 266337
28368 269595
52554 52720
52554 61758
52554 262773
52554 263151
52720 265336
52772 265038
52772 267470
52772 265393
52772 61582
53005 262342
53019 266935
53115 52560
53169 262399
61609 268126
61609 269663
61758 262468
61758 266935
262821 274685
263151 265336
263877 263650
263928 269416
263928 265135
263928 61923
264127 264598
264562 266181
264562 262424
264562 61828
264562 268944
264562 270551
264598 271042
264991 265269
264997 265269
264998 264173
264998 272437
265269 264960
265269 268011
265269 269558
265290 270596
265393 274464
265436 263625
265436 266337
266962 61592
266962 263650
268126 266599
268267 267548
269663 266599
270814 269444
262424 263250
268101 263022
270596 267427
265407 265023
265407 271503
269444 263650
262550 52900
262550 266337
264531 268655
266337 263650
53014 267548
272792 267548
273431 268011
267548 272437
