3303 8758
3303 15600
3303 29222
3303 1836
3303 6730
3303 25091
3303 34927
3303 13030
3303 15576
8758 34927
8758 25091
8758 58299
8758 8298
8758 6730
8758 58115
8758 15576
8758 1836
8758 15600
8758 29222
8758 47176
15600 13030
15600 25091
15600 58299
15600 1836
15600 29222
29222 34927
29222 13030
29222 25091
29222 58299
29222 8298
29222 58115
29222 15576
29222 1836
29222 47176
1836 34927
1836 13030
1836 25091
1836 58299
1836 8298
1836 58115
1836 15576
1836 47176
6730 13030
6730 25091
25091 34927
25091 13030
25091 8298
25091 15576
25091 47176
25091 50869
25091 58115
25091 58299
34927 209533
34927 8298
34927 13030
34927 15576
34927 47176
34927 47498
34927 50869
34927 58115
34927 58299
13030 47176
13030 58299
13030 8298
15576 58299
15576 8298
15576 58115
15576 47176
8298 58299
8298 50869
8298 47176
8298 58115
47176 58299
47498 50869
50869 58299
58115 58299
