9498 4755
9498 9730
9498 9829
9498 9885
9498 17439
9498 17665
9498 17754
9498 17762
9498 18002
9498 18209
9498 18229
9498 24186
9498 24309
9498 45117
9498 45804
9498 45820
9498 55410
9498 58965
9498 59191
9498 132116
9498 132215
9498 132770
9498 133275
9498 133296
9498 133676
9498 133720
9498 135817
9498 136334
9498 137085
9498 138754
9498 140171
9498 140641
9498 151690
9498 151755
9498 9583
9498 136946
4755 7494
4755 9583
4755 9829
4755 9885
4755 17439
4755 17665
4755 17754
4755 17762
4755 18002
4755 18209
4755 18229
4755 24309
4755 45117
4755 45804
4755 45820
4755 55352
4755 55410
4755 59191
4755 132116
4755 132215
4755 132770
4755 133001
4755 133296
4755 135772
4755 136334
4755 137085
4755 138754
4755 140641
4755 146943
4755 150596
4755 151755
4755 18101
4755 55836
4755 140171
9730 45117
9730 133676
9730 137085
9829 9885
9829 138754
9829 140641
9829 55836
9885 55836
9885 55824
17439 9583
17439 55836
17439 45820
17439 55352
17439 58678
17439 132220
17439 133676
17439 138296
17439 150027
17439 150596
17665 9583
17665 18002
17665 136946
17754 18229
17762 45194
17762 45804
17762 45820
17762 133296
17762 133720
17762 135817
17762 138296
18002 55410
18002 45820
18002 132116
18209 9583
18229 55410
18229 9583
18229 55836
18229 134026
18229 135718
18229 151690
18229 45117
18229 45804
18229 132116
18229 137085
24186 55410
24186 55836
24186 151755
45117 55410
45117 9583
45117 55836
45117 58965
45117 133001
45117 135718
45117 140171
45804 55410
45804 9583
45804 45820
45804 151690
45820 9583
45820 133296
45820 134922
45820 135817
55410 138754
55410 140641
55410 9583
55410 55836
58965 150596
58965 59162
132116 137085
132116 151690
132116 136946
132116 133676
132215 9583
133275 9583
133296 9583
133296 55836
133296 140641
133296 133720
133296 135718
133296 150027
135817 9583
136334 138296
137085 58678
137085 133001
137085 151690
137085 140171
138754 18101
140171 9583
140171 55836
140171 151690
140171 133001
140171 136946
140641 55836
140641 146943
151755 55836
151755 146943
9583 55836
9583 58678
9583 136946
9583 138296
9583 134922
136946 134026
7494 135772
55352 55836
55352 138296
133001 138296
146943 55836
150596 150027
150596 59162
55836 58678
