# SCION ISD core topology RU
#
# Format:
# provider_ASN|customer_ASN|-1
# peer_ASN1|peer_ASN2|0
57304|2854|-1
57304|24955|-1
57304|28761|-1
57304|197068|-1
57304|201706|-1
57304|8359|0
57304|8732|0
57304|31133|0
20485|3267|-1
20485|6789|-1
20485|8470|-1
20485|8492|-1
20485|8641|-1
20485|8985|-1
20485|9049|-1
20485|12389|-1
20485|20764|-1
20485|21127|-1
20485|25478|-1
20485|25549|-1
20485|29226|-1
20485|31133|-1
20485|35598|-1
20485|44020|-1
20485|48084|-1
20485|49063|-1
20485|50509|-1
20485|51028|-1
20485|52091|-1
20485|56534|-1
20485|199599|-1
20485|210756|-1
20485|3216|0
20485|8359|0
20485|8732|0
12389|8359|-1
12389|8470|-1
12389|8492|-1
12389|8641|-1
12389|9049|-1
12389|20764|-1
12389|25478|-1
12389|25549|-1
12389|28761|-1
12389|28968|-1
12389|29076|-1
12389|29226|-1
12389|35000|-1
12389|39089|-1
12389|39153|-1
12389|39728|-1
12389|43298|-1
12389|44020|-1
12389|49063|-1
12389|51028|-1
12389|57724|-1
12389|60299|-1
12389|61400|-1
12389|199599|-1
12389|201706|-1
12389|201776|-1
12389|202984|-1
12389|209307|-1
12389|210756|-1
12389|2854|0
12389|3267|0
12389|6789|0
12389|8595|0
12389|8985|0
12389|3216|0
12389|12695|0
12389|13094|0
12389|31133|0
12389|34123|0
12389|35598|0
12389|41039|0
12389|43727|0
12389|47122|0
12389|47775|0
12389|48084|0
12389|52091|0
12389|56534|0
12389|196695|0
12389|206810|0
12389|209141|0
9049|2854|-1
9049|3216|-1
9049|8732|-1
9049|12722|-1
9049|25227|-1
9049|25478|-1
9049|25549|-1
9049|35598|-1
9049|43298|-1
9049|48347|-1
9049|48858|-1
9049|57724|-1
9049|196695|-1
9049|197068|-1
9049|201706|-1
9049|209307|-1
9049|210756|-1
9049|3267|0
9049|6789|0
9049|8359|0
9049|8492|0
9049|8595|0
9049|8641|0
9049|8985|0
9049|12695|0
9049|13094|0
9049|28968|0
9049|29076|0
9049|29226|0
9049|31133|0
9049|34123|0
9049|35000|0
9049|39089|0
9049|39728|0
9049|41039|0
9049|43727|0
9049|44020|0
9049|47122|0
9049|47775|0
9049|48084|0
9049|49063|0
9049|51028|0
9049|52091|0
9049|56534|0
9049|61400|0
9049|199599|0
9049|201776|0
9049|202984|0
9049|206810|0
9049|209141|0
9049|20764|0
3216|2854|-1
3216|3267|-1
3216|6789|-1
3216|8470|-1
3216|8492|-1
3216|8595|-1
3216|12695|-1
3216|25549|-1
3216|28968|-1
3216|29076|-1
3216|29226|-1
3216|35598|-1
3216|43298|-1
3216|43727|-1
3216|48084|-1
3216|49063|-1
3216|50509|-1
3216|52091|-1
3216|57724|-1
3216|197068|-1
3216|199599|-1
3216|202984|-1
3216|209141|-1
3216|209307|-1
3216|210756|-1
3216|31133|0
3216|8359|0
3216|20764|0
3216|48858|0
31133|2854|-1
31133|6789|-1
31133|8470|-1
31133|8492|-1
31133|8641|-1
31133|20632|-1
31133|24955|-1
31133|25159|-1
31133|28761|-1
31133|28968|-1
31133|29076|-1
31133|29648|-1
31133|31261|-1
31133|35598|-1
31133|41039|-1
31133|43298|-1
31133|44020|-1
31133|48084|-1
31133|49063|-1
31133|50928|-1
31133|56534|-1
31133|61400|-1
31133|196695|-1
31133|197068|-1
31133|201706|-1
31133|202984|-1
31133|206810|-1
31133|209141|-1
31133|210756|-1
31133|3267|0
31133|8359|0
31133|8595|0
31133|8732|0
31133|8985|0
31133|12695|0
31133|13094|0
31133|20764|0
31133|25549|0
31133|29226|0
31133|34123|0
31133|39089|0
31133|39728|0
31133|47122|0
31133|47775|0
31133|51028|0
31133|52091|0
31133|57724|0
31133|199599|0
31133|201776|0
31133|209307|0
31133|35000|0
31133|43727|0
31133|197453|0
20764|2854|-1
20764|8492|-1
20764|8595|-1
20764|8641|-1
20764|12722|-1
20764|25478|-1
20764|25549|-1
20764|35000|-1
20764|41039|-1
20764|43298|-1
20764|43727|-1
20764|47122|-1
20764|47775|-1
20764|49063|-1
20764|52091|-1
20764|56534|-1
20764|196695|-1
20764|197068|-1
20764|197453|-1
20764|199599|-1
20764|201706|-1
20764|202984|-1
20764|209307|-1
20764|215457|-1
20764|3267|0
20764|6789|0
20764|8359|0
20764|12695|0
20764|13094|0
20764|8732|0
20764|8985|0
20764|28761|0
20764|29076|0
20764|29226|0
20764|34123|0
20764|35598|0
20764|39089|0
20764|39728|0
20764|44020|0
20764|48084|0
20764|51028|0
20764|57724|0
20764|60299|0
20764|201776|0
20764|206810|0
20764|209141|0
20764|210756|0
20764|28968|0
20764|48858|0
20764|61400|0
8359|2854|-1
8359|6789|-1
8359|8985|-1
8359|12695|-1
8359|25549|-1
8359|29076|-1
8359|48084|-1
8359|49063|-1
8359|57681|-1
8359|61400|-1
8359|197068|-1
8359|210756|-1
8359|215307|-1
8359|3267|0
8359|8492|0
8359|8595|0
8359|8641|0
8359|8732|0
8359|13094|0
8359|28968|0
8359|29226|0
8359|34123|0
8359|35000|0
8359|35598|0
8359|39089|0
8359|39728|0
8359|41039|0
8359|43298|0
8359|43727|0
8359|44020|0
8359|47122|0
8359|47775|0
8359|51028|0
8359|52091|0
8359|56534|0
8359|57724|0
8359|196695|0
8359|199599|0
8359|201706|0
8359|201776|0
8359|202984|0
8359|206810|0
8359|209141|0
8359|209307|0
201706|8492|-1
201706|8732|-1
201706|25227|-1
201706|25549|-1
201706|29226|-1
201706|49063|-1
201706|199599|-1
201706|2854|0
201706|3267|0
201706|6789|0
201706|8595|0
201706|8641|0
201706|8985|0
201706|12695|0
201706|13094|0
201706|28968|0
201706|34123|0
201706|35000|0
201706|39089|0
201706|39728|0
201706|41039|0
201706|43298|0
201706|43727|0
201706|44020|0
201706|47122|0
201706|47775|0
201706|48084|0
201706|51028|0
201706|52091|0
201706|56534|0
201706|57724|0
201706|61400|0
201706|196695|0
201706|35598|0
201706|201776|0
201706|202984|0
201706|206810|0
201706|209141|0
201706|209307|0
201706|210756|0
199599|43298|-1
199599|57724|-1
199599|61400|-1
199599|2854|0
199599|3267|0
199599|6789|0
199599|8492|0
199599|8595|0
199599|8641|0
199599|8985|0
199599|12695|0
199599|13094|0
199599|25549|0
199599|28968|0
199599|29226|0
199599|34123|0
199599|35000|0
199599|35598|0
199599|39089|0
199599|39728|0
199599|41039|0
199599|43727|0
199599|44020|0
199599|47122|0
199599|47775|0
199599|48084|0
199599|49063|0
199599|51028|0
199599|52091|0
199599|56534|0
199599|196695|0
199599|197453|0
199599|201776|0
199599|206810|0
199599|209141|0
199599|209307|0
199599|210756|0
199599|202984|0
57724|8641|-1
57724|12722|-1
57724|29076|-1
57724|29226|-1
57724|48347|-1
57724|49612|-1
57724|56534|-1
57724|202984|-1
57724|2854|0
57724|3267|0
57724|6789|0
57724|8492|0
57724|8595|0
57724|8985|0
57724|12695|0
57724|13094|0
57724|25549|0
57724|28968|0
57724|34123|0
57724|35000|0
57724|35598|0
57724|39089|0
57724|39728|0
57724|41039|0
57724|43298|0
57724|43727|0
57724|44020|0
57724|47122|0
57724|47775|0
57724|48084|0
57724|49063|0
57724|51028|0
57724|52091|0
57724|61400|0
57724|196695|0
57724|201776|0
57724|206810|0
57724|209141|0
57724|209307|0
57724|210756|0
56534|2854|0
56534|3267|0
56534|6789|0
56534|8492|0
56534|8595|0
56534|8641|0
56534|8985|0
56534|12695|0
56534|13094|0
56534|25549|0
56534|28968|0
56534|29076|0
56534|29226|0
56534|34123|0
56534|35000|0
56534|35598|0
56534|39089|0
56534|39728|0
56534|41039|0
56534|43298|0
56534|43727|0
56534|44020|0
56534|47122|0
56534|47775|0
56534|48084|0
56534|49063|0
56534|51028|0
56534|52091|0
56534|196695|0
56534|201776|0
56534|206810|0
56534|209141|0
56534|209307|0
56534|210756|0
56534|202984|0
202984|8985|-1
202984|25227|-1
202984|35598|-1
202984|43727|-1
202984|47122|-1
202984|61400|-1
202984|2854|0
202984|3267|0
202984|6789|0
202984|8492|0
202984|8595|0
202984|8641|0
202984|12695|0
202984|13094|0
202984|25549|0
202984|28968|0
202984|29226|0
202984|34123|0
202984|35000|0
202984|39089|0
202984|39728|0
202984|43298|0
202984|44020|0
202984|47775|0
202984|48084|0
202984|49063|0
202984|51028|0
202984|52091|0
202984|196695|0
202984|29076|0
202984|39153|0
202984|41039|0
202984|42861|0
202984|60299|0
202984|201776|0
202984|206810|0
202984|209141|0
202984|209307|0
202984|210756|0
35598|8595|-1
35598|12722|-1
35598|28968|-1
35598|29226|-1
35598|31277|-1
35598|34123|-1
35598|39153|-1
35598|43201|-1
35598|43298|-1
35598|43727|-1
35598|44020|-1
35598|47122|-1
35598|47775|-1
35598|48347|-1
35598|49063|-1
35598|51028|-1
35598|52091|-1
35598|215457|-1
35598|3267|0
35598|13094|0
35598|25549|0
35598|2854|0
35598|6789|0
35598|8470|0
35598|8492|0
35598|8641|0
35598|8732|0
35598|8985|0
35598|12695|0
35598|24955|0
35598|28761|0
35598|29076|0
35598|35000|0
35598|39728|0
35598|41039|0
35598|42861|0
35598|50509|0
35598|60299|0
35598|196695|0
35598|201776|0
35598|206810|0
35598|209141|0
35598|210756|0
35598|48084|0
35598|48858|0
35598|61400|0
35598|197453|0
35598|209307|0
50509|8595|-1
50509|31277|-1
50509|34123|-1
50509|39153|-1
50509|39728|-1
50509|41039|-1
50509|47122|-1
50509|48347|-1
50509|60299|-1
50509|196695|-1
43727|2854|0
43727|3267|0
43727|6789|0
43727|8492|0
43727|8595|0
43727|8641|0
43727|8985|0
43727|12695|0
43727|13094|0
43727|25549|0
43727|28968|0
43727|29076|0
43727|29226|0
43727|34123|0
43727|35000|0
43727|39089|0
43727|39728|0
43727|41039|0
43727|43298|0
43727|44020|0
43727|47122|0
43727|47775|0
43727|48084|0
43727|49063|0
43727|51028|0
43727|52091|0
43727|196695|0
43727|201776|0
43727|206810|0
43727|209141|0
43727|209307|0
43727|210756|0
43298|8470|-1
43298|47775|-1
43298|48347|-1
43298|2854|0
43298|3267|0
43298|6789|0
43298|8492|0
43298|8595|0
43298|8641|0
43298|8985|0
43298|12695|0
43298|13094|0
43298|25549|0
43298|28968|0
43298|29226|0
43298|34123|0
43298|35000|0
43298|39089|0
43298|39728|0
43298|41039|0
43298|44020|0
43298|47122|0
43298|48084|0
43298|49063|0
43298|51028|0
43298|52091|0
43298|196695|0
43298|197453|0
43298|201776|0
43298|206810|0
43298|209141|0
43298|209307|0
43298|210756|0
209141|2854|0
209141|3267|0
209141|6789|0
209141|8492|0
209141|8595|0
209141|8641|0
209141|8985|0
209141|12695|0
209141|13094|0
209141|25549|0
209141|28968|0
209141|29226|0
209141|34123|0
209141|35000|0
209141|39089|0
209141|39728|0
209141|41039|0
209141|44020|0
209141|47122|0
209141|47775|0
209141|48084|0
209141|49063|0
209141|51028|0
209141|52091|0
209141|61400|0
209141|196695|0
209141|201776|0
209141|206810|0
209141|209307|0
209141|210756|0
13094|48858|-1
13094|2854|0
13094|3267|0
13094|6789|0
13094|8492|0
13094|8595|0
13094|8641|0
13094|8985|0
13094|12695|0
13094|25549|0
13094|28968|0
13094|29226|0
13094|34123|0
13094|35000|0
13094|39089|0
13094|39728|0
13094|41039|0
13094|44020|0
13094|47122|0
13094|47775|0
13094|48084|0
13094|49063|0
13094|51028|0
13094|52091|0
13094|61400|0
13094|196695|0
13094|201776|0
13094|206810|0
13094|209307|0
13094|210756|0
48858|210756|-1
210756|8492|-1
210756|8641|-1
210756|2854|0
210756|3267|0
210756|6789|0
210756|8595|0
210756|8985|0
210756|12695|0
210756|25549|0
210756|28968|0
210756|29076|0
210756|29226|0
210756|34123|0
210756|35000|0
210756|39089|0
210756|39728|0
210756|41039|0
210756|44020|0
210756|47122|0
210756|47775|0
210756|48084|0
210756|49063|0
210756|51028|0
210756|52091|0
210756|61400|0
210756|196695|0
210756|201776|0
210756|206810|0
210756|209307|0
29226|8492|-1
29226|12695|-1
29226|12722|-1
29226|47122|-1
29226|196695|-1
29226|2854|0
29226|3267|0
29226|6789|0
29226|8595|0
29226|8641|0
29226|8985|0
29226|25549|0
29226|28968|0
29226|29076|0
29226|34123|0
29226|35000|0
29226|39089|0
29226|39728|0
29226|41039|0
29226|44020|0
29226|47775|0
29226|48084|0
29226|49063|0
29226|51028|0
29226|52091|0
29226|61400|0
29226|201776|0
29226|206810|0
29226|209307|0
29226|197453|0
215307|29076|-1
29076|12695|-1
29076|12722|-1
29076|28968|-1
29076|51028|-1
29076|197453|-1
29076|2854|0
29076|3267|0
29076|8492|0
29076|8985|0
29076|25549|0
29076|35000|0
29076|39728|0
29076|209307|0
197068|49063|-1
25478|2854|-1
25478|52091|-1
25478|209307|-1
25478|25549|0
21127|25549|-1
25549|49063|-1
25549|2854|0
25549|3267|0
25549|6789|0
25549|8492|0
25549|8595|0
25549|8641|0
25549|8985|0
25549|12695|0
25549|28968|0
25549|34123|0
25549|35000|0
25549|39089|0
25549|39728|0
25549|41039|0
25549|44020|0
25549|47122|0
25549|47775|0
25549|48084|0
25549|51028|0
25549|52091|0
25549|61400|0
25549|196695|0
25549|201776|0
25549|206810|0
25549|209307|0
49063|196695|-1
49063|215457|-1
49063|2854|0
49063|3267|0
49063|6789|0
49063|8492|0
49063|8595|0
49063|8641|0
49063|8985|0
49063|12695|0
49063|28968|0
49063|34123|0
49063|35000|0
49063|39089|0
49063|39728|0
49063|41039|0
49063|44020|0
49063|47122|0
49063|47775|0
49063|48084|0
49063|51028|0
49063|52091|0
49063|201776|0
49063|206810|0
49063|209307|0
47122|196695|-1
47122|2854|0
47122|3267|0
47122|6789|0
47122|8492|0
47122|8595|0
47122|8641|0
47122|8985|0
47122|12695|0
47122|28968|0
47122|34123|0
47122|35000|0
47122|39089|0
47122|39728|0
47122|41039|0
47122|44020|0
47122|47775|0
47122|48084|0
47122|51028|0
47122|52091|0
47122|201776|0
47122|206810|0
47122|209307|0
8732|12695|-1
8732|42861|-1
196695|215457|-1
196695|2854|0
196695|3267|0
196695|6789|0
196695|8492|0
196695|8595|0
196695|8641|0
196695|8985|0
196695|12695|0
196695|28968|0
196695|34123|0
196695|35000|0
196695|39089|0
196695|39728|0
196695|41039|0
196695|44020|0
196695|47775|0
196695|48084|0
196695|51028|0
196695|52091|0
196695|61400|0
196695|201776|0
196695|206810|0
196695|209307|0
8641|34123|-1
8641|2854|0
8641|3267|0
8641|6789|0
8641|8492|0
8641|8595|0
8641|8985|0
8641|12695|0
8641|28968|0
8641|35000|0
8641|39089|0
8641|39728|0
8641|41039|0
8641|44020|0
8641|47775|0
8641|48084|0
8641|51028|0
8641|52091|0
8641|201776|0
8641|206810|0
8641|209307|0
201776|28761|-1
201776|41039|-1
201776|2854|0
201776|3267|0
201776|6789|0
201776|8492|0
201776|8595|0
201776|8985|0
201776|12695|0
201776|28968|0
201776|34123|0
201776|35000|0
201776|39089|0
201776|39728|0
201776|44020|0
201776|47775|0
201776|48084|0
201776|51028|0
201776|52091|0
201776|61400|0
201776|206810|0
201776|209307|0
2854|3267|0
2854|6789|0
2854|8492|0
2854|8595|0
2854|8985|0
2854|12695|0
2854|28968|0
2854|34123|0
2854|35000|0
2854|39089|0
2854|39728|0
2854|41039|0
2854|44020|0
2854|47775|0
2854|48084|0
2854|51028|0
2854|52091|0
2854|206810|0
2854|209307|0
28761|6789|-1
48084|39089|-1
48084|41039|-1
48084|3267|0
48084|8492|0
48084|8595|0
48084|8985|0
48084|12695|0
48084|28968|0
48084|34123|0
48084|35000|0
48084|39728|0
48084|44020|0
48084|47775|0
48084|6789|0
48084|51028|0
48084|52091|0
48084|61400|0
48084|206810|0
48084|209307|0
3267|6789|0
3267|8492|0
3267|8595|0
3267|8985|0
3267|12695|0
3267|28968|0
3267|34123|0
3267|35000|0
3267|39089|0
3267|39728|0
3267|41039|0
3267|44020|0
3267|47775|0
3267|51028|0
3267|52091|0
3267|61400|0
3267|206810|0
3267|209307|0
25159|197453|0
35000|6789|0
35000|8492|0
35000|8595|0
35000|8985|0
35000|12695|0
35000|28968|0
35000|34123|0
35000|39089|0
35000|39728|0
35000|41039|0
35000|44020|0
35000|47775|0
35000|51028|0
35000|52091|0
35000|206810|0
35000|209307|0
6789|8492|0
6789|8595|0
6789|8985|0
6789|12695|0
6789|28968|0
6789|34123|0
6789|39089|0
6789|39728|0
6789|41039|0
6789|44020|0
6789|47775|0
6789|51028|0
6789|52091|0
6789|61400|0
6789|206810|0
6789|209307|0
12695|8492|0
12695|8595|0
12695|8985|0
12695|28968|0
12695|34123|0
12695|39089|0
12695|39728|0
12695|41039|0
12695|44020|0
12695|47775|0
12695|51028|0
12695|52091|0
12695|61400|0
12695|206810|0
12695|209307|0
52091|206810|-1
52091|8492|0
52091|8595|0
52091|8985|0
52091|28968|0
52091|34123|0
52091|39089|0
52091|39728|0
52091|41039|0
52091|44020|0
52091|47775|0
52091|51028|0
52091|61400|0
52091|209307|0
206810|39089|-1
206810|8492|0
206810|8595|0
206810|8985|0
206810|28968|0
206810|34123|0
206810|39728|0
206810|41039|0
206810|44020|0
206810|47775|0
206810|51028|0
206810|61400|0
206810|209307|0
8595|8492|0
8595|8985|0
8595|28968|0
8595|34123|0
8595|39089|0
8595|39728|0
8595|41039|0
8595|44020|0
8595|47775|0
8595|51028|0
8595|209307|0
51028|8492|0
51028|8985|0
51028|28968|0
51028|34123|0
51028|39089|0
51028|39728|0
51028|41039|0
51028|44020|0
51028|47775|0
51028|61400|0
51028|209307|0
41039|44125|-1
41039|8492|0
41039|8985|0
41039|28968|0
41039|34123|0
41039|39728|0
41039|39089|0
41039|44020|0
41039|47775|0
41039|61400|0
41039|209307|0
31277|8492|-1
8492|8985|0
8492|28968|0
8492|34123|0
8492|39089|0
8492|39728|0
8492|44020|0
8492|47775|0
8492|209307|0
8985|28968|0
8985|34123|0
8985|39089|0
8985|39728|0
8985|44020|0
8985|47775|0
8985|61400|0
8985|209307|0
47775|24955|-1
47775|28968|0
47775|34123|0
47775|39089|0
47775|39728|0
47775|44020|0
47775|209307|0
39089|28968|0
39089|34123|0
39089|39728|0
39089|44020|0
39089|61400|0
39089|209307|0
209307|28968|0
209307|34123|0
209307|39728|0
209307|44020|0
209307|61400|0
198310|39728|-1
44125|39728|-1
39728|28968|0
39728|34123|0
39728|44020|0
39728|61400|0
34123|28968|0
34123|44020|0
34123|61400|0
28968|44020|0
28968|61400|0
44020|61400|0
