# SCION ISD core topology BR
#
# Format:
# provider_ASN|customer_ASN|-1
# peer_ASN1|peer_ASN2|0
10429|10733|-1
10429|11432|-1
10429|22356|-1
10429|22381|-1
10429|23106|-1
10429|28146|-1
10429|28198|-1
10429|28201|-1
10429|28283|-1
10429|28598|-1
10429|28649|-1
10429|28663|-1
10429|52573|-1
10429|52941|-1
10429|53087|-1
10429|61568|-1
10429|61599|-1
10429|61621|-1
10429|61622|-1
10429|61678|-1
10429|262354|-1
10429|262907|-1
10429|263444|-1
10429|263629|-1
10429|263903|-1
10429|264275|-1
10429|264470|-1
10429|264984|-1
10429|266167|-1
10429|267613|-1
10429|269096|-1
10429|271253|-1
10429|1916|0
10429|4230|0
10429|7738|0
10429|8167|0
10429|16735|0
10429|22548|0
10429|26615|0
10429|262287|0
10429|262761|0
22356|14282|-1
22356|26615|-1
22356|28649|-1
22356|28663|-1
22356|61599|-1
22356|61622|-1
22356|262287|-1
22356|262589|-1
22356|262999|-1
22356|263047|-1
22356|263444|-1
22356|267056|-1
22356|268624|-1
22356|271201|-1
22356|4230|0
22356|7738|0
22356|8167|0
22356|16735|0
22356|52873|0
22356|53065|0
22356|263400|0
22356|264479|0
22356|270735|0
22356|271253|0
22356|22548|0
22356|28573|0
22356|28624|0
22356|52925|0
22356|53062|0
22356|60503|0
22356|61568|0
22356|262355|0
22356|263152|0
22356|264409|0
22356|268696|0
22356|268862|0
22356|272713|0
264409|11432|-1
264409|23106|-1
264409|28146|-1
264409|28173|-1
264409|28189|-1
264409|28210|-1
264409|28258|-1
264409|28283|-1
264409|28598|-1
264409|52587|-1
264409|52613|-1
264409|52783|-1
264409|52965|-1
264409|52974|-1
264409|53181|-1
264409|61832|-1
264409|61884|-1
264409|262494|-1
264409|262589|-1
264409|262725|-1
264409|262740|-1
264409|262847|-1
264409|262907|-1
264409|263009|-1
264409|263073|-1
264409|263152|-1
264409|263880|-1
264409|263903|-1
264409|264170|-1
264409|264479|-1
264409|266167|-1
264409|266525|-1
264409|268696|-1
264409|269194|-1
264409|270548|-1
264409|273669|-1
264409|273683|-1
264409|22548|0
264409|28220|0
264409|28624|0
264409|28663|0
264409|52873|0
264409|60503|0
264409|61568|0
264409|262355|0
264409|271253|0
264409|272713|0
16735|7738|-1
16735|14282|-1
16735|21574|-1
16735|22548|-1
16735|25933|-1
16735|28178|-1
16735|28198|-1
16735|28260|-1
16735|28573|-1
16735|28610|-1
16735|52573|-1
16735|52783|-1
16735|52863|-1
16735|52925|-1
16735|52928|-1
16735|53062|-1
16735|53065|-1
16735|53087|-1
16735|53181|-1
16735|53238|-1
16735|60503|-1
16735|61599|-1
16735|61616|-1
16735|61621|-1
16735|262476|-1
16735|262517|-1
16735|262761|-1
16735|262989|-1
16735|263097|-1
16735|263276|-1
16735|263558|-1
16735|264329|-1
16735|264949|-1
16735|265144|-1
16735|265482|-1
16735|266525|-1
16735|266931|-1
16735|267056|-1
16735|267613|-1
16735|268689|-1
16735|268862|-1
16735|268976|-1
16735|270548|-1
16735|270735|-1
16735|4230|0
16735|8167|0
16735|23106|0
16735|28598|0
16735|28663|0
16735|52873|0
16735|53013|0
16735|61817|0
16735|262287|0
16735|262589|0
16735|264479|0
16735|271253|0
16735|272713|0
16735|273478|0
16735|26615|0
16735|28329|0
16735|28624|0
16735|61568|0
16735|262740|0
16735|263152|0
16735|265377|0
7738|4230|-1
7738|8167|-1
7738|28173|-1
7738|28186|-1
7738|53087|-1
7738|262901|-1
7738|262999|-1
7738|263047|-1
7738|263934|-1
7738|264470|-1
7738|264984|-1
7738|266445|-1
7738|266520|-1
7738|268314|-1
7738|268976|-1
7738|22548|0
7738|23106|0
7738|267613|0
7738|272713|0
7738|26615|0
4230|17222|-1
4230|23106|-1
4230|28283|-1
4230|28573|-1
4230|28624|-1
4230|52925|-1
4230|53181|-1
4230|61678|-1
4230|61745|-1
4230|61817|-1
4230|61884|-1
4230|262352|-1
4230|262354|-1
4230|263097|-1
4230|263629|-1
4230|263934|-1
4230|264170|-1
4230|264221|-1
4230|264470|-1
4230|264899|-1
4230|264984|-1
4230|265144|-1
4230|266396|-1
4230|266445|-1
4230|266520|-1
4230|266583|-1
4230|270867|-1
4230|270966|-1
4230|8167|0
4230|22548|0
4230|28663|0
4230|262287|0
4230|262462|0
4230|263444|0
4230|268624|0
4230|271253|0
4230|272713|0
4230|26615|0
8167|14868|-1
8167|28146|-1
8167|28283|-1
8167|52573|-1
8167|61678|-1
8167|61745|-1
8167|61884|-1
8167|262352|-1
8167|262526|-1
8167|262907|-1
8167|263097|-1
8167|263400|-1
8167|264275|-1
8167|264879|-1
8167|267469|-1
8167|22548|0
8167|267613|0
8167|26615|0
271253|21574|-1
271253|28173|-1
271253|53102|-1
271253|61884|-1
271253|262282|-1
271253|262761|-1
271253|262999|-1
271253|263400|-1
271253|263482|-1
271253|263945|-1
271253|263998|-1
271253|264144|-1
271253|265144|-1
271253|266143|-1
271253|266445|-1
271253|267318|-1
271253|268696|-1
271253|269311|-1
271253|270735|-1
271253|271201|-1
271253|272193|-1
271253|272713|-1
271253|10733|0
271253|14282|0
271253|14840|0
271253|14868|0
271253|17222|0
271253|22381|0
271253|22548|0
271253|23106|0
271253|25933|0
271253|27693|0
271253|28126|0
271253|28145|0
271253|28146|0
271253|28158|0
271253|28186|0
271253|28189|0
271253|28191|0
271253|28198|0
271253|28201|0
271253|28202|0
271253|28210|0
271253|28220|0
271253|28258|0
271253|28260|0
271253|28283|0
271253|28329|0
271253|28343|0
271253|28359|0
271253|28368|0
271253|28573|0
271253|28598|0
271253|28610|0
271253|28624|0
271253|28649|0
271253|28666|0
271253|52554|0
271253|52587|0
271253|52613|0
271253|52630|0
271253|52720|0
271253|52742|0
271253|52772|0
271253|52871|0
271253|52872|0
271253|52925|0
271253|52928|0
271253|52941|0
271253|52965|0
271253|52974|0
271253|52999|0
271253|53005|0
271253|53013|0
271253|53019|0
271253|53062|0
271253|53065|0
271253|53087|0
271253|53115|0
271253|53158|0
271253|53169|0
271253|53181|0
271253|53184|0
271253|53237|0
271253|60503|0
271253|61568|0
271253|61582|0
271253|61599|0
271253|61609|0
271253|61616|0
271253|61621|0
271253|61622|0
271253|61624|0
271253|61678|0
271253|61745|0
271253|61758|0
271253|61817|0
271253|61832|0
271253|262287|0
271253|262342|0
271253|262352|0
271253|262354|0
271253|262355|0
271253|262462|0
271253|262468|0
271253|262476|0
271253|262503|0
271253|262532|0
271253|262589|0
271253|262645|0
271253|262725|0
271253|262740|0
271253|262773|0
271253|262821|0
271253|262847|0
271253|262901|0
271253|262907|0
271253|262989|0
271253|263009|0
271253|263047|0
271253|263073|0
271253|263151|0
271253|263152|0
271253|263269|0
271253|263276|0
271253|263327|0
271253|263432|0
271253|263444|0
271253|263558|0
271253|263616|0
271253|263877|0
271253|263880|0
271253|263903|0
271253|263928|0
271253|263966|0
271253|264120|0
271253|264127|0
271253|264170|0
271253|264288|0
271253|264293|0
271253|264329|0
271253|264479|0
271253|264525|0
271253|264562|0
271253|264598|0
271253|264949|0
271253|264984|0
271253|264991|0
271253|264997|0
271253|264998|0
271253|265038|0
271253|265061|0
271253|265080|0
271253|265130|0
271253|265135|0
271253|265147|0
271253|265269|0
271253|265290|0
271253|265336|0
271253|265377|0
271253|265393|0
271253|265436|0
271253|265442|0
271253|265482|0
271253|266080|0
271253|266136|0
271253|266167|0
271253|266181|0
271253|266409|0
271253|266520|0
271253|266525|0
271253|266583|0
271253|266931|0
271253|266962|0
271253|267056|0
271253|267469|0
271253|267613|0
271253|268106|0
271253|268126|0
271253|268267|0
271253|268568|0
271253|268624|0
271253|268689|0
271253|268862|0
271253|268925|0
271253|268944|0
271253|268976|0
271253|269096|0
271253|269194|0
271253|269558|0
271253|269595|0
271253|269663|0
271253|270417|0
271253|270548|0
271253|270724|0
271253|271042|0
271253|1916|0
271253|11432|0
271253|28663|0
271253|52573|0
271253|52840|0
271253|52863|0
271253|52873|0
271253|53238|0
271253|61592|0
271253|61923|0
271253|262517|0
271253|263625|0
271253|266201|0
271253|267470|0
271253|269416|0
271253|270814|0
271253|273669|0
271253|273478|0
271253|273683|0
271253|274464|0
271253|274685|0
14840|52999|-1
14840|61592|-1
14840|61622|-1
14840|262342|-1
14840|262424|-1
14840|262476|-1
14840|262901|-1
14840|263276|-1
14840|263945|-1
14840|264288|-1
14840|264589|-1
14840|264996|-1
14840|264998|-1
14840|265080|-1
14840|265377|-1
14840|265442|-1
14840|266136|-1
14840|266302|-1
14840|266516|-1
14840|267669|-1
14840|268101|-1
14840|268267|-1
14840|268314|-1
14840|270596|-1
14840|52873|0
14840|60503|0
14840|262532|0
14840|262773|0
14840|262989|0
14840|264479|0
14840|28624|0
14840|52925|0
14840|61568|0
14840|263152|0
263009|52871|-1
263009|52941|-1
263009|265130|-1
263009|268696|-1
263009|273478|-1
263009|28624|0
263009|61568|0
263009|262355|0
263009|22548|0
263009|52873|0
263009|60503|0
263009|264479|0
263009|263152|0
267613|28191|-1
267613|28258|-1
267613|52560|-1
267613|53019|-1
267613|262462|-1
267613|262517|-1
267613|262645|-1
267613|263022|-1
267613|263250|-1
267613|263269|-1
267613|263432|-1
267613|264120|-1
267613|264598|-1
267613|265407|-1
267613|266080|-1
267613|268106|-1
267613|271201|-1
267613|272713|-1
267613|22548|0
267613|28624|0
267613|60503|0
267613|61568|0
267613|262355|0
267613|262773|0
267613|263152|0
267613|265023|0
267613|267056|0
267613|52873|0
267613|264479|0
28146|28359|-1
28146|53169|-1
28146|53238|-1
28146|268314|-1
28146|22548|0
28146|52873|0
28146|264479|0
28146|28624|0
28146|60503|0
28146|61568|0
28146|262355|0
28146|263152|0
28258|53184|-1
28258|266167|-1
28258|22548|0
28258|23106|0
28258|28624|0
28258|52873|0
28258|60503|0
28258|61568|0
28258|262355|0
28258|263152|0
28258|264479|0
268696|22548|0
268696|28220|0
268696|28624|0
268696|61568|0
268696|262355|0
268696|263152|0
268696|52873|0
268696|60503|0
268696|264479|0
21574|52928|-1
21574|52873|0
21574|22548|0
21574|28624|0
21574|52925|0
21574|60503|0
21574|61568|0
21574|262355|0
21574|263152|0
21574|264479|0
266167|22548|0
266167|28624|0
266167|60503|0
266167|61568|0
266167|263152|0
266167|52873|0
266167|264479|0
28126|22548|0
28126|28220|0
28126|28624|0
28126|52873|0
28126|60503|0
28126|61568|0
28126|262355|0
28126|263152|0
28126|264479|0
266201|22548|0
266201|28624|0
266201|60503|0
266201|61568|0
266201|263152|0
266201|264479|0
266201|52873|0
28201|268314|-1
28201|22548|0
28201|52873|0
28201|264479|0
28201|28624|0
28201|60503|0
28201|61568|0
28201|262355|0
28201|263152|0
268976|268314|-1
268976|22548|0
268976|28624|0
268976|60503|0
268976|263152|0
268976|52873|0
268976|264479|0
28573|22548|0
28573|28220|0
28573|28624|0
28573|61568|0
28573|262355|0
28573|263152|0
262589|17222|-1
262589|22381|-1
262589|25933|-1
262589|28210|-1
262589|28294|-1
262589|28329|-1
262589|28598|-1
262589|28649|-1
262589|53062|-1
262589|263966|-1
262589|264598|-1
262589|265442|-1
262589|266445|-1
262589|268126|-1
262589|270417|-1
262589|22548|0
262589|28220|0
262589|28343|0
262589|28624|0
262589|61568|0
262589|52873|0
262589|60503|0
262589|264479|0
262589|270814|0
262589|263152|0
28283|52863|-1
28283|53169|-1
28283|61609|-1
28283|61616|-1
28283|266181|-1
28283|274673|-1
28283|26615|0
28283|22548|0
28283|52873|0
28283|60503|0
28283|264479|0
28283|264997|0
28283|272713|0
28283|28624|0
28283|61568|0
28283|263152|0
272713|26615|-1
272713|28189|-1
272713|28260|-1
272713|28359|-1
272713|270814|-1
272713|271042|-1
272713|22381|0
272713|28624|0
272713|52925|0
272713|61568|0
272713|262999|0
272713|263152|0
272713|266143|0
272713|266181|0
272713|268624|0
272713|22548|0
272713|23106|0
272713|52873|0
272713|53062|0
272713|60503|0
272713|263400|0
272713|263444|0
272713|264329|0
272713|267318|0
272713|270735|0
28189|266931|-1
28189|22548|0
28189|52873|0
28189|60503|0
28189|61568|0
28189|262355|0
28189|264479|0
28189|28624|0
28189|263152|0
266931|264170|-1
266931|268126|-1
266931|22548|0
266931|28624|0
266931|61568|0
266931|263152|0
266931|52873|0
266931|60503|0
266931|263966|0
266931|264479|0
10733|268126|-1
10733|22548|0
10733|52873|0
10733|60503|0
10733|61568|0
10733|264479|0
10733|28624|0
10733|52925|0
10733|263152|0
61609|268126|-1
61609|269663|-1
61609|28624|0
61609|22548|0
61609|52873|0
61609|61568|0
61609|264479|0
61609|263152|0
268126|266599|-1
268126|22548|0
268126|28624|0
268126|52873|0
268126|60503|0
268126|61568|0
268126|263152|0
268126|264479|0
263152|26615|-1
263152|22381|0
263152|28191|0
263152|28202|0
263152|52925|0
263152|61599|0
263152|262354|0
263152|262645|0
263152|262761|0
263152|262901|0
263152|262999|0
263152|1916|0
263152|11432|0
263152|14282|0
263152|14868|0
263152|17222|0
263152|22548|0
263152|23106|0
263152|25933|0
263152|27693|0
263152|28158|0
263152|28173|0
263152|28186|0
263152|28198|0
263152|28220|0
263152|28260|0
263152|28329|0
263152|28343|0
263152|28359|0
263152|28368|0
263152|28598|0
263152|28610|0
263152|28624|0
263152|28649|0
263152|28663|0
263152|28666|0
263152|52554|0
263152|52573|0
263152|52587|0
263152|52613|0
263152|52630|0
263152|52720|0
263152|52742|0
263152|52772|0
263152|52840|0
263152|52863|0
263152|52871|0
263152|52872|0
263152|52873|0
263152|52928|0
263152|52941|0
263152|52965|0
263152|52974|0
263152|52999|0
263152|53005|0
263152|53013|0
263152|53019|0
263152|53062|0
263152|53065|0
263152|53087|0
263152|53102|0
263152|53115|0
263152|53158|0
263152|53169|0
263152|53180|0
263152|53181|0
263152|53184|0
263152|53237|0
263152|53238|0
263152|60503|0
263152|61568|0
263152|61592|0
263152|61616|0
263152|61621|0
263152|61622|0
263152|61624|0
263152|61678|0
263152|61745|0
263152|61817|0
263152|61832|0
263152|61884|0
263152|61923|0
263152|262282|0
263152|262287|0
263152|262342|0
263152|262352|0
263152|262355|0
263152|262462|0
263152|262468|0
263152|262476|0
263152|262494|0
263152|262503|0
263152|262517|0
263152|262532|0
263152|262725|0
263152|262740|0
263152|262773|0
263152|262821|0
263152|262847|0
263152|262907|0
263152|262989|0
263152|263047|0
263152|263073|0
263152|263097|0
263152|263151|0
263152|263269|0
263152|263276|0
263152|263327|0
263152|263400|0
263152|263432|0
263152|263444|0
263152|263482|0
263152|263558|0
263152|263616|0
263152|263625|0
263152|263877|0
263152|263880|0
263152|263903|0
263152|263928|0
263152|263945|0
263152|263966|0
263152|264120|0
263152|264127|0
263152|264144|0
263152|264170|0
263152|264288|0
263152|264293|0
263152|264294|0
263152|264329|0
263152|264479|0
263152|264525|0
263152|264562|0
263152|264589|0
263152|264598|0
263152|264984|0
263152|264991|0
263152|264996|0
263152|264997|0
263152|265038|0
263152|265061|0
263152|265080|0
263152|265135|0
263152|265144|0
263152|265147|0
263152|265269|0
263152|265290|0
263152|265336|0
263152|265377|0
263152|265393|0
263152|265436|0
263152|265482|0
263152|266080|0
263152|266136|0
263152|266143|0
263152|266181|0
263152|266409|0
263152|266445|0
263152|266520|0
263152|266525|0
263152|266583|0
263152|266962|0
263152|267056|0
263152|267318|0
263152|267469|0
263152|267470|0
263152|268106|0
263152|268267|0
263152|268568|0
263152|268624|0
263152|268689|0
263152|268862|0
263152|268925|0
263152|268944|0
263152|269096|0
263152|269194|0
263152|269311|0
263152|269416|0
263152|269444|0
263152|269558|0
263152|269595|0
263152|270417|0
263152|270548|0
263152|270724|0
263152|270735|0
263152|270814|0
263152|271042|0
263152|271201|0
263152|272193|0
263152|273478|0
263152|273669|0
263152|273683|0
263152|274464|0
263152|274685|0
263152|263998|0
263152|264949|0
263152|264998|0
263152|265442|0
263152|269663|0
269663|266599|-1
269663|22548|0
269663|28624|0
269663|52873|0
269663|60503|0
269663|61568|0
269663|264479|0
266599|26615|-1
26615|28260|-1
26615|52925|-1
26615|52965|-1
26615|53062|-1
26615|53065|-1
26615|61568|-1
26615|61621|-1
26615|61623|-1
26615|61832|-1
26615|262342|-1
26615|262424|-1
26615|262503|-1
26615|263903|-1
26615|263934|-1
26615|264120|-1
26615|264221|-1
26615|264320|-1
26615|264470|-1
26615|264562|-1
26615|264899|-1
26615|264984|-1
26615|266445|-1
26615|266583|-1
26615|270724|-1
26615|1916|0
26615|22548|0
26615|28329|0
26615|28663|0
26615|53013|0
26615|53115|0
26615|53181|0
26615|262494|0
26615|262725|0
26615|264996|0
52925|22381|-1
52925|28663|-1
52925|52965|-1
52925|53102|-1
52925|61616|-1
52925|263558|-1
52925|263928|-1
52925|268624|-1
52925|22548|0
52925|23106|0
52925|28173|0
52925|28624|0
52925|28649|0
52925|52873|0
52925|53181|0
52925|60503|0
52925|61568|0
52925|61884|0
52925|262355|0
52925|262761|0
52925|263945|0
52925|264329|0
52925|264479|0
52925|265144|0
52925|265442|0
52925|269311|0
52925|270735|0
52925|262999|0
28663|263444|-1
28663|22548|0
28663|28624|0
28663|52873|0
28663|53062|0
28663|60503|0
28663|61568|0
28663|264479|0
263444|22381|-1
263444|28158|-1
263444|28191|-1
263444|53005|-1
263444|262761|-1
263444|263151|-1
263444|264127|-1
263444|22548|0
263444|28624|0
263444|61568|0
263444|262355|0
263444|52873|0
263444|53062|0
263444|60503|0
263444|262287|0
263444|264479|0
263444|269096|0
22381|11432|-1
22381|27693|-1
22381|28210|-1
22381|28329|-1
22381|28343|-1
22381|28359|-1
22381|28598|-1
22381|52551|-1
22381|52863|-1
22381|53062|-1
22381|263432|-1
22381|263966|-1
22381|267470|-1
22381|269444|-1
22381|270417|-1
22381|270814|-1
22381|273478|-1
22381|22548|0
22381|28220|0
22381|28294|0
22381|28624|0
22381|28649|0
22381|52873|0
22381|60503|0
22381|264479|0
22381|264598|0
53062|28158|-1
53062|28198|-1
53062|28260|-1
53062|52587|-1
53062|53238|-1
53062|61616|-1
53062|61622|-1
53062|262550|-1
53062|262645|-1
53062|262907|-1
53062|263629|-1
53062|263966|-1
53062|263998|-1
53062|266143|-1
53062|267318|-1
53062|272193|-1
53062|22548|0
53062|28220|0
53062|28624|0
53062|52873|0
53062|264479|0
53062|60503|0
53062|61568|0
53062|273478|0
61832|28210|-1
61832|28294|-1
61832|28368|-1
61832|28598|-1
61832|52554|-1
61832|52613|-1
61832|52720|-1
61832|262354|-1
61832|262462|-1
61832|262494|-1
61832|262773|-1
61832|263250|-1
61832|263928|-1
61832|264288|-1
61832|264294|-1
61832|264531|-1
61832|264991|-1
61832|265023|-1
61832|265038|-1
61832|265147|-1
61832|265290|-1
61832|266337|-1
61832|266525|-1
61832|268314|-1
61832|268424|-1
61832|269595|-1
61832|22548|0
61832|28624|0
61832|60503|0
61832|61568|0
61832|52873|0
61832|264479|0
61832|262355|0
61832|262847|0
53013|28202|-1
53013|28220|-1
53013|28359|-1
53013|28610|-1
53013|52551|-1
53013|52783|-1
53013|52840|-1
53013|60503|-1
53013|262503|-1
53013|263998|-1
53013|265144|-1
53013|266409|-1
53013|268106|-1
53013|269096|-1
53013|269558|-1
53013|271042|-1
53013|273478|-1
53013|273669|-1
53013|28260|0
53013|270814|0
53013|61568|0
53013|61828|0
53013|264293|0
53013|270724|0
61568|28220|-1
61568|28624|-1
61568|53014|-1
61568|53019|-1
61568|61592|-1
61568|262532|-1
61568|262740|-1
61568|262773|-1
61568|263276|-1
61568|263880|-1
61568|264288|-1
61568|264293|-1
61568|264589|-1
61568|264996|-1
61568|265080|-1
61568|265135|-1
61568|265147|-1
61568|265377|-1
61568|266136|-1
61568|266302|-1
61568|266516|-1
61568|267669|-1
61568|268267|-1
61568|268314|-1
61568|269595|-1
61568|270596|-1
61568|272792|-1
61568|25933|0
61568|28202|0
61568|28329|0
61568|52772|0
61568|1916|0
61568|11432|0
61568|14282|0
61568|14868|0
61568|17222|0
61568|22548|0
61568|23106|0
61568|27693|0
61568|28158|0
61568|28173|0
61568|28186|0
61568|28198|0
61568|28260|0
61568|28343|0
61568|28359|0
61568|28368|0
61568|28598|0
61568|28610|0
61568|28649|0
61568|28666|0
61568|52554|0
61568|52573|0
61568|52613|0
61568|52630|0
61568|52720|0
61568|52742|0
61568|52840|0
61568|52863|0
61568|52871|0
61568|52872|0
61568|52873|0
61568|52941|0
61568|52965|0
61568|52974|0
61568|53005|0
61568|53065|0
61568|53087|0
61568|53102|0
61568|53115|0
61568|53158|0
61568|53169|0
61568|53180|0
61568|53181|0
61568|53184|0
61568|53237|0
61568|53238|0
61568|60503|0
61568|61621|0
61568|61622|0
61568|61624|0
61568|61678|0
61568|61745|0
61568|61817|0
61568|61884|0
61568|61923|0
61568|262287|0
61568|262342|0
61568|262352|0
61568|262355|0
61568|262462|0
61568|262468|0
61568|262476|0
61568|262503|0
61568|262517|0
61568|262725|0
61568|262821|0
61568|262847|0
61568|262907|0
61568|263047|0
61568|263097|0
61568|263151|0
61568|263269|0
61568|263327|0
61568|263432|0
61568|263482|0
61568|263616|0
61568|263625|0
61568|263877|0
61568|263903|0
61568|263945|0
61568|263966|0
61568|264127|0
61568|264144|0
61568|264170|0
61568|264294|0
61568|264329|0
61568|264479|0
61568|264525|0
61568|264562|0
61568|264598|0
61568|264984|0
61568|264991|0
61568|264997|0
61568|265038|0
61568|265061|0
61568|265269|0
61568|265290|0
61568|265336|0
61568|265393|0
61568|265436|0
61568|265482|0
61568|266080|0
61568|266409|0
61568|266445|0
61568|266520|0
61568|266583|0
61568|266962|0
61568|267469|0
61568|268106|0
61568|268568|0
61568|268624|0
61568|268689|0
61568|268862|0
61568|269096|0
61568|269194|0
61568|269416|0
61568|269444|0
61568|269558|0
61568|270417|0
61568|270724|0
61568|270735|0
61568|270814|0
61568|271042|0
61568|271201|0
61568|273431|0
61568|273478|0
61568|273669|0
61568|273683|0
61568|274464|0
61568|61599|0
61568|262354|0
61568|262645|0
61568|262761|0
61568|262901|0
61568|262999|0
61568|263998|0
61568|266181|0
61568|267056|0
28368|28210|-1
28368|28294|-1
28368|28598|-1
28368|52613|-1
28368|262354|-1
28368|262494|-1
28368|262773|-1
28368|263250|-1
28368|264288|-1
28368|264531|-1
28368|265023|-1
28368|265290|-1
28368|266337|-1
28368|266525|-1
28368|268314|-1
28368|269595|-1
28368|22548|0
28368|52873|0
28368|264479|0
28368|28624|0
28368|60503|0
269194|263945|-1
269194|264294|-1
269194|264531|-1
269194|268011|-1
269194|268314|-1
269194|269558|-1
269194|22548|0
269194|28624|0
269194|52630|0
269194|60503|0
269194|262355|0
269194|264479|0
269194|52873|0
263945|52863|-1
263945|264531|-1
263945|28624|0
263945|264479|0
52863|11432|-1
52863|28186|-1
52863|28359|-1
52863|52872|-1
52863|264144|-1
52863|264479|-1
52863|270814|-1
52863|22548|0
52863|28624|0
52863|52873|0
52863|60503|0
52863|262355|0
28329|53237|-1
28329|262517|-1
28329|262989|-1
28329|265144|-1
28329|267469|-1
28329|22548|0
28329|28624|0
28329|52873|0
28329|60503|0
28329|264479|0
270735|262503|-1
270735|263432|-1
270735|265290|-1
270735|270724|-1
270735|271042|-1
270735|271201|-1
270735|22548|0
270735|28624|0
270735|52873|0
270735|52999|0
270735|60503|0
270735|264479|0
52965|61758|-1
52965|265269|-1
52965|265377|-1
52965|266302|-1
52965|266516|-1
52965|268314|-1
52965|268944|-1
52965|269595|-1
52965|270596|-1
52965|28624|0
52965|22548|0
52965|52873|0
52965|60503|0
52965|262773|0
52965|262989|0
52965|264479|0
52965|262355|0
53087|53019|-1
53087|262773|-1
53087|263880|-1
53087|265135|-1
53087|265147|-1
53087|265290|-1
53087|268314|-1
53087|268865|-1
53087|28624|0
53087|22548|0
53087|52873|0
53087|60503|0
53087|264479|0
53181|262901|-1
53181|263482|-1
53181|263558|-1
53181|264170|-1
53181|22548|0
53181|28624|0
53181|52873|0
53181|60503|0
53181|262355|0
53181|264479|0
262354|28294|-1
262354|28598|-1
262354|22548|0
262354|28359|0
262354|28624|0
262354|52873|0
262354|60503|0
262354|262847|0
262354|264479|0
11432|263650|-1
11432|266962|-1
11432|268314|-1
11432|22548|0
11432|28220|0
11432|28624|0
11432|52873|0
11432|60503|0
11432|262355|0
11432|264479|0
28598|53237|-1
28598|262773|-1
28598|264949|-1
28598|265147|-1
28598|265290|-1
28598|268314|-1
28598|268655|-1
28598|269595|-1
28598|22548|0
28598|52873|0
28598|60503|0
28598|264479|0
28598|28624|0
28598|262355|0
28260|263934|-1
28260|268865|-1
28260|269416|-1
28260|270548|-1
28260|271201|-1
28260|22548|0
28260|52873|0
28260|60503|0
28260|262355|0
28260|264479|0
28260|28624|0
262907|52900|-1
262907|61616|-1
262907|262526|-1
262907|22548|0
262907|28220|0
262907|28624|0
262907|262355|0
262907|52873|0
262907|60503|0
262907|262989|0
262907|264479|0
262907|273683|0
262287|28666|-1
262287|265393|-1
262287|22548|0
262287|28173|0
262287|28624|0
262287|53019|0
262287|53180|0
262287|60503|0
262287|52873|0
262287|264479|0
262287|262355|0
52873|52554|-1
52873|52974|-1
52873|61758|-1
52873|1916|0
52873|14282|0
52873|14868|0
52873|17222|0
52873|22548|0
52873|23106|0
52873|25933|0
52873|27693|0
52873|28158|0
52873|28173|0
52873|28186|0
52873|28198|0
52873|28202|0
52873|28220|0
52873|28343|0
52873|28359|0
52873|28610|0
52873|28624|0
52873|28649|0
52873|28666|0
52873|52573|0
52873|52587|0
52873|52613|0
52873|52630|0
52873|52720|0
52873|52742|0
52873|52772|0
52873|52871|0
52873|52872|0
52873|52840|0
52873|53238|0
52873|61592|0
52873|61923|0
52873|263625|0
52873|267470|0
52873|269416|0
52873|270814|0
52873|52928|0
52873|52941|0
52873|52999|0
52873|53019|0
52873|53065|0
52873|53102|0
52873|53115|0
52873|53158|0
52873|53169|0
52873|53180|0
52873|53184|0
52873|53237|0
52873|60503|0
52873|61599|0
52873|61621|0
52873|61622|0
52873|61624|0
52873|61678|0
52873|61745|0
52873|61817|0
52873|61884|0
52873|262342|0
52873|262352|0
52873|262355|0
52873|262462|0
52873|262468|0
52873|262476|0
52873|262494|0
52873|262503|0
52873|262532|0
52873|262645|0
52873|262725|0
52873|262740|0
52873|262761|0
52873|262773|0
52873|262821|0
52873|262847|0
52873|262901|0
52873|262989|0
52873|262999|0
52873|263047|0
52873|263073|0
52873|263269|0
52873|263276|0
52873|263327|0
52873|263432|0
52873|263558|0
52873|263616|0
52873|263877|0
52873|263903|0
52873|263928|0
52873|263966|0
52873|263998|0
52873|264127|0
52873|264144|0
52873|264170|0
52873|264288|0
52873|264293|0
52873|264329|0
52873|264479|0
52873|264525|0
52873|264562|0
52873|264598|0
52873|264949|0
52873|264984|0
52873|264991|0
52873|264997|0
52873|264998|0
52873|265038|0
52873|265061|0
52873|265080|0
52873|265135|0
52873|265144|0
52873|265147|0
52873|265269|0
52873|265290|0
52873|265377|0
52873|265393|0
52873|265436|0
52873|265442|0
52873|265482|0
52873|266080|0
52873|266136|0
52873|266181|0
52873|266409|0
52873|266445|0
52873|266520|0
52873|266525|0
52873|266583|0
52873|266962|0
52873|267056|0
52873|267469|0
52873|268106|0
52873|268267|0
52873|268568|0
52873|268624|0
52873|268689|0
52873|268862|0
52873|268925|0
52873|268944|0
52873|269096|0
52873|269444|0
52873|269558|0
52873|270417|0
52873|270548|0
52873|270724|0
52873|271042|0
52873|273478|0
52873|273669|0
52873|273683|0
52873|274464|0
52873|274685|0
23106|28158|-1
23106|22548|0
23106|28624|0
23106|60503|0
23106|61828|0
23106|264479|0
268624|28610|-1
268624|53102|-1
268624|263877|-1
268624|270724|-1
268624|28624|0
268624|22548|0
268624|60503|0
268624|264479|0
265144|273683|-1
265144|28624|0
265144|60503|0
265144|264479|0
265144|268862|0
60503|28610|-1
60503|262550|-1
60503|264949|-1
60503|265080|-1
60503|265147|-1
60503|14282|0
60503|22548|0
60503|25933|0
60503|27693|0
60503|28158|0
60503|28173|0
60503|28191|0
60503|28198|0
60503|28202|0
60503|28220|0
60503|28343|0
60503|28624|0
60503|52587|0
60503|52630|0
60503|52742|0
60503|52772|0
60503|52871|0
60503|52928|0
60503|52941|0
60503|52974|0
60503|52999|0
60503|53005|0
60503|53019|0
60503|53102|0
60503|53115|0
60503|53158|0
60503|53169|0
60503|53180|0
60503|53184|0
60503|1916|0
60503|14868|0
60503|28186|0
60503|28359|0
60503|28649|0
60503|28666|0
60503|52554|0
60503|52573|0
60503|52613|0
60503|52720|0
60503|52840|0
60503|52872|0
60503|53065|0
60503|53237|0
60503|53238|0
60503|61592|0
60503|61624|0
60503|61923|0
60503|262462|0
60503|262476|0
60503|262532|0
60503|262773|0
60503|263482|0
60503|263625|0
60503|263903|0
60503|263928|0
60503|263966|0
60503|264170|0
60503|264329|0
60503|264479|0
60503|265038|0
60503|265336|0
60503|265436|0
60503|265482|0
60503|266962|0
60503|267470|0
60503|268568|0
60503|269416|0
60503|270814|0
60503|273669|0
60503|274464|0
60503|61599|0
60503|61621|0
60503|61622|0
60503|61678|0
60503|61745|0
60503|61817|0
60503|61884|0
60503|262342|0
60503|262352|0
60503|262355|0
60503|262468|0
60503|262494|0
60503|262503|0
60503|262645|0
60503|262725|0
60503|262740|0
60503|262761|0
60503|262821|0
60503|262847|0
60503|262901|0
60503|262989|0
60503|262999|0
60503|263047|0
60503|263073|0
60503|263151|0
60503|263276|0
60503|263327|0
60503|263432|0
60503|263558|0
60503|263616|0
60503|263877|0
60503|263880|0
60503|263998|0
60503|264120|0
60503|264127|0
60503|264144|0
60503|264293|0
60503|264294|0
60503|264525|0
60503|264562|0
60503|264598|0
60503|264984|0
60503|264991|0
60503|264997|0
60503|264998|0
60503|265061|0
60503|265135|0
60503|265269|0
60503|265377|0
60503|265393|0
60503|265442|0
60503|266080|0
60503|266136|0
60503|266181|0
60503|266409|0
60503|266445|0
60503|266520|0
60503|266525|0
60503|266583|0
60503|267056|0
60503|268106|0
60503|268267|0
60503|268689|0
60503|268862|0
60503|268925|0
60503|268944|0
60503|269096|0
60503|269558|0
60503|269595|0
60503|270417|0
60503|270548|0
60503|270724|0
60503|271042|0
60503|271201|0
60503|273478|0
60503|273683|0
60503|274685|0
61621|262342|-1
61621|262352|-1
61621|22548|0
61621|28624|0
61621|262476|0
61621|264479|0
273683|263629|-1
273683|266080|-1
273683|28624|0
273683|22548|0
273683|264479|0
263276|61592|-1
263276|267427|-1
263276|28220|0
263276|28624|0
263276|262355|0
263276|22548|0
263276|264479|0
263903|263151|-1
263903|264120|-1
263903|268314|-1
263903|22548|0
263903|28624|0
263903|262355|0
263903|264479|0
262355|52560|-1
262355|53065|-1
262355|262821|-1
262355|262847|-1
262355|274685|-1
262355|28210|0
262355|28343|0
262355|28624|0
262355|52772|0
262355|61817|0
262355|14282|0
262355|17222|0
262355|22548|0
262355|28145|0
262355|52554|0
262355|52872|0
262355|53115|0
262355|53184|0
262355|61582|0
262355|61592|0
262355|61745|0
262355|61758|0
262355|262352|0
262355|262503|0
262355|262517|0
262355|262725|0
262355|262773|0
262355|263047|0
262355|263097|0
262355|263327|0
262355|263482|0
262355|264329|0
262355|264479|0
262355|265038|0
262355|265061|0
262355|265130|0
262355|265269|0
262355|265336|0
262355|265393|0
262355|266445|0
262355|267427|0
262355|267469|0
262355|267470|0
262355|268106|0
262355|268568|0
262355|268944|0
262355|269311|0
262355|270551|0
262355|274464|0
262355|262645|0
262355|262740|0
262355|264144|0
262355|264996|0
262355|265147|0
262355|265377|0
262355|266181|0
262355|266520|0
262355|270596|0
264997|265269|-1
264997|268314|-1
264997|28624|0
264997|22548|0
264997|262494|0
264997|264479|0
266409|264170|-1
266409|28624|0
266409|22548|0
266409|264479|0
263629|262550|-1
263629|263097|-1
270814|28359|-1
270814|269444|-1
270814|22548|0
270814|28624|0
270814|264479|0
266445|265063|-1
266445|28624|0
266445|61817|0
266445|264479|0
61592|266962|-1
61592|22548|0
61592|28220|0
61592|28624|0
61592|264479|0
52554|52720|-1
52554|61758|-1
52554|262773|-1
52554|263151|-1
52554|22548|0
52554|28624|0
52554|264479|0
52900|262550|-1
61599|28145|-1
61599|53115|-1
61599|263616|-1
61599|267056|-1
61599|22548|0
61599|28624|0
61599|264479|0
265023|265407|-1
262526|267318|-1
53169|262399|-1
53169|28624|0
53169|22548|0
53169|264479|0
52573|52742|-1
52573|263269|-1
52573|263558|-1
52573|22548|0
52573|28220|0
52573|28624|0
52573|264479|0
262399|53238|-1
53238|274673|-1
53238|22548|0
53238|28624|0
53238|264479|0
262352|262989|-1
262352|22548|0
262352|28220|0
262352|28624|0
262352|264479|0
274673|264329|-1
264329|266337|-1
264329|22548|0
264329|28624|0
264329|264479|0
265407|271503|-1
263400|263097|-1
263400|264879|-1
263625|265436|-1
263625|22548|0
263625|28624|0
263625|264479|0
270417|272193|-1
270417|22548|0
270417|28624|0
270417|264479|0
264170|269444|-1
264170|22548|0
264170|28624|0
264170|264479|0
269096|22548|0
269096|28624|0
269096|264479|0
271503|262989|-1
262989|263097|-1
262989|22548|0
262989|28624|0
262989|264479|0
262989|265482|0
262989|263327|0
263073|262468|-1
263073|268314|-1
263073|28624|0
263073|22548|0
263073|264479|0
263097|263650|-1
265436|266337|-1
265436|22548|0
265436|28624|0
265436|264479|0
265269|264960|-1
265269|264991|-1
265269|268011|-1
265269|268314|-1
265269|269558|-1
265269|28624|0
265269|22548|0
265269|264479|0
272193|269444|-1
264879|267318|-1
266962|263650|-1
266962|22548|0
266962|28624|0
266962|264479|0
263877|263650|-1
263877|28624|0
263877|22548|0
263877|264479|0
267318|263650|-1
262550|266337|-1
28610|263650|-1
28610|22548|0
28610|264479|0
28610|28624|0
266337|263650|-1
266143|273478|-1
269444|263650|-1
269444|28624|0
269444|22548|0
269444|264479|0
263650|273478|-1
268865|273478|-1
268865|28624|0
268865|264479|0
265063|273478|-1
273478|28202|-1
273478|265482|-1
273478|271042|-1
273478|28624|0
273478|22548|0
273478|52551|0
273478|262503|0
273478|263482|0
273478|264479|0
28343|61616|-1
28343|263928|-1
28343|268314|-1
28343|22548|0
28343|264479|0
28343|28624|0
262468|61758|-1
262468|262494|-1
262468|28624|0
262468|22548|0
262468|264479|0
265038|52772|-1
265038|268314|-1
265038|22548|0
265038|28624|0
265038|264479|0
28220|264949|-1
28220|22548|0
28220|61758|0
28220|262494|0
28220|262773|0
28220|263327|0
28220|264479|0
28220|264996|0
28220|265061|0
28220|265336|0
28220|267427|0
28220|267469|0
28220|270551|0
28220|28624|0
28220|262740|0
28220|265442|0
52872|262999|-1
52872|22548|0
52872|28624|0
52872|264479|0
266181|264562|-1
266181|28624|0
266181|22548|0
266181|264479|0
53115|52560|-1
53115|52587|-1
53115|22548|0
53115|28624|0
53115|264479|0
262740|263928|-1
262740|264173|-1
262740|264998|-1
262740|265135|-1
262740|268267|-1
262740|268314|-1
262740|270867|-1
262740|272792|-1
262740|22548|0
262740|28624|0
262740|264479|0
262761|262282|-1
262761|268314|-1
262761|22548|0
262761|28624|0
262761|28649|0
262761|264479|0
28186|52999|-1
28186|268314|-1
28186|22548|0
28186|264479|0
28186|28624|0
265377|266302|-1
265377|266516|-1
265377|270596|-1
265377|28624|0
265377|264479|0
262462|268314|-1
262462|22548|0
262462|28624|0
262462|264479|0
262503|268314|-1
262503|28624|0
262503|22548|0
262503|264479|0
262494|61817|-1
262494|265139|-1
262494|22548|0
262494|28624|0
262494|264479|0
61884|264275|-1
61884|264470|-1
61884|28624|0
61884|22548|0
61884|264479|0
263432|268314|-1
263432|22548|0
263432|28624|0
263432|264479|0
263616|28145|-1
263616|52587|-1
263616|22548|0
263616|28624|0
263616|264479|0
266583|264320|-1
266583|264470|-1
266583|28624|0
266583|22548|0
266583|264479|0
28198|268568|-1
28198|22548|0
28198|264479|0
28198|28624|0
263250|262424|-1
267469|61616|-1
267469|28624|0
267469|22548|0
267469|264479|0
52613|28294|-1
52613|268424|-1
52613|22548|0
52613|28624|0
52613|264479|0
262476|262517|-1
262476|22548|0
262476|28624|0
262476|264479|0
262424|264562|-1
61828|264562|-1
264562|268944|-1
264562|270551|-1
264562|22548|0
264562|28624|0
264562|264479|0
53065|22548|0
53065|28624|0
53065|264479|0
263966|22548|0
263966|28624|0
263966|264479|0
262999|22548|0
262999|28624|0
262999|264479|0
267470|52772|-1
267470|263047|-1
267470|22548|0
267470|28624|0
267470|264479|0
263327|264221|-1
263327|28624|0
263327|22548|0
263327|264479|0
263880|61758|-1
263880|28624|0
263880|22548|0
263880|264479|0
1916|52840|0
1916|22548|0
1916|28624|0
1916|264479|0
28202|52928|-1
28202|22548|0
28202|28624|0
28202|264479|0
17222|264479|0
17222|28624|0
52871|268314|-1
52871|28624|0
52871|22548|0
52871|264479|0
262847|28624|0
262847|22548|0
262847|264479|0
52720|265336|-1
52720|22548|0
52720|28624|0
52720|264479|0
264479|61758|-1
264479|266935|-1
264479|14282|0
264479|14868|0
264479|22548|0
264479|25933|0
264479|27693|0
264479|28158|0
264479|28173|0
264479|28191|0
264479|28210|0
264479|28359|0
264479|28624|0
264479|28649|0
264479|28666|0
264479|52587|0
264479|52630|0
264479|52742|0
264479|52772|0
264479|52928|0
264479|52941|0
264479|52974|0
264479|52999|0
264479|53005|0
264479|53019|0
264479|53102|0
264479|53158|0
264479|53180|0
264479|53184|0
264479|53237|0
264479|61616|0
264479|61622|0
264479|61624|0
264479|61678|0
264479|61745|0
264479|61817|0
264479|262342|0
264479|262532|0
264479|262645|0
264479|262725|0
264479|262773|0
264479|262821|0
264479|262901|0
264479|263047|0
264479|263151|0
264479|263269|0
264479|263482|0
264479|263558|0
264479|263928|0
264479|263998|0
264479|264120|0
264479|264127|0
264479|264144|0
264479|264173|0
264479|264288|0
264479|264293|0
264479|264294|0
264479|52840|0
264479|61582|0
264479|61923|0
264479|263022|0
264479|269311|0
264479|269416|0
264479|273669|0
264479|274464|0
264479|264525|0
264479|264598|0
264479|264949|0
264479|264984|0
264479|264991|0
264479|264996|0
264479|264998|0
264479|265061|0
264479|265080|0
264479|265130|0
264479|265135|0
264479|265147|0
264479|265290|0
264479|265336|0
264479|265393|0
264479|265442|0
264479|265482|0
264479|266080|0
264479|266136|0
264479|266520|0
264479|266525|0
264479|267056|0
264479|267427|0
264479|268011|0
264479|268101|0
264479|268106|0
264479|268267|0
264479|268568|0
264479|268689|0
264479|268862|0
264479|268925|0
264479|268944|0
264479|269558|0
264479|269595|0
264479|270548|0
264479|270551|0
264479|270596|0
264479|270724|0
264479|271042|0
264479|271201|0
264479|273431|0
264479|274685|0
265393|52772|-1
265393|274464|-1
265393|22548|0
265393|28624|0
52587|268314|-1
52587|28624|0
52587|22548|0
269595|28624|0
269595|22548|0
53180|28624|0
53180|22548|0
28158|22548|0
28158|28624|0
262901|270596|-1
262901|22548|0
262901|28624|0
52551|28649|-1
264531|268655|-1
14868|22548|0
14868|28624|0
269416|263928|-1
269416|22548|0
269416|28624|0
28649|22548|0
28649|28624|0
271042|264598|-1
271042|28624|0
271042|22548|0
14282|262645|-1
14282|22548|0
14282|28624|0
264984|267451|-1
264984|28624|0
264984|22548|0
28624|268267|-1
28624|268314|-1
28624|28191|0
28624|22548|0
28624|25933|0
28624|27693|0
28624|28173|0
28624|28359|0
28624|28666|0
28624|52630|0
28624|52742|0
28624|52772|0
28624|52840|0
28624|52928|0
28624|52941|0
28624|52974|0
28624|52999|0
28624|53005|0
28624|53019|0
28624|53102|0
28624|53158|0
28624|53184|0
28624|53237|0
28624|61622|0
28624|61624|0
28624|61678|0
28624|61745|0
28624|61758|0
28624|61817|0
28624|61923|0
28624|262342|0
28624|262532|0
28624|262725|0
28624|262773|0
28624|262821|0
28624|263022|0
28624|263047|0
28624|263151|0
28624|263269|0
28624|263482|0
28624|263558|0
28624|263928|0
28624|264120|0
28624|264127|0
28624|264144|0
28624|264173|0
28624|264288|0
28624|264293|0
28624|264294|0
28624|264525|0
28624|264589|0
28624|264598|0
28624|264991|0
28624|264996|0
28624|265061|0
28624|265080|0
28624|265135|0
28624|265147|0
28624|265290|0
28624|265336|0
28624|265482|0
28624|266080|0
28624|266136|0
28624|266520|0
28624|266525|0
28624|267056|0
28624|267427|0
28624|268011|0
28624|268101|0
28624|268106|0
28624|268568|0
28624|268689|0
28624|268862|0
28624|268925|0
28624|268944|0
28624|269558|0
28624|270548|0
28624|270551|0
28624|270724|0
28624|271201|0
28624|272792|0
28624|273431|0
28624|273669|0
28624|274464|0
28624|274685|0
28624|262645|0
28624|263998|0
28624|264949|0
28624|264998|0
28624|265442|0
28624|270596|0
265290|270596|-1
265290|22548|0
263482|264127|-1
263482|22548|0
28191|268011|-1
28191|273431|-1
28191|22548|0
53158|22548|0
271201|268011|-1
271201|22548|0
52840|22548|0
52783|273777|-1
273669|22548|0
61758|266935|-1
28173|22548|0
264470|264320|-1
265080|22548|0
262773|22548|0
268862|262725|-1
268862|22548|0
264598|264127|-1
264598|22548|0
267056|263080|-1
267056|22548|0
268424|28210|-1
61623|266520|-1
61745|22548|0
266520|22548|0
53005|262342|-1
53005|22548|0
53019|266935|-1
53019|268314|-1
53019|22548|0
263558|22548|0
273431|268011|-1
264525|22548|0
264144|22548|0
265147|268314|-1
265147|22548|0
274685|262821|-1
274685|22548|0
22548|28359|0
22548|28666|0
22548|52630|0
22548|52742|0
22548|52974|0
22548|53184|0
22548|53237|0
22548|61624|0
22548|61923|0
22548|262532|0
22548|262725|0
22548|262821|0
22548|263047|0
22548|263928|0
22548|264120|0
22548|264127|0
22548|265061|0
22548|265135|0
22548|265336|0
22548|265482|0
22548|268106|0
22548|268568|0
22548|268944|0
22548|270724|0
22548|274464|0
22548|25933|0
22548|27693|0
22548|52772|0
22548|52928|0
22548|52941|0
22548|52999|0
22548|53102|0
22548|61616|0
22548|61622|0
22548|61678|0
22548|61817|0
22548|262342|0
22548|262645|0
22548|263151|0
22548|263269|0
22548|263998|0
22548|264293|0
22548|264294|0
22548|264949|0
22548|264991|0
22548|264998|0
22548|265442|0
22548|266080|0
22548|266136|0
22548|266525|0
22548|268267|0
22548|268689|0
22548|268925|0
22548|269558|0
22548|270548|0
268267|267548|-1
52772|61582|0
28294|266525|-1
265135|263928|-1
61616|268314|-1
28178|53237|-1
268944|268314|-1
270596|267427|-1
52999|268314|-1
264173|264998|-1
264949|268314|-1
264998|272437|-1
264899|268314|-1
270551|263047|-1
268655|268314|-1
265139|268314|-1
263151|265336|-1
264589|268314|-1
263928|61923|-1
264991|268314|-1
264320|268314|-1
272792|267548|-1
53014|267548|-1
272437|267548|-1
263934|270966|-1
263022|268101|-1
267548|268314|-1
266396|268314|-1
268101|268314|-1
268011|268314|-1
273777|268314|-1
266935|268314|-1
264960|268314|-1
267451|268314|-1
