# SCION combined ISD topology ZA
#
# Format:
# provider_ASN|customer_ASN|-1
# peer_ASN1|peer_ASN2|0
3741|16637|-1
3741|36874|-1
3741|36994|-1
3741|37105|-1
3741|37153|-1
3741|37179|-1
3741|37271|-1
3741|37474|-1
3741|37680|-1
3741|327693|-1
3741|328333|-1
3741|7020|-1
3741|10474|-1
3741|10798|-1
3741|11845|-1
3741|14115|-1
3741|16800|-1
3741|20011|-1
3741|22386|-1
3741|23058|-1
3741|25818|-1
3741|32437|-1
3741|32653|-1
3741|36916|-1
3741|36951|-1
3741|36968|-1
3741|36983|-1
3741|37028|-1
3741|37049|-1
3741|37053|-1
3741|37116|-1
3741|37130|-1
3741|37150|-1
3741|37159|-1
3741|37168|-1
3741|37172|-1
3741|37199|-1
3741|37235|-1
3741|37236|-1
3741|37239|-1
3741|37275|-1
3741|37276|-1
3741|37302|-1
3741|37314|-1
3741|37315|-1
3741|37317|-1
3741|37333|-1
3741|37356|-1
3741|37363|-1
3741|37399|-1
3741|37403|-1
3741|37482|-1
3741|37542|-1
3741|37564|-1
3741|37599|-1
3741|37627|-1
3741|37630|-1
3741|37639|-1
3741|37652|-1
3741|37663|-1
3741|37667|-1
3741|37668|-1
3741|37670|-1
3741|37673|-1
3741|37675|-1
3741|37691|-1
3741|327733|-1
3741|327749|-1
3741|327751|-1
3741|327754|-1
3741|327767|-1
3741|327772|-1
3741|327794|-1
3741|327804|-1
3741|327822|-1
3741|327849|-1
3741|327897|-1
3741|327901|-1
3741|327907|-1
3741|327926|-1
3741|327935|-1
3741|327936|-1
3741|327950|-1
3741|327966|-1
3741|327988|-1
3741|327991|-1
3741|328016|-1
3741|328024|-1
3741|328029|-1
3741|328032|-1
3741|328041|-1
3741|328045|-1
3741|328049|-1
3741|328068|-1
3741|328114|-1
3741|328163|-1
3741|328186|-1
3741|328210|-1
3741|328214|-1
3741|328237|-1
3741|328266|-1
3741|328270|-1
3741|328275|-1
3741|328278|-1
3741|328312|-1
3741|328315|-1
3741|328320|-1
3741|328337|-1
3741|328341|-1
3741|328366|-1
3741|328370|-1
3741|328384|-1
3741|328388|-1
3741|328423|-1
3741|328431|-1
3741|328437|-1
3741|328446|-1
3741|328450|-1
3741|328464|-1
3741|328471|-1
3741|328474|-1
3741|328480|-1
3741|328501|-1
3741|328512|-1
3741|328517|-1
3741|328524|-1
3741|328561|-1
3741|328568|-1
3741|328576|-1
3741|328598|-1
3741|328633|-1
3741|328643|-1
3741|328660|-1
3741|328672|-1
3741|328732|-1
3741|328735|-1
3741|328736|-1
3741|328760|-1
3741|328767|-1
3741|328803|-1
3741|328806|-1
3741|328820|-1
3741|328839|-1
3741|328888|-1
3741|329016|-1
3741|329062|-1
3741|329097|-1
3741|329133|-1
3741|329153|-1
3741|329206|-1
3741|329234|-1
3741|329276|-1
3741|329295|-1
3741|329303|-1
3741|329360|-1
3741|329443|-1
3741|329527|-1
3741|329597|-1
3741|37497|0
3741|5713|0
3741|327782|0
3741|328964|0
3741|37457|0
3741|328137|0
3741|327983|0
16637|4571|-1
16637|9129|-1
16637|12091|-1
16637|33769|-1
16637|37121|-1
16637|37402|-1
16637|328456|-1
16637|328513|-1
16637|328523|-1
16637|329089|-1
16637|329151|-1
16637|5713|0
16637|37497|0
16637|37271|0
16637|36874|0
16637|37680|0
16637|328748|0
16637|36994|0
16637|37105|0
16637|327782|0
16637|328562|0
16637|328112|0
16637|327804|0
16637|37356|0
16637|36916|0
16637|32653|0
16637|2018|0
16637|32437|0
16637|37053|0
16637|328964|0
16637|328266|0
16637|37239|0
16637|327960|0
16637|328320|0
16637|328512|0
16637|328137|0
16637|11845|0
16637|37199|0
16637|327983|0
36874|328333|-1
36874|32653|-1
36874|37199|-1
36874|37491|-1
36874|37652|-1
36874|327926|-1
36874|327966|-1
36874|328032|-1
36874|328260|-1
36874|328467|-1
36874|328544|-1
36874|328633|-1
36874|328638|-1
36874|328730|-1
36874|328749|-1
36874|328839|-1
36874|329153|-1
36874|329317|-1
36874|329331|-1
36874|37497|0
36874|36994|0
36874|37105|0
36874|327782|0
36874|328748|0
36874|37680|0
36874|328562|0
36874|328112|0
36874|327804|0
36874|36916|0
36874|2018|0
36874|32437|0
36874|37053|0
36874|328964|0
36874|328266|0
36874|37239|0
36874|327960|0
36874|328320|0
36874|328512|0
36874|20011|0
36874|328137|0
36874|11845|0
36874|327983|0
36994|37105|-1
36994|29918|-1
36994|29975|-1
36994|37028|-1
36994|37121|-1
36994|37137|-1
36994|37160|-1
36994|37180|-1
36994|37275|-1
36994|328006|-1
36994|328106|-1
36994|328135|-1
36994|328186|-1
36994|328523|-1
36994|328561|-1
36994|328991|-1
36994|329012|-1
36994|5713|0
36994|37497|0
36994|37271|0
36994|37680|0
36994|328748|0
36994|327782|0
36994|328510|0
36994|36968|0
36994|328562|0
36994|328112|0
36994|327804|0
36994|328365|0
36994|37356|0
36994|36916|0
36994|32653|0
36994|2018|0
36994|32437|0
36994|37053|0
36994|328964|0
36994|328437|0
36994|328266|0
36994|213481|0
36994|37239|0
36994|327960|0
36994|328320|0
36994|37675|0
36994|328512|0
36994|328024|0
36994|328137|0
36994|11845|0
36994|37199|0
36994|16800|0
36994|327983|0
37105|328365|-1
37105|329139|-1
37105|37358|0
37105|37497|0
37105|37680|0
37105|37739|0
37105|328333|0
37105|328748|0
37105|328884|0
37105|37153|0
37105|37179|0
37105|327693|0
37105|327782|0
37105|328434|0
37105|328631|0
37105|327812|0
37105|329541|0
37105|328917|0
37105|328777|0
37105|328468|0
37105|328839|0
37105|328855|0
37105|7020|0
37105|37333|0
37105|328510|0
37105|37150|0
37105|37640|0
37105|327772|0
37105|328278|0
37105|327988|0
37105|37412|0
37105|328350|0
37105|36968|0
37105|328935|0
37105|329212|0
37105|327908|0
37105|328820|0
37105|328719|0
37105|328036|0
37105|37254|0
37105|37055|0
37105|328790|0
37105|328391|0
37105|328747|0
37105|328714|0
37105|328498|0
37105|327950|0
37105|328156|0
37105|328106|0
37105|329206|0
37105|329597|0
37105|329053|0
37105|329266|0
37105|328373|0
37105|328400|0
37105|329237|0
37105|327923|0
37105|328868|0
37105|328384|0
37105|329159|0
37105|329510|0
37105|327936|0
37105|328744|0
37105|37670|0
37105|327698|0
37105|328763|0
37105|329243|0
37105|328417|0
37105|328562|0
37105|328020|0
37105|327896|0
37105|37652|0
37105|328242|0
37105|327872|0
37105|328112|0
37105|328767|0
37105|328706|0
37105|37368|0
37105|37597|0
37105|329433|0
37105|328568|0
37105|37157|0
37105|328337|0
37105|328929|0
37105|328772|0
37105|328608|0
37105|328209|0
37105|328388|0
37105|328446|0
37105|328125|0
37105|329608|0
37105|328894|0
37105|37653|0
37105|328422|0
37105|327804|0
37105|328270|0
37105|37491|0
37105|328536|0
37105|37542|0
37105|328505|0
37105|327996|0
37105|328114|0
37105|327849|0
37105|328633|0
37105|37515|0
37105|327750|0
37105|328351|0
37105|37482|0
37105|328948|0
37105|327966|0
37105|328677|0
37105|328464|0
37105|37673|0
37105|37356|0
37105|328749|0
37105|36916|0
37105|32653|0
37105|328361|0
37105|2018|0
37105|37724|0
37105|328473|0
37105|329049|0
37105|328548|0
37105|328698|0
37105|32437|0
37105|327808|0
37105|327943|0
37105|328119|0
37105|328888|0
37105|328575|0
37105|329401|0
37105|328039|0
37105|328806|0
37105|37049|0
37105|328870|0
37105|328051|0
37105|328810|0
37105|327962|0
37105|327907|0
37105|329276|0
37105|328220|0
37105|328517|0
37105|328237|0
37105|329046|0
37105|328946|0
37105|329058|0
37105|328262|0
37105|328952|0
37105|328818|0
37105|37627|0
37105|328523|0
37105|328341|0
37105|328912|0
37105|327935|0
37105|328426|0
37105|329144|0
37105|37053|0
37105|328964|0
37105|6083|0
37105|36985|0
37105|37457|0
37105|328437|0
37105|328037|0
37105|328672|0
37105|328266|0
37105|329346|0
37105|328431|0
37105|328179|0
37105|328829|0
37105|329414|0
37105|328583|0
37105|329063|0
37105|327794|0
37105|329391|0
37105|329467|0
37105|328720|0
37105|328589|0
37105|327926|0
37105|329392|0
37105|328461|0
37105|328974|0
37105|328317|0
37105|328364|0
37105|328375|0
37105|328691|0
37105|328327|0
37105|328638|0
37105|328656|0
37105|328074|0
37105|37650|0
37105|328963|0
37105|328519|0
37105|36943|0
37105|329402|0
37105|328803|0
37105|328360|0
37105|37239|0
37105|329455|0
37105|328874|0
37105|327761|0
37105|328170|0
37105|328795|0
37105|327960|0
37105|37519|0
37105|328313|0
37105|328210|0
37105|329064|0
37105|327892|0
37105|328335|0
37105|328735|0
37105|328320|0
37105|329291|0
37105|329465|0
37105|329039|0
37105|328164|0
37105|328246|0
37105|327894|0
37105|37441|0
37105|329350|0
37105|328356|0
37105|329098|0
37105|328657|0
37105|328882|0
37105|328750|0
37105|328216|0
37105|328544|0
37105|37675|0
37105|328816|0
37105|329184|0
37105|328512|0
37105|37484|0
37105|327982|0
37105|329478|0
37105|329305|0
37105|37628|0
37105|37007|0
37105|329126|0
37105|329317|0
37105|328480|0
37105|328323|0
37105|328029|0
37105|329032|0
37105|25818|0
37105|329443|0
37105|20011|0
37105|328507|0
37105|328199|0
37105|328644|0
37105|328788|0
37105|327901|0
37105|37399|0
37105|328693|0
37105|37656|0
37105|37317|0
37105|327751|0
37105|329038|0
37105|327889|0
37105|328661|0
37105|37363|0
37105|37236|0
37105|329429|0
37105|329388|0
37105|328334|0
37105|329062|0
37105|329240|0
37105|329546|0
37105|329481|0
37105|328467|0
37105|327909|0
37105|328346|0
37105|328547|0
37105|328146|0
37105|328315|0
37105|328970|0
37105|328222|0
37105|328016|0
37105|328173|0
37105|37172|0
37105|328275|0
37105|328474|0
37105|37225|0
37105|37314|0
37105|329290|0
37105|327824|0
37105|328137|0
37105|327767|0
37105|37168|0
37105|37316|0
37105|329125|0
37105|328598|0
37105|23058|0
37105|329084|0
37105|328456|0
37105|328501|0
37105|328745|0
37105|328915|0
37105|327987|0
37105|11845|0
37105|329471|0
37105|328576|0
37105|37549|0
37105|328214|0
37105|328826|0
37105|328347|0
37105|37276|0
37105|11744|0
37105|327822|0
37105|329340|0
37105|29918|0
37105|327897|0
37105|328306|0
37105|21739|0
37105|329222|0
37105|37634|0
37105|328287|0
37105|328260|0
37105|328822|0
37105|328172|0
37105|328911|0
37105|37731|0
37105|328386|0
37105|328444|0
37105|328068|0
37105|327754|0
37105|328418|0
37105|329289|0
37105|328730|0
37105|37720|0
37105|328761|0
37105|37315|0
37105|328397|0
37105|327813|0
37105|37266|0
37105|37199|0
37105|329042|0
37105|327733|0
37105|329384|0
37105|328841|0
37105|329279|0
37105|37564|0
37105|328336|0
37105|16800|0
37105|3067|0
37105|328732|0
37105|329028|0
37105|329036|0
37105|329122|0
37105|328032|0
37105|329386|0
37105|328366|0
37105|328916|0
37105|328049|0
37105|327983|0
37105|328632|0
37105|329202|0
37105|328178|0
37105|328285|0
37105|328045|0
37105|37479|0
37105|61092|0
37105|328848|0
37105|329121|0
37105|37618|0
37105|328837|0
37105|22572|0
37105|327991|0
37153|37387|-1
37153|37411|-1
37153|327813|-1
37153|327950|-1
37153|327980|-1
37153|328241|-1
37153|328706|-1
37153|328929|-1
37153|329193|-1
37153|329298|-1
37153|329318|-1
37153|329576|-1
37153|329668|-1
37153|37497|0
37153|328562|0
37153|327804|0
37153|32653|0
37153|37053|0
37153|328964|0
37153|328266|0
37153|37239|0
37153|327960|0
37153|328320|0
37153|328512|0
37153|328137|0
37153|11845|0
37153|37199|0
37153|327983|0
37179|37153|-1
37179|23058|-1
37179|37150|-1
37179|37266|-1
37179|37333|-1
37179|37399|-1
37179|37413|-1
37179|37523|-1
37179|37627|-1
37179|327949|-1
37179|328446|-1
37179|328498|-1
37179|328507|-1
37179|328772|-1
37179|328837|-1
37179|329277|-1
37179|329433|-1
37179|37497|0
37179|328562|0
37179|327804|0
37179|32653|0
37179|37053|0
37179|328964|0
37179|328266|0
37179|37239|0
37179|327960|0
37179|328320|0
37179|328512|0
37179|328137|0
37179|11845|0
37179|37199|0
37179|327983|0
37271|6083|-1
37271|6968|-1
37271|7020|-1
37271|25818|-1
37271|32437|-1
37271|36916|-1
37271|36943|-1
37271|37016|-1
37271|37157|-1
37271|37276|-1
37271|37352|-1
37271|37363|-1
37271|37399|-1
37271|37482|-1
37271|37484|-1
37271|37515|-1
37271|37549|-1
37271|37564|-1
37271|37618|-1
37271|37650|-1
37271|61092|-1
37271|327737|-1
37271|327750|-1
37271|327751|-1
37271|327761|-1
37271|327804|-1
37271|327813|-1
37271|327822|-1
37271|327849|-1
37271|327851|-1
37271|327896|-1
37271|327897|-1
37271|327909|-1
37271|327926|-1
37271|327982|-1
37271|328036|-1
37271|328051|-1
37271|328112|-1
37271|328156|-1
37271|328199|-1
37271|328210|-1
37271|328266|-1
37271|328270|-1
37271|328315|-1
37271|328317|-1
37271|328334|-1
37271|328386|-1
37271|328391|-1
37271|328400|-1
37271|328437|-1
37271|328441|-1
37271|328471|-1
37271|328480|-1
37271|328510|-1
37271|328698|-1
37271|328735|-1
37271|328744|-1
37271|328767|-1
37271|328855|-1
37271|328868|-1
37271|328910|-1
37271|328911|-1
37271|328916|-1
37271|328942|-1
37271|328964|-1
37271|329045|-1
37271|329063|-1
37271|329206|-1
37271|329305|-1
37271|329384|-1
37271|329478|-1
37271|329546|-1
37271|5713|0
37271|32653|0
37271|2018|0
37271|11845|0
37474|37497|0
37474|32653|0
37474|328964|0
37474|37239|0
37474|11845|0
37680|36916|-1
37680|37611|-1
37680|328337|-1
37680|328596|-1
37680|328888|-1
37680|328966|-1
37680|329112|-1
37680|5713|0
37680|37497|0
37680|327782|0
37680|328748|0
37680|328562|0
37680|328112|0
37680|327804|0
37680|32653|0
37680|2018|0
37680|32437|0
37680|37053|0
37680|328964|0
37680|328266|0
37680|37239|0
37680|327960|0
37680|328320|0
37680|328512|0
37680|328137|0
37680|11845|0
37680|37199|0
37680|327983|0
327693|37680|-1
327693|23058|-1
327693|36983|-1
327693|37412|-1
327693|37479|-1
327693|37611|-1
327693|327808|-1
327693|327832|-1
327693|327946|-1
327693|328041|-1
327693|328161|-1
327693|328431|-1
327693|328456|-1
327693|328505|-1
327693|328513|-1
327693|328526|-1
327693|328537|-1
327693|328651|-1
327693|328672|-1
327693|328677|-1
327693|328790|-1
327693|328798|-1
327693|328902|-1
327693|329064|-1
327693|329106|-1
327693|329290|-1
327693|329429|-1
327693|329505|-1
327693|37497|0
327693|328562|0
327693|327804|0
327693|32653|0
327693|37053|0
327693|328964|0
327693|328266|0
327693|37239|0
327693|327960|0
327693|328320|0
327693|328512|0
327693|328137|0
327693|11845|0
327693|37199|0
327693|327983|0
328333|37225|-1
328333|327754|-1
328333|327950|-1
328333|327984|-1
328333|328167|-1
328333|328178|-1
328333|328341|-1
328333|328486|-1
328333|328538|-1
328333|328622|-1
328333|328863|-1
328333|328931|-1
328333|329089|-1
328333|329303|-1
328333|329501|-1
328333|329608|-1
328333|37497|0
328333|327782|0
328333|328562|0
328333|327804|0
328333|32653|0
328333|328964|0
328333|328266|0
328333|37239|0
328333|327960|0
328333|328320|0
328333|328512|0
328333|328137|0
328333|11845|0
328333|37199|0
328333|327983|0
37497|328884|-1
37497|37254|-1
37497|37356|-1
37497|37403|-1
37497|37675|-1
37497|37720|-1
37497|327750|-1
37497|327892|-1
37497|327979|-1
37497|327983|-1
37497|328037|-1
37497|328170|-1
37497|328216|-1
37497|328327|-1
37497|328350|-1
37497|328351|-1
37497|328608|-1
37497|328631|-1
37497|328661|-1
37497|328747|-1
37497|328810|-1
37497|328841|-1
37497|329038|-1
37497|329438|-1
37497|329479|-1
37497|329558|-1
37497|5713|0
37497|37739|0
37497|327782|0
37497|328748|0
37497|328434|0
37497|327812|0
37497|329153|0
37497|329541|0
37497|328917|0
37497|328777|0
37497|328468|0
37497|37028|0
37497|328839|0
37497|328855|0
37497|7020|0
37497|37333|0
37497|328510|0
37497|37150|0
37497|37640|0
37497|327772|0
37497|328278|0
37497|327988|0
37497|37412|0
37497|36968|0
37497|328935|0
37497|329360|0
37497|329212|0
37497|327908|0
37497|328820|0
37497|328176|0
37497|328719|0
37497|37302|0
37497|37523|0
37497|328036|0
37497|328622|0
37497|329474|0
37497|37055|0
37497|37668|0
37497|328790|0
37497|328391|0
37497|328714|0
37497|328498|0
37497|327950|0
37497|328156|0
37497|329206|0
37497|329597|0
37497|329053|0
37497|329266|0
37497|328373|0
37497|328400|0
37497|329237|0
37497|327923|0
37497|328868|0
37497|6968|0
37497|328384|0
37497|329159|0
37497|329510|0
37497|327936|0
37497|328744|0
37497|37670|0
37497|328763|0
37497|329243|0
37497|328417|0
37497|328562|0
37497|328020|0
37497|37235|0
37497|327896|0
37497|37652|0
37497|328242|0
37497|327872|0
37497|328112|0
37497|328767|0
37497|328931|0
37497|328706|0
37497|37368|0
37497|37597|0
37497|329433|0
37497|328568|0
37497|37157|0
37497|328337|0
37497|328929|0
37497|328772|0
37497|37352|0
37497|328209|0
37497|328388|0
37497|328446|0
37497|22355|0
37497|329248|0
37497|37663|0
37497|328894|0
37497|37653|0
37497|328422|0
37497|327804|0
37497|328270|0
37497|37491|0
37497|328536|0
37497|37542|0
37497|328505|0
37497|327996|0
37497|328114|0
37497|328643|0
37497|327849|0
37497|328633|0
37497|37515|0
37497|328365|0
37497|37482|0
37497|328948|0
37497|327966|0
37497|328677|0
37497|329527|0
37497|328464|0
37497|37673|0
37497|328749|0
37497|36916|0
37497|32653|0
37497|328361|0
37497|2018|0
37497|37159|0
37497|37724|0
37497|328473|0
37497|329049|0
37497|328548|0
37497|328698|0
37497|328167|0
37497|32437|0
37497|327808|0
37497|327943|0
37497|327984|0
37497|328001|0
37497|328119|0
37497|328888|0
37497|329401|0
37497|328039|0
37497|327791|0
37497|328806|0
37497|37049|0
37497|328870|0
37497|328051|0
37497|328041|0
37497|327962|0
37497|327907|0
37497|329276|0
37497|328220|0
37497|328517|0
37497|328483|0
37497|328237|0
37497|329046|0
37497|328946|0
37497|329058|0
37497|328262|0
37497|328952|0
37497|328818|0
37497|37627|0
37497|328523|0
37497|328341|0
37497|328674|0
37497|328912|0
37497|327935|0
37497|37053|0
37497|328964|0
37497|22386|0
37497|6083|0
37497|36985|0
37497|37457|0
37497|328437|0
37497|328672|0
37497|328266|0
37497|329346|0
37497|213481|0
37497|328431|0
37497|328179|0
37497|328829|0
37497|329414|0
37497|328583|0
37497|329063|0
37497|327794|0
37497|329391|0
37497|329467|0
37497|328720|0
37497|328589|0
37497|327926|0
37497|327817|0
37497|329392|0
37497|328461|0
37497|328974|0
37497|328317|0
37497|328364|0
37497|328375|0
37497|37525|0
37497|328691|0
37497|328638|0
37497|328656|0
37497|328074|0
37497|37650|0
37497|37599|0
37497|328963|0
37497|328624|0
37497|328519|0
37497|36943|0
37497|329402|0
37497|328803|0
37497|328360|0
37497|37239|0
37497|329455|0
37497|328874|0
37497|328795|0
37497|327960|0
37497|37519|0
37497|328313|0
37497|328210|0
37497|329064|0
37497|328335|0
37497|328735|0
37497|328320|0
37497|329166|0
37497|329291|0
37497|329465|0
37497|329039|0
37497|328164|0
37497|328246|0
37497|329408|0
37497|327894|0
37497|37441|0
37497|329350|0
37497|328356|0
37497|329098|0
37497|328657|0
37497|328882|0
37497|328816|0
37497|329184|0
37497|328512|0
37497|328174|0
37497|37484|0
37497|327982|0
37497|329478|0
37497|329305|0
37497|37628|0
37497|37007|0
37497|329126|0
37497|329317|0
37497|328480|0
37497|328323|0
37497|328029|0
37497|329032|0
37497|25818|0
37497|329443|0
37497|20011|0
37497|14115|0
37497|328507|0
37497|329371|0
37497|328199|0
37497|328644|0
37497|328441|0
37497|328788|0
37497|328423|0
37497|327901|0
37497|37399|0
37497|37656|0
37497|37317|0
37497|327751|0
37497|327889|0
37497|37363|0
37497|37236|0
37497|329429|0
37497|329388|0
37497|328334|0
37497|329062|0
37497|329240|0
37497|329546|0
37497|328467|0
37497|327909|0
37497|328346|0
37497|328547|0
37497|328146|0
37497|328315|0
37497|328222|0
37497|328016|0
37497|328173|0
37497|37172|0
37497|328275|0
37497|328474|0
37497|37225|0
37497|328024|0
37497|37314|0
37497|329290|0
37497|327824|0
37497|328137|0
37497|327767|0
37497|37168|0
37497|37316|0
37497|329125|0
37497|328598|0
37497|23058|0
37497|329084|0
37497|328456|0
37497|328501|0
37497|328745|0
37497|328471|0
37497|328915|0
37497|327987|0
37497|11845|0
37497|329471|0
37497|328576|0
37497|37549|0
37497|328214|0
37497|328826|0
37497|328347|0
37497|37276|0
37497|11744|0
37497|327822|0
37497|329340|0
37497|29918|0
37497|327897|0
37497|328306|0
37497|21739|0
37497|329222|0
37497|37634|0
37497|328287|0
37497|328260|0
37497|328822|0
37497|328172|0
37497|329303|0
37497|328911|0
37497|37731|0
37497|328386|0
37497|328444|0
37497|328068|0
37497|327754|0
37497|328418|0
37497|329289|0
37497|328730|0
37497|328761|0
37497|37315|0
37497|328397|0
37497|327813|0
37497|37266|0
37497|37199|0
37497|329042|0
37497|327733|0
37497|329384|0
37497|329279|0
37497|37564|0
37497|16800|0
37497|15022|0
37497|3067|0
37497|328732|0
37497|329028|0
37497|329036|0
37497|329122|0
37497|328032|0
37497|329386|0
37497|328366|0
37497|328916|0
37497|328049|0
37497|328538|0
37497|329202|0
37497|328178|0
37497|328285|0
37497|328045|0
37497|37479|0
37497|61092|0
37497|328848|0
37497|329121|0
37497|37618|0
37497|328837|0
37497|22572|0
37497|327991|0
5713|36874|-1
5713|37358|-1
5713|327693|-1
5713|3067|-1
5713|5734|-1
5713|7020|-1
5713|23058|-1
5713|25818|-1
5713|36968|-1
5713|37053|-1
5713|37199|-1
5713|37239|-1
5713|37251|-1
5713|37402|-1
5713|37428|-1
5713|37457|-1
5713|37519|-1
5713|37639|-1
5713|37675|-1
5713|327791|-1
5713|327804|-1
5713|327901|-1
5713|327935|-1
5713|327943|-1
5713|328039|-1
5713|328106|-1
5713|328122|-1
5713|328146|-1
5713|328349|-1
5713|328350|-1
5713|328375|-1
5713|328422|-1
5713|328461|-1
5713|328512|-1
5713|328523|-1
5713|328691|-1
5713|328712|-1
5713|328713|-1
5713|328848|-1
5713|328855|-1
5713|328868|-1
5713|328947|-1
5713|329016|-1
5713|329284|-1
5713|328748|0
5713|37739|0
5713|328112|0
5713|36916|0
5713|2018|0
5713|32437|0
5713|20011|0
5713|11845|0
327782|37153|-1
327782|11744|-1
327782|14115|-1
327782|37055|-1
327782|37438|-1
327782|37650|-1
327782|327787|-1
327782|327791|-1
327782|327894|-1
327782|327960|-1
327782|327982|-1
327782|328120|-1
327782|328125|-1
327782|328246|-1
327782|328314|-1
327782|328360|-1
327782|328364|-1
327782|328370|-1
327782|328536|-1
327782|328547|-1
327782|328612|-1
327782|328826|-1
327782|328948|-1
327782|329097|-1
327782|329184|-1
327782|329249|-1
327782|329443|-1
327782|329515|-1
327782|328884|0
327782|328434|0
327782|328917|0
327782|328855|0
327782|7020|0
327782|328510|0
327782|327772|0
327782|328278|0
327782|36968|0
327782|329212|0
327782|328760|0
327782|329479|0
327782|328790|0
327782|327950|0
327782|328373|0
327782|328868|0
327782|328384|0
327782|327936|0
327782|328562|0
327782|37652|0
327782|37597|0
327782|328337|0
327782|328929|0
327782|329608|0
327782|327804|0
327782|328114|0
327782|327849|0
327782|328633|0
327782|328365|0
327782|328351|0
327782|37482|0
327782|37356|0
327782|36916|0
327782|32653|0
327782|2018|0
327782|37159|0
327782|37049|0
327782|328870|0
327782|328041|0
327782|327962|0
327782|328220|0
327782|328262|0
327782|328818|0
327782|327935|0
327782|37053|0
327782|328964|0
327782|37457|0
327782|328437|0
327782|328672|0
327782|328266|0
327782|213481|0
327782|327794|0
327782|328589|0
327782|328942|0
327782|328317|0
327782|328327|0
327782|36943|0
327782|328803|0
327782|37239|0
327782|327761|0
327782|37519|0
327782|328320|0
327782|329166|0
327782|329039|0
327782|328750|0
327782|328544|0
327782|37675|0
327782|328512|0
327782|37484|0
327782|37628|0
327782|328480|0
327782|328029|0
327782|25818|0
327782|20011|0
327782|327901|0
327782|37236|0
327782|329062|0
327782|328315|0
327782|37172|0
327782|328275|0
327782|328024|0
327782|328137|0
327782|37168|0
327782|328598|0
327782|327987|0
327782|11845|0
327782|37549|0
327782|37276|0
327782|327822|0
327782|327897|0
327782|328260|0
327782|37315|0
327782|328397|0
327782|37199|0
327782|37564|0
327782|16800|0
327782|329028|0
327782|328032|0
327782|328049|0
327782|327983|0
327782|328178|0
327782|328285|0
327782|328045|0
327782|61092|0
37358|37497|-1
37358|36983|-1
37358|327984|-1
37358|327991|-1
37358|328214|-1
37358|328364|-1
37358|328434|-1
37358|328487|-1
37358|328517|-1
37358|328952|-1
37358|329036|-1
37358|329122|-1
37358|329184|-1
37358|329340|-1
37358|329388|-1
37358|329433|-1
37358|328562|0
37358|327804|0
37358|32653|0
37358|37053|0
37358|328964|0
37358|328266|0
37358|37239|0
37358|327960|0
37358|328320|0
37358|328512|0
37358|328137|0
37358|11845|0
37358|37199|0
37358|327983|0
328748|37474|-1
328748|22572|-1
328748|37663|-1
328748|37668|-1
328748|213481|-1
328748|328020|-1
328748|328068|-1
328748|328364|-1
328748|328397|-1
328748|328399|-1
328748|328468|-1
328748|328507|-1
328748|328548|-1
328748|328719|-1
328748|328749|-1
328748|328806|-1
328748|328915|-1
328748|329028|-1
328748|329042|-1
328748|329184|-1
328748|329279|-1
328748|329363|-1
328748|329386|-1
328748|329414|-1
328748|329429|-1
328748|329465|-1
328748|328112|0
328748|327804|0
328748|36916|0
328748|32653|0
328748|2018|0
328748|32437|0
328748|328964|0
328748|328266|0
328748|37239|0
328748|327960|0
328748|328512|0
328748|328137|0
328748|11845|0
328748|37199|0
328748|328366|0
328748|327983|0
37739|328711|-1
37739|328888|-1
37739|329249|-1
37739|329369|-1
37739|329371|-1
37739|329391|-1
37739|328562|0
37739|327804|0
37739|32653|0
37739|328964|0
37739|328266|0
37739|37239|0
37739|327960|0
37739|328320|0
37739|328512|0
37739|328137|0
37739|11845|0
37739|37199|0
37739|327983|0
328884|328106|-1
328884|328426|-1
328884|328974|-1
328884|328562|0
328884|327804|0
328884|32653|0
328884|328964|0
328884|328266|0
328884|37239|0
328884|327960|0
328884|328320|0
328884|328512|0
328884|328137|0
328884|11845|0
328884|37199|0
328884|327983|0
328434|32653|0
328434|37239|0
328434|327960|0
328434|327983|0
328434|328137|0
328434|328266|0
328434|11845|0
328434|37199|0
328434|327804|0
328434|328320|0
328434|328512|0
328434|328562|0
328434|328964|0
32653|37394|-1
32653|37628|-1
32653|328032|-1
32653|328510|-1
32653|329075|-1
32653|329331|-1
32653|329558|-1
32653|328631|0
32653|327812|0
32653|329153|0
32653|329541|0
32653|328917|0
32653|328777|0
32653|328468|0
32653|37028|0
32653|328839|0
32653|328855|0
32653|7020|0
32653|37333|0
32653|37150|0
32653|37640|0
32653|327772|0
32653|328278|0
32653|327988|0
32653|37412|0
32653|328350|0
32653|36968|0
32653|328935|0
32653|329360|0
32653|329212|0
32653|327908|0
32653|328820|0
32653|328176|0
32653|328719|0
32653|37302|0
32653|37523|0
32653|328036|0
32653|328622|0
32653|329474|0
32653|328760|0
32653|329479|0
32653|37254|0
32653|37055|0
32653|37668|0
32653|328790|0
32653|328391|0
32653|328747|0
32653|328714|0
32653|328498|0
32653|327950|0
32653|328156|0
32653|328106|0
32653|329206|0
32653|329597|0
32653|329053|0
32653|329266|0
32653|328373|0
32653|328400|0
32653|329237|0
32653|327923|0
32653|328868|0
32653|6968|0
32653|328384|0
32653|329159|0
32653|329510|0
32653|327936|0
32653|328744|0
32653|329151|0
32653|37670|0
32653|327698|0
32653|328763|0
32653|329243|0
32653|328417|0
32653|328562|0
32653|328020|0
32653|37235|0
32653|327896|0
32653|37652|0
32653|328242|0
32653|327872|0
32653|328112|0
32653|328767|0
32653|328931|0
32653|329438|0
32653|328706|0
32653|37368|0
32653|37597|0
32653|329433|0
32653|328568|0
32653|37157|0
32653|328337|0
32653|328929|0
32653|328772|0
32653|328608|0
32653|328209|0
32653|328388|0
32653|328446|0
32653|22355|0
32653|328125|0
32653|329248|0
32653|37663|0
32653|329608|0
32653|328894|0
32653|37653|0
32653|328422|0
32653|327804|0
32653|328270|0
32653|37491|0
32653|328536|0
32653|37542|0
32653|328505|0
32653|327996|0
32653|328114|0
32653|327922|0
32653|328643|0
32653|327849|0
32653|328633|0
32653|37515|0
32653|327750|0
32653|328365|0
32653|328351|0
32653|37482|0
32653|328948|0
32653|327966|0
32653|328677|0
32653|329527|0
32653|328464|0
32653|37673|0
32653|37356|0
32653|328749|0
32653|36916|0
32653|20011|0
32653|2018|0
32653|3067|0
32653|6083|0
32653|11744|0
32653|11845|0
32653|13854|0
32653|14115|0
32653|15022|0
32653|16800|0
32653|21739|0
32653|22386|0
32653|22572|0
32653|23058|0
32653|25818|0
32653|32437|0
32653|36943|0
32653|36985|0
32653|37007|0
32653|37049|0
32653|37053|0
32653|37159|0
32653|37168|0
32653|37172|0
32653|37199|0
32653|37225|0
32653|37236|0
32653|37239|0
32653|37266|0
32653|37276|0
32653|37314|0
32653|37315|0
32653|37316|0
32653|37317|0
32653|37363|0
32653|37399|0
32653|37403|0
32653|37441|0
32653|37457|0
32653|37479|0
32653|37519|0
32653|37525|0
32653|37549|0
32653|37564|0
32653|37599|0
32653|37618|0
32653|37627|0
32653|37634|0
32653|37650|0
32653|37656|0
32653|37675|0
32653|37720|0
32653|37724|0
32653|37731|0
32653|61092|0
32653|213481|0
32653|327733|0
32653|327751|0
32653|327754|0
32653|327761|0
32653|327767|0
32653|327791|0
32653|327794|0
32653|327808|0
32653|327813|0
32653|327817|0
32653|327822|0
32653|327824|0
32653|327889|0
32653|327892|0
32653|327894|0
32653|327897|0
32653|327901|0
32653|327907|0
32653|327909|0
32653|327926|0
32653|327935|0
32653|327943|0
32653|327960|0
32653|327962|0
32653|327979|0
32653|327982|0
32653|327983|0
32653|327984|0
32653|327987|0
32653|327991|0
32653|328001|0
32653|328016|0
32653|328024|0
32653|328029|0
32653|328037|0
32653|328039|0
32653|328041|0
32653|328045|0
32653|328049|0
32653|328051|0
32653|328068|0
32653|328074|0
32653|328119|0
32653|328137|0
32653|328146|0
32653|328164|0
32653|328167|0
32653|328170|0
32653|328172|0
32653|328173|0
32653|328174|0
32653|328178|0
32653|328179|0
32653|328199|0
32653|328210|0
32653|328214|0
32653|328216|0
32653|328220|0
32653|328222|0
32653|328237|0
32653|328246|0
32653|328260|0
32653|328262|0
32653|328266|0
32653|328275|0
32653|328285|0
32653|328287|0
32653|328306|0
32653|328313|0
32653|328315|0
32653|328317|0
32653|328320|0
32653|328323|0
32653|328327|0
32653|328334|0
32653|328335|0
32653|328336|0
32653|328341|0
32653|328346|0
32653|328347|0
32653|328356|0
32653|328360|0
32653|328361|0
32653|328364|0
32653|328366|0
32653|328375|0
32653|328386|0
32653|328397|0
32653|328418|0
32653|328423|0
32653|328426|0
32653|328431|0
32653|328437|0
32653|328441|0
32653|328444|0
32653|328456|0
32653|328461|0
32653|328467|0
32653|328471|0
32653|328473|0
32653|328474|0
32653|328480|0
32653|328483|0
32653|328501|0
32653|328507|0
32653|328512|0
32653|328517|0
32653|328519|0
32653|328523|0
32653|328538|0
32653|328544|0
32653|328547|0
32653|328548|0
32653|328575|0
32653|328576|0
32653|328583|0
32653|328589|0
32653|328598|0
32653|328632|0
32653|328638|0
32653|328644|0
32653|328656|0
32653|328657|0
32653|328661|0
32653|328672|0
32653|328674|0
32653|328691|0
32653|328693|0
32653|328698|0
32653|328720|0
32653|328730|0
32653|328732|0
32653|328735|0
32653|328745|0
32653|328750|0
32653|328761|0
32653|328788|0
32653|328795|0
32653|328803|0
32653|328806|0
32653|328810|0
32653|328816|0
32653|328818|0
32653|328822|0
32653|328826|0
32653|328829|0
32653|328837|0
32653|328841|0
32653|328848|0
32653|328870|0
32653|328874|0
32653|328882|0
32653|328888|0
32653|328911|0
32653|328912|0
32653|328915|0
32653|328916|0
32653|328942|0
32653|328946|0
32653|328952|0
32653|328963|0
32653|328964|0
32653|328970|0
32653|328974|0
32653|329028|0
32653|329032|0
32653|329036|0
32653|329038|0
32653|329039|0
32653|329042|0
32653|329046|0
32653|329049|0
32653|329058|0
32653|329062|0
32653|329063|0
32653|329064|0
32653|329084|0
32653|329098|0
32653|329121|0
32653|329122|0
32653|329125|0
32653|329126|0
32653|329144|0
32653|329166|0
32653|329184|0
32653|329202|0
32653|329222|0
32653|329240|0
32653|329276|0
32653|329279|0
32653|329289|0
32653|329291|0
32653|329303|0
32653|329305|0
32653|329317|0
32653|329340|0
32653|329346|0
32653|329350|0
32653|329371|0
32653|329384|0
32653|329386|0
32653|329388|0
32653|329391|0
32653|329392|0
32653|329401|0
32653|329402|0
32653|329414|0
32653|329429|0
32653|329443|0
32653|329455|0
32653|329465|0
32653|329467|0
32653|329471|0
32653|329478|0
32653|329481|0
32653|329546|0
32653|329290|0
32653|329408|0
37239|22750|-1
37239|327688|-1
37239|327737|-1
37239|328173|-1
37239|328317|-1
37239|328339|-1
37239|328537|-1
37239|328670|-1
37239|328761|-1
37239|329097|-1
37239|329113|-1
37239|329229|-1
37239|328631|0
37239|327812|0
37239|329153|0
37239|329541|0
37239|328777|0
37239|328468|0
37239|37028|0
37239|328839|0
37239|328855|0
37239|7020|0
37239|37333|0
37239|328510|0
37239|37150|0
37239|37640|0
37239|327772|0
37239|328278|0
37239|327988|0
37239|37412|0
37239|328350|0
37239|36968|0
37239|328935|0
37239|329360|0
37239|329212|0
37239|327908|0
37239|328820|0
37239|328176|0
37239|328719|0
37239|37302|0
37239|37523|0
37239|328036|0
37239|328622|0
37239|329474|0
37239|328760|0
37239|329479|0
37239|37254|0
37239|37055|0
37239|37668|0
37239|328790|0
37239|328391|0
37239|328747|0
37239|328714|0
37239|328498|0
37239|327950|0
37239|328156|0
37239|328106|0
37239|329206|0
37239|329597|0
37239|329053|0
37239|329266|0
37239|328373|0
37239|328400|0
37239|329237|0
37239|327923|0
37239|328868|0
37239|6968|0
37239|328384|0
37239|329159|0
37239|329510|0
37239|327936|0
37239|328744|0
37239|37670|0
37239|328763|0
37239|329243|0
37239|328417|0
37239|328562|0
37239|328020|0
37239|37235|0
37239|327896|0
37239|37652|0
37239|328242|0
37239|327872|0
37239|328112|0
37239|328767|0
37239|328931|0
37239|329438|0
37239|328706|0
37239|37368|0
37239|37597|0
37239|329433|0
37239|328568|0
37239|37157|0
37239|328337|0
37239|328929|0
37239|328772|0
37239|37352|0
37239|328608|0
37239|328209|0
37239|328388|0
37239|328446|0
37239|22355|0
37239|328125|0
37239|329248|0
37239|37663|0
37239|329608|0
37239|328894|0
37239|37653|0
37239|328422|0
37239|327804|0
37239|328270|0
37239|37491|0
37239|328536|0
37239|37542|0
37239|328505|0
37239|327996|0
37239|328114|0
37239|327922|0
37239|328643|0
37239|327849|0
37239|328633|0
37239|37515|0
37239|327750|0
37239|328365|0
37239|328351|0
37239|37482|0
37239|328948|0
37239|327966|0
37239|328677|0
37239|329527|0
37239|328464|0
37239|37673|0
37239|37356|0
37239|328749|0
37239|36916|0
37239|328361|0
37239|2018|0
37239|37159|0
37239|37724|0
37239|328473|0
37239|329049|0
37239|328548|0
37239|328698|0
37239|328167|0
37239|32437|0
37239|327808|0
37239|327943|0
37239|327984|0
37239|328001|0
37239|328119|0
37239|328888|0
37239|328575|0
37239|329401|0
37239|328039|0
37239|327791|0
37239|328806|0
37239|37049|0
37239|328870|0
37239|328051|0
37239|328810|0
37239|328041|0
37239|327962|0
37239|327907|0
37239|329276|0
37239|328220|0
37239|328517|0
37239|328483|0
37239|328237|0
37239|329046|0
37239|328946|0
37239|329058|0
37239|328262|0
37239|328952|0
37239|328818|0
37239|37627|0
37239|328523|0
37239|328341|0
37239|328674|0
37239|328912|0
37239|327935|0
37239|328426|0
37239|329144|0
37239|37053|0
37239|328964|0
37239|22386|0
37239|6083|0
37239|36985|0
37239|37457|0
37239|328437|0
37239|328037|0
37239|328672|0
37239|328266|0
37239|329346|0
37239|213481|0
37239|328431|0
37239|328179|0
37239|328829|0
37239|329414|0
37239|328583|0
37239|329063|0
37239|327794|0
37239|329391|0
37239|329467|0
37239|328720|0
37239|328589|0
37239|327926|0
37239|327817|0
37239|329392|0
37239|328942|0
37239|328461|0
37239|328974|0
37239|328364|0
37239|328375|0
37239|37525|0
37239|328691|0
37239|328327|0
37239|328638|0
37239|328656|0
37239|328074|0
37239|37650|0
37239|37599|0
37239|328963|0
37239|328624|0
37239|328519|0
37239|36943|0
37239|329402|0
37239|328803|0
37239|328360|0
37239|3067|0
37239|20011|0
37239|11744|0
37239|11845|0
37239|14115|0
37239|15022|0
37239|16800|0
37239|21739|0
37239|22572|0
37239|23058|0
37239|25818|0
37239|29918|0
37239|37007|0
37239|37168|0
37239|37172|0
37239|37199|0
37239|37225|0
37239|37236|0
37239|37266|0
37239|37276|0
37239|37314|0
37239|37315|0
37239|37316|0
37239|37363|0
37239|37399|0
37239|37403|0
37239|37441|0
37239|37479|0
37239|37484|0
37239|37519|0
37239|37549|0
37239|37564|0
37239|37618|0
37239|37628|0
37239|37634|0
37239|37656|0
37239|37675|0
37239|37731|0
37239|61092|0
37239|327733|0
37239|327751|0
37239|327754|0
37239|327761|0
37239|327767|0
37239|327813|0
37239|327822|0
37239|327824|0
37239|327889|0
37239|327892|0
37239|327894|0
37239|327897|0
37239|327901|0
37239|327960|0
37239|327979|0
37239|327982|0
37239|327983|0
37239|327987|0
37239|327991|0
37239|328016|0
37239|328024|0
37239|328029|0
37239|328032|0
37239|328045|0
37239|328049|0
37239|328068|0
37239|328137|0
37239|328146|0
37239|328164|0
37239|328170|0
37239|328172|0
37239|328178|0
37239|328199|0
37239|328210|0
37239|328214|0
37239|328216|0
37239|328222|0
37239|328246|0
37239|328260|0
37239|328275|0
37239|328285|0
37239|328287|0
37239|328306|0
37239|328315|0
37239|328320|0
37239|328323|0
37239|328334|0
37239|328335|0
37239|328336|0
37239|328346|0
37239|328347|0
37239|328366|0
37239|328386|0
37239|328397|0
37239|328418|0
37239|328423|0
37239|328441|0
37239|328444|0
37239|328456|0
37239|328467|0
37239|328471|0
37239|328474|0
37239|328480|0
37239|328501|0
37239|328507|0
37239|328512|0
37239|328538|0
37239|328544|0
37239|328547|0
37239|328576|0
37239|328598|0
37239|328632|0
37239|328644|0
37239|328657|0
37239|328661|0
37239|328693|0
37239|328730|0
37239|328732|0
37239|328735|0
37239|328745|0
37239|328750|0
37239|328788|0
37239|328795|0
37239|328816|0
37239|328822|0
37239|328826|0
37239|328837|0
37239|328841|0
37239|328848|0
37239|328874|0
37239|328882|0
37239|328911|0
37239|328915|0
37239|328916|0
37239|328970|0
37239|329028|0
37239|329032|0
37239|329036|0
37239|329038|0
37239|329039|0
37239|329042|0
37239|329062|0
37239|329064|0
37239|329084|0
37239|329098|0
37239|329121|0
37239|329125|0
37239|329126|0
37239|329166|0
37239|329184|0
37239|329202|0
37239|329222|0
37239|329240|0
37239|329279|0
37239|329289|0
37239|329291|0
37239|329303|0
37239|329305|0
37239|329317|0
37239|329340|0
37239|329350|0
37239|329371|0
37239|329384|0
37239|329386|0
37239|329388|0
37239|329429|0
37239|329443|0
37239|329455|0
37239|329465|0
37239|329471|0
37239|329478|0
37239|329481|0
37239|329546|0
37239|329558|0
37239|37317|0
37239|37720|0
37239|328174|0
37239|328313|0
37239|328356|0
37239|329122|0
37239|329290|0
37239|329408|0
327960|328631|0
327960|327812|0
327960|328777|0
327960|328468|0
327960|37028|0
327960|328839|0
327960|7020|0
327960|37333|0
327960|328510|0
327960|37150|0
327960|37640|0
327960|327772|0
327960|328278|0
327960|327988|0
327960|37412|0
327960|328350|0
327960|36968|0
327960|328935|0
327960|328820|0
327960|328719|0
327960|328036|0
327960|37254|0
327960|328790|0
327960|328747|0
327960|328714|0
327960|328498|0
327960|328106|0
327960|329206|0
327960|329597|0
327960|329053|0
327960|328373|0
327960|328400|0
327960|329237|0
327960|327923|0
327960|328868|0
327960|329510|0
327960|327936|0
327960|328744|0
327960|37670|0
327960|327698|0
327960|328763|0
327960|329243|0
327960|328417|0
327960|328562|0
327960|37235|0
327960|327896|0
327960|37652|0
327960|327872|0
327960|328112|0
327960|328767|0
327960|328706|0
327960|37368|0
327960|329433|0
327960|328568|0
327960|37157|0
327960|328337|0
327960|328772|0
327960|328608|0
327960|328209|0
327960|328388|0
327960|328446|0
327960|328125|0
327960|37653|0
327960|328422|0
327960|327804|0
327960|328270|0
327960|37491|0
327960|328536|0
327960|37542|0
327960|328505|0
327960|327996|0
327960|328114|0
327960|328643|0
327960|327849|0
327960|328633|0
327960|37515|0
327960|327750|0
327960|328351|0
327960|37482|0
327960|328948|0
327960|327966|0
327960|328677|0
327960|328464|0
327960|37673|0
327960|37356|0
327960|328749|0
327960|36916|0
327960|328361|0
327960|2018|0
327960|37724|0
327960|328473|0
327960|328548|0
327960|328698|0
327960|32437|0
327960|327808|0
327960|327943|0
327960|328119|0
327960|328888|0
327960|328575|0
327960|329401|0
327960|328039|0
327960|37049|0
327960|328870|0
327960|328051|0
327960|328810|0
327960|328041|0
327960|327962|0
327960|327907|0
327960|328220|0
327960|328517|0
327960|328237|0
327960|329046|0
327960|328946|0
327960|329058|0
327960|328262|0
327960|328952|0
327960|37627|0
327960|328523|0
327960|328341|0
327960|327935|0
327960|328426|0
327960|37053|0
327960|328964|0
327960|6083|0
327960|36985|0
327960|37457|0
327960|328437|0
327960|328037|0
327960|328672|0
327960|328266|0
327960|329346|0
327960|213481|0
327960|328179|0
327960|328829|0
327960|329414|0
327960|328583|0
327960|329063|0
327960|327794|0
327960|329391|0
327960|329467|0
327960|328720|0
327960|327926|0
327960|329392|0
327960|328461|0
327960|328974|0
327960|328317|0
327960|328375|0
327960|328691|0
327960|328327|0
327960|328638|0
327960|328656|0
327960|37650|0
327960|328963|0
327960|328519|0
327960|329402|0
327960|328803|0
327960|328360|0
327960|329455|0
327960|328874|0
327960|327761|0
327960|328170|0
327960|328795|0
327960|3067|0
327960|20011|0
327960|37317|0
327960|37720|0
327960|61092|0
327960|11744|0
327960|11845|0
327960|14115|0
327960|16800|0
327960|21739|0
327960|22572|0
327960|23058|0
327960|25818|0
327960|29918|0
327960|37007|0
327960|37168|0
327960|37172|0
327960|37199|0
327960|37225|0
327960|37236|0
327960|37266|0
327960|37276|0
327960|37315|0
327960|37316|0
327960|37363|0
327960|37399|0
327960|37403|0
327960|37479|0
327960|37484|0
327960|37519|0
327960|37549|0
327960|37564|0
327960|37618|0
327960|37634|0
327960|37675|0
327960|37731|0
327960|327733|0
327960|327751|0
327960|327754|0
327960|327767|0
327960|327813|0
327960|327889|0
327960|327892|0
327960|327894|0
327960|327897|0
327960|327901|0
327960|327909|0
327960|327979|0
327960|327982|0
327960|327983|0
327960|327987|0
327960|327991|0
327960|328016|0
327960|328024|0
327960|328029|0
327960|328045|0
327960|328049|0
327960|328068|0
327960|328137|0
327960|328146|0
327960|328164|0
327960|328172|0
327960|328173|0
327960|328199|0
327960|328210|0
327960|328214|0
327960|328216|0
327960|328222|0
327960|328275|0
327960|328285|0
327960|328287|0
327960|328306|0
327960|328315|0
327960|328320|0
327960|328323|0
327960|328334|0
327960|328335|0
327960|328336|0
327960|328346|0
327960|328347|0
327960|328366|0
327960|328386|0
327960|328456|0
327960|328467|0
327960|328480|0
327960|328501|0
327960|328507|0
327960|328512|0
327960|328544|0
327960|328547|0
327960|328576|0
327960|328598|0
327960|328632|0
327960|328644|0
327960|328657|0
327960|328661|0
327960|328730|0
327960|328732|0
327960|328735|0
327960|328745|0
327960|328788|0
327960|328841|0
327960|328848|0
327960|328882|0
327960|328911|0
327960|328915|0
327960|328916|0
327960|328970|0
327960|329032|0
327960|329036|0
327960|329038|0
327960|329039|0
327960|329042|0
327960|329062|0
327960|329084|0
327960|329121|0
327960|329125|0
327960|329126|0
327960|329184|0
327960|329202|0
327960|329222|0
327960|329240|0
327960|329279|0
327960|329289|0
327960|329305|0
327960|329317|0
327960|329340|0
327960|329350|0
327960|329384|0
327960|329386|0
327960|329388|0
327960|329443|0
327960|329465|0
327960|329471|0
327960|329478|0
327960|328313|0
327960|328356|0
327960|328444|0
327960|328822|0
327960|329064|0
327960|329098|0
327960|329122|0
327960|329290|0
327960|329546|0
327983|328125|-1
327983|328544|-1
327983|329144|-1
327983|329481|-1
327983|328631|0
327983|327812|0
327983|329541|0
327983|328917|0
327983|328777|0
327983|328839|0
327983|328855|0
327983|7020|0
327983|37333|0
327983|328510|0
327983|37150|0
327983|37640|0
327983|327772|0
327983|328278|0
327983|327988|0
327983|37412|0
327983|328350|0
327983|36968|0
327983|328935|0
327983|328820|0
327983|37302|0
327983|328036|0
327983|329479|0
327983|37254|0
327983|328790|0
327983|328747|0
327983|328714|0
327983|328498|0
327983|327950|0
327983|328156|0
327983|328106|0
327983|329206|0
327983|329597|0
327983|329053|0
327983|328373|0
327983|328400|0
327983|329237|0
327983|327923|0
327983|328868|0
327983|328384|0
327983|329159|0
327983|329510|0
327983|327936|0
327983|328744|0
327983|37670|0
327983|327698|0
327983|328763|0
327983|328417|0
327983|328562|0
327983|328020|0
327983|327896|0
327983|37652|0
327983|327872|0
327983|328112|0
327983|328767|0
327983|329438|0
327983|37368|0
327983|37597|0
327983|328568|0
327983|37157|0
327983|328337|0
327983|328772|0
327983|328608|0
327983|328209|0
327983|328388|0
327983|328446|0
327983|329248|0
327983|37653|0
327983|328422|0
327983|327804|0
327983|328270|0
327983|37491|0
327983|328536|0
327983|37542|0
327983|328505|0
327983|327996|0
327983|328114|0
327983|327922|0
327983|327849|0
327983|328633|0
327983|37515|0
327983|327750|0
327983|328365|0
327983|328351|0
327983|37482|0
327983|327966|0
327983|328677|0
327983|328464|0
327983|37673|0
327983|37356|0
327983|328749|0
327983|36916|0
327983|328361|0
327983|2018|0
327983|37724|0
327983|328698|0
327983|32437|0
327983|327808|0
327983|327943|0
327983|328119|0
327983|328888|0
327983|328575|0
327983|329401|0
327983|328039|0
327983|37049|0
327983|328870|0
327983|328051|0
327983|328810|0
327983|327962|0
327983|328220|0
327983|328517|0
327983|328483|0
327983|328237|0
327983|329046|0
327983|328946|0
327983|329058|0
327983|328262|0
327983|328952|0
327983|328818|0
327983|37627|0
327983|328523|0
327983|328341|0
327983|328674|0
327983|327935|0
327983|328426|0
327983|37053|0
327983|328964|0
327983|6083|0
327983|36985|0
327983|37457|0
327983|328437|0
327983|328037|0
327983|328672|0
327983|328266|0
327983|329346|0
327983|213481|0
327983|328431|0
327983|328179|0
327983|328829|0
327983|328583|0
327983|329063|0
327983|329391|0
327983|329467|0
327983|328720|0
327983|328589|0
327983|327926|0
327983|329392|0
327983|328942|0
327983|328461|0
327983|328974|0
327983|328317|0
327983|328375|0
327983|328691|0
327983|328327|0
327983|328638|0
327983|328656|0
327983|37650|0
327983|37599|0
327983|328963|0
327983|328519|0
327983|36943|0
327983|329402|0
327983|328803|0
327983|328360|0
327983|327761|0
327983|328170|0
327983|328795|0
327983|37519|0
327983|328313|0
327983|328210|0
327983|329064|0
327983|327892|0
327983|328335|0
327983|328735|0
327983|328320|0
327983|329039|0
327983|328164|0
327983|328246|0
327983|327894|0
327983|329350|0
327983|329098|0
327983|328657|0
327983|328882|0
327983|328750|0
327983|328216|0
327983|37675|0
327983|328512|0
327983|37484|0
327983|327982|0
327983|329478|0
327983|329305|0
327983|37628|0
327983|37007|0
327983|329126|0
327983|329317|0
327983|328480|0
327983|328323|0
327983|328029|0
327983|329032|0
327983|25818|0
327983|329443|0
327983|20011|0
327983|14115|0
327983|328199|0
327983|328788|0
327983|328423|0
327983|327901|0
327983|37399|0
327983|328693|0
327983|37656|0
327983|37317|0
327983|327751|0
327983|329038|0
327983|327889|0
327983|328661|0
327983|37363|0
327983|37236|0
327983|328334|0
327983|329062|0
327983|329240|0
327983|329546|0
327983|328467|0
327983|327909|0
327983|328346|0
327983|328547|0
327983|328146|0
327983|328315|0
327983|328970|0
327983|328222|0
327983|328016|0
327983|328173|0
327983|37172|0
327983|328275|0
327983|328474|0
327983|37225|0
327983|328024|0
327983|329290|0
327983|328137|0
327983|327767|0
327983|37168|0
327983|329125|0
327983|328598|0
327983|23058|0
327983|329084|0
327983|328456|0
327983|328501|0
327983|328745|0
327983|327987|0
327983|11845|0
327983|329471|0
327983|328576|0
327983|37549|0
327983|328214|0
327983|328347|0
327983|37276|0
327983|11744|0
327983|327822|0
327983|29918|0
327983|327897|0
327983|328306|0
327983|21739|0
327983|329222|0
327983|37634|0
327983|328287|0
327983|328260|0
327983|328822|0
327983|328172|0
327983|328911|0
327983|37731|0
327983|328386|0
327983|327754|0
327983|328418|0
327983|329289|0
327983|328730|0
327983|37720|0
327983|37315|0
327983|327813|0
327983|37266|0
327983|37199|0
327983|327733|0
327983|329384|0
327983|328841|0
327983|37564|0
327983|328336|0
327983|16800|0
327983|3067|0
327983|328732|0
327983|329028|0
327983|329036|0
327983|328032|0
327983|328366|0
327983|328916|0
327983|328049|0
327983|37618|0
327983|61092|0
327983|37479|0
327983|327979|0
327983|328178|0
327983|328632|0
327983|328837|0
327983|328848|0
327983|329202|0
327983|327991|0
327983|328285|0
327983|329121|0
328137|328501|-1
328137|328631|0
328137|327812|0
328137|329153|0
328137|329541|0
328137|328777|0
328137|328468|0
328137|37028|0
328137|328839|0
328137|7020|0
328137|37333|0
328137|328510|0
328137|37150|0
328137|37640|0
328137|327772|0
328137|328278|0
328137|327988|0
328137|37412|0
328137|328350|0
328137|36968|0
328137|328935|0
328137|329360|0
328137|329212|0
328137|327908|0
328137|328820|0
328137|328176|0
328137|328719|0
328137|37523|0
328137|328036|0
328137|329474|0
328137|37254|0
328137|328790|0
328137|328747|0
328137|328714|0
328137|328498|0
328137|327950|0
328137|328106|0
328137|329206|0
328137|329597|0
328137|329053|0
328137|329266|0
328137|328373|0
328137|328400|0
328137|329237|0
328137|327923|0
328137|328868|0
328137|6968|0
328137|329510|0
328137|327936|0
328137|328744|0
328137|37670|0
328137|327698|0
328137|328763|0
328137|329243|0
328137|328417|0
328137|328562|0
328137|37235|0
328137|327896|0
328137|37652|0
328137|327872|0
328137|328112|0
328137|328767|0
328137|328931|0
328137|328706|0
328137|37368|0
328137|329433|0
328137|328568|0
328137|37157|0
328137|328337|0
328137|328929|0
328137|328772|0
328137|328608|0
328137|328209|0
328137|328388|0
328137|328446|0
328137|22355|0
328137|328125|0
328137|328894|0
328137|37653|0
328137|328422|0
328137|327804|0
328137|328270|0
328137|37491|0
328137|328536|0
328137|37542|0
328137|328505|0
328137|327996|0
328137|328114|0
328137|328643|0
328137|327849|0
328137|328633|0
328137|37515|0
328137|327750|0
328137|328365|0
328137|328351|0
328137|37482|0
328137|328948|0
328137|327966|0
328137|328677|0
328137|329527|0
328137|328464|0
328137|37673|0
328137|37356|0
328137|328749|0
328137|36916|0
328137|328361|0
328137|2018|0
328137|37724|0
328137|328473|0
328137|328548|0
328137|328698|0
328137|32437|0
328137|327808|0
328137|327943|0
328137|327984|0
328137|328001|0
328137|328119|0
328137|328888|0
328137|328575|0
328137|329401|0
328137|328039|0
328137|327791|0
328137|37049|0
328137|328870|0
328137|328051|0
328137|328810|0
328137|328041|0
328137|327962|0
328137|327907|0
328137|329276|0
328137|328220|0
328137|328517|0
328137|328237|0
328137|329046|0
328137|328946|0
328137|329058|0
328137|328262|0
328137|328952|0
328137|37627|0
328137|328523|0
328137|328341|0
328137|328912|0
328137|327935|0
328137|328426|0
328137|37053|0
328137|328964|0
328137|22386|0
328137|6083|0
328137|36985|0
328137|37457|0
328137|328437|0
328137|328037|0
328137|328672|0
328137|328266|0
328137|329346|0
328137|213481|0
328137|328179|0
328137|328829|0
328137|329414|0
328137|328583|0
328137|329063|0
328137|327794|0
328137|329391|0
328137|329467|0
328137|328720|0
328137|327926|0
328137|327817|0
328137|329392|0
328137|328461|0
328137|328974|0
328137|328317|0
328137|328375|0
328137|37525|0
328137|328691|0
328137|328327|0
328137|328638|0
328137|328656|0
328137|328074|0
328137|37650|0
328137|37599|0
328137|328963|0
328137|328624|0
328137|328519|0
328137|329402|0
328137|328803|0
328137|328360|0
328137|329455|0
328137|328874|0
328137|327761|0
328137|328170|0
328137|328795|0
328137|37519|0
328137|328313|0
328137|328210|0
328137|329064|0
328137|327892|0
328137|328335|0
328137|328735|0
328137|328320|0
328137|329166|0
328137|329291|0
328137|329465|0
328137|329039|0
328137|328164|0
328137|327894|0
328137|37441|0
328137|329350|0
328137|328356|0
328137|329098|0
328137|328657|0
328137|328882|0
328137|328216|0
328137|328544|0
328137|37675|0
328137|328816|0
328137|329184|0
328137|328512|0
328137|37403|0
328137|37484|0
328137|327982|0
328137|329478|0
328137|329305|0
328137|37628|0
328137|37007|0
328137|329126|0
328137|329317|0
328137|328480|0
328137|328323|0
328137|328029|0
328137|329032|0
328137|25818|0
328137|329443|0
328137|20011|0
328137|14115|0
328137|328507|0
328137|329371|0
328137|328199|0
328137|328644|0
328137|328441|0
328137|328788|0
328137|328423|0
328137|327901|0
328137|37399|0
328137|37317|0
328137|327751|0
328137|329038|0
328137|327889|0
328137|328661|0
328137|37363|0
328137|37236|0
328137|329388|0
328137|328334|0
328137|329062|0
328137|329240|0
328137|329546|0
328137|328467|0
328137|327909|0
328137|328346|0
328137|328547|0
328137|328146|0
328137|328315|0
328137|328970|0
328137|328222|0
328137|328016|0
328137|328173|0
328137|37172|0
328137|328275|0
328137|37225|0
328137|328024|0
328137|37314|0
328137|329290|0
328137|327824|0
328137|3067|0
328137|16800|0
328137|37720|0
328137|61092|0
328137|11845|0
328137|15022|0
328137|21739|0
328137|22572|0
328137|23058|0
328137|29918|0
328137|37168|0
328137|37199|0
328137|37266|0
328137|37276|0
328137|37315|0
328137|37316|0
328137|37479|0
328137|37549|0
328137|37564|0
328137|37618|0
328137|37634|0
328137|327733|0
328137|327754|0
328137|327767|0
328137|327813|0
328137|327897|0
328137|327979|0
328137|327987|0
328137|327991|0
328137|328032|0
328137|328045|0
328137|328049|0
328137|328068|0
328137|328172|0
328137|328178|0
328137|328214|0
328137|328285|0
328137|328287|0
328137|328306|0
328137|328336|0
328137|328347|0
328137|328366|0
328137|328386|0
328137|328397|0
328137|328471|0
328137|328538|0
328137|328576|0
328137|328598|0
328137|328632|0
328137|328730|0
328137|328732|0
328137|328745|0
328137|328761|0
328137|328826|0
328137|328841|0
328137|328848|0
328137|328911|0
328137|328915|0
328137|328916|0
328137|329036|0
328137|329042|0
328137|329084|0
328137|329121|0
328137|329125|0
328137|329202|0
328137|329222|0
328137|329279|0
328137|329289|0
328137|329303|0
328137|329340|0
328137|329384|0
328137|329386|0
328137|329471|0
328137|328444|0
328137|328456|0
328137|328822|0
328137|329122|0
328266|328631|0
328266|327812|0
328266|329153|0
328266|328917|0
328266|328777|0
328266|37028|0
328266|328839|0
328266|328855|0
328266|7020|0
328266|37333|0
328266|328510|0
328266|37150|0
328266|37640|0
328266|327772|0
328266|328278|0
328266|327988|0
328266|36968|0
328266|328935|0
328266|329360|0
328266|328820|0
328266|328176|0
328266|328036|0
328266|37254|0
328266|328790|0
328266|328391|0
328266|327950|0
328266|328156|0
328266|329206|0
328266|329597|0
328266|329053|0
328266|329266|0
328266|328373|0
328266|328400|0
328266|329237|0
328266|327923|0
328266|328868|0
328266|328384|0
328266|329159|0
328266|329510|0
328266|327936|0
328266|328744|0
328266|37670|0
328266|327698|0
328266|328763|0
328266|328417|0
328266|328562|0
328266|328020|0
328266|37235|0
328266|327896|0
328266|37652|0
328266|328242|0
328266|327872|0
328266|328112|0
328266|328767|0
328266|37597|0
328266|328568|0
328266|37157|0
328266|328337|0
328266|328772|0
328266|328608|0
328266|328209|0
328266|328388|0
328266|328446|0
328266|22355|0
328266|37663|0
328266|37653|0
328266|328422|0
328266|327804|0
328266|328270|0
328266|37491|0
328266|328536|0
328266|37542|0
328266|328505|0
328266|327996|0
328266|328114|0
328266|327849|0
328266|328633|0
328266|37515|0
328266|328365|0
328266|328351|0
328266|37482|0
328266|327966|0
328266|328677|0
328266|328464|0
328266|37673|0
328266|37356|0
328266|328749|0
328266|36916|0
328266|328361|0
328266|2018|0
328266|37724|0
328266|329049|0
328266|328698|0
328266|328167|0
328266|32437|0
328266|327943|0
328266|328001|0
328266|328119|0
328266|328888|0
328266|328575|0
328266|328039|0
328266|328806|0
328266|37049|0
328266|328870|0
328266|328051|0
328266|328810|0
328266|328041|0
328266|327962|0
328266|327907|0
328266|329276|0
328266|328220|0
328266|328517|0
328266|328237|0
328266|329046|0
328266|328946|0
328266|329058|0
328266|328262|0
328266|328952|0
328266|328818|0
328266|37627|0
328266|328523|0
328266|328341|0
328266|328912|0
328266|327935|0
328266|328426|0
328266|329144|0
328266|37053|0
328266|328964|0
328266|6083|0
328266|36985|0
328266|37457|0
328266|328437|0
328266|328672|0
328266|3067|0
328266|14115|0
328266|16800|0
328266|20011|0
328266|25818|0
328266|29918|0
328266|37007|0
328266|37225|0
328266|37266|0
328266|37276|0
328266|37315|0
328266|37317|0
328266|37363|0
328266|37399|0
328266|37484|0
328266|37525|0
328266|37549|0
328266|37599|0
328266|37618|0
328266|37628|0
328266|37634|0
328266|37650|0
328266|37675|0
328266|37720|0
328266|61092|0
328266|327751|0
328266|327761|0
328266|327794|0
328266|327824|0
328266|327892|0
328266|327901|0
328266|327909|0
328266|327926|0
328266|327987|0
328266|327991|0
328266|328029|0
328266|328032|0
328266|328045|0
328266|328068|0
328266|328146|0
328266|328170|0
328266|328174|0
328266|328199|0
328266|328246|0
328266|328260|0
328266|11744|0
328266|11845|0
328266|15022|0
328266|21739|0
328266|36943|0
328266|37168|0
328266|37172|0
328266|37199|0
328266|37236|0
328266|37314|0
328266|37479|0
328266|37519|0
328266|37564|0
328266|37656|0
328266|37731|0
328266|213481|0
328266|327733|0
328266|327754|0
328266|327767|0
328266|327822|0
328266|327889|0
328266|327894|0
328266|327897|0
328266|327982|0
328266|328016|0
328266|328049|0
328266|328172|0
328266|328178|0
328266|328179|0
328266|328210|0
328266|328214|0
328266|328306|0
328266|328320|0
328266|328323|0
328266|328327|0
328266|328335|0
328266|328346|0
328266|328360|0
328266|328375|0
328266|328418|0
328266|328474|0
328266|328480|0
328266|328501|0
328266|328512|0
328266|328519|0
328266|328598|0
328266|328632|0
328266|328638|0
328266|328656|0
328266|328661|0
328266|328732|0
328266|328788|0
328266|328795|0
328266|328837|0
328266|328848|0
328266|328911|0
328266|328916|0
328266|328963|0
328266|328970|0
328266|328974|0
328266|329028|0
328266|329032|0
328266|329036|0
328266|329039|0
328266|329062|0
328266|329125|0
328266|329303|0
328266|329305|0
328266|329443|0
328266|329478|0
328266|329481|0
328266|329558|0
328266|328275|0
328266|328285|0
328266|328287|0
328266|328313|0
328266|328315|0
328266|328317|0
328266|328334|0
328266|328336|0
328266|328347|0
328266|328366|0
328266|328386|0
328266|328431|0
328266|328456|0
328266|328461|0
328266|328471|0
328266|328544|0
328266|328547|0
328266|328576|0
328266|328589|0
328266|328657|0
328266|328691|0
328266|328693|0
328266|328720|0
328266|328735|0
328266|328750|0
328266|328803|0
328266|328822|0
328266|328826|0
328266|328829|0
328266|328882|0
328266|329063|0
328266|329084|0
328266|329098|0
328266|329121|0
328266|329126|0
328266|329222|0
328266|329240|0
328266|329289|0
328266|329346|0
328266|329350|0
328266|329384|0
328266|329392|0
328266|329402|0
328266|329455|0
328266|329546|0
11845|22386|-1
11845|33769|-1
11845|37352|-1
11845|37599|-1
11845|327850|-1
11845|327979|-1
11845|327987|-1
11845|328174|-1
11845|328423|-1
11845|328441|-1
11845|329474|-1
11845|328631|0
11845|327812|0
11845|329153|0
11845|329541|0
11845|328917|0
11845|328777|0
11845|328468|0
11845|37028|0
11845|328839|0
11845|328855|0
11845|7020|0
11845|37333|0
11845|328510|0
11845|37150|0
11845|37640|0
11845|327772|0
11845|328278|0
11845|327988|0
11845|37412|0
11845|328350|0
11845|36968|0
11845|328935|0
11845|329360|0
11845|329212|0
11845|327908|0
11845|328820|0
11845|328176|0
11845|328719|0
11845|37523|0
11845|328036|0
11845|328622|0
11845|328760|0
11845|329479|0
11845|37254|0
11845|37055|0
11845|37668|0
11845|328790|0
11845|328391|0
11845|328747|0
11845|328714|0
11845|328498|0
11845|327950|0
11845|328156|0
11845|328106|0
11845|329206|0
11845|329597|0
11845|329053|0
11845|329266|0
11845|328373|0
11845|328400|0
11845|329237|0
11845|327923|0
11845|328868|0
11845|6968|0
11845|328384|0
11845|329159|0
11845|329510|0
11845|327936|0
11845|328744|0
11845|37670|0
11845|328763|0
11845|329243|0
11845|328417|0
11845|328562|0
11845|328020|0
11845|37235|0
11845|327896|0
11845|37652|0
11845|328242|0
11845|327872|0
11845|328112|0
11845|328767|0
11845|328931|0
11845|329438|0
11845|328706|0
11845|37368|0
11845|37597|0
11845|329433|0
11845|328568|0
11845|37157|0
11845|328337|0
11845|328929|0
11845|328772|0
11845|328608|0
11845|328209|0
11845|328388|0
11845|328446|0
11845|22355|0
11845|328125|0
11845|329248|0
11845|37663|0
11845|328894|0
11845|37653|0
11845|328422|0
11845|327804|0
11845|328270|0
11845|37491|0
11845|328536|0
11845|37542|0
11845|328505|0
11845|327996|0
11845|328114|0
11845|327922|0
11845|328643|0
11845|327849|0
11845|328633|0
11845|37515|0
11845|327750|0
11845|328365|0
11845|328351|0
11845|37482|0
11845|328948|0
11845|327966|0
11845|328677|0
11845|329527|0
11845|328464|0
11845|37673|0
11845|37356|0
11845|328749|0
11845|36916|0
11845|328361|0
11845|2018|0
11845|37159|0
11845|37724|0
11845|328473|0
11845|329049|0
11845|328548|0
11845|328698|0
11845|328167|0
11845|32437|0
11845|327808|0
11845|327943|0
11845|327984|0
11845|328001|0
11845|328119|0
11845|328888|0
11845|328575|0
11845|329401|0
11845|328039|0
11845|327791|0
11845|328806|0
11845|37049|0
11845|328870|0
11845|328051|0
11845|328810|0
11845|328041|0
11845|327962|0
11845|327907|0
11845|329276|0
11845|328220|0
11845|328517|0
11845|328483|0
11845|328237|0
11845|329046|0
11845|328946|0
11845|329058|0
11845|328262|0
11845|328952|0
11845|328818|0
11845|37627|0
11845|328523|0
11845|328341|0
11845|328674|0
11845|328912|0
11845|327935|0
11845|328426|0
11845|329144|0
11845|37053|0
11845|328964|0
11845|6083|0
11845|36985|0
11845|37457|0
11845|328437|0
11845|328037|0
11845|328672|0
11845|329346|0
11845|213481|0
11845|328431|0
11845|328179|0
11845|328829|0
11845|329414|0
11845|328583|0
11845|329063|0
11845|327794|0
11845|329391|0
11845|329467|0
11845|328720|0
11845|328589|0
11845|327926|0
11845|327817|0
11845|329392|0
11845|328942|0
11845|328461|0
11845|328974|0
11845|328317|0
11845|328364|0
11845|328375|0
11845|37525|0
11845|328691|0
11845|328327|0
11845|328638|0
11845|328656|0
11845|328074|0
11845|37650|0
11845|328963|0
11845|328624|0
11845|328519|0
11845|36943|0
11845|329402|0
11845|328803|0
11845|328360|0
11845|329455|0
11845|328874|0
11845|327761|0
11845|328170|0
11845|328795|0
11845|37519|0
11845|328313|0
11845|328210|0
11845|329064|0
11845|327892|0
11845|328335|0
11845|328735|0
11845|328320|0
11845|329166|0
11845|329291|0
11845|329465|0
11845|329039|0
11845|328164|0
11845|328246|0
11845|329408|0
11845|327894|0
11845|37441|0
11845|329350|0
11845|328356|0
11845|329098|0
11845|328657|0
11845|328882|0
11845|328750|0
11845|328216|0
11845|328544|0
11845|37675|0
11845|328816|0
11845|329184|0
11845|328512|0
11845|37403|0
11845|37484|0
11845|327982|0
11845|329478|0
11845|329305|0
11845|37628|0
11845|37007|0
11845|329126|0
11845|329317|0
11845|328480|0
11845|328323|0
11845|328029|0
11845|329032|0
11845|25818|0
11845|329443|0
11845|20011|0
11845|14115|0
11845|328507|0
11845|329371|0
11845|328199|0
11845|328644|0
11845|328788|0
11845|327901|0
11845|37399|0
11845|328693|0
11845|37656|0
11845|37317|0
11845|327751|0
11845|329038|0
11845|327889|0
11845|328661|0
11845|37363|0
11845|37236|0
11845|329429|0
11845|329388|0
11845|328334|0
11845|329062|0
11845|329240|0
11845|329546|0
11845|329481|0
11845|328467|0
11845|327909|0
11845|328346|0
11845|328547|0
11845|328146|0
11845|328315|0
11845|328970|0
11845|328222|0
11845|328016|0
11845|328173|0
11845|37172|0
11845|328275|0
11845|328474|0
11845|37225|0
11845|328024|0
11845|37314|0
11845|329290|0
11845|327824|0
11845|327767|0
11845|37168|0
11845|37316|0
11845|329125|0
11845|328598|0
11845|23058|0
11845|329084|0
11845|328456|0
11845|328501|0
11845|328745|0
11845|328471|0
11845|328915|0
11845|3067|0
11845|11744|0
11845|15022|0
11845|21739|0
11845|37479|0
11845|37731|0
11845|327733|0
11845|327813|0
11845|327822|0
11845|327897|0
11845|328172|0
11845|328178|0
11845|328306|0
11845|328761|0
11845|328837|0
11845|328841|0
11845|328848|0
11845|329028|0
11845|329036|0
11845|329202|0
11845|329340|0
11845|329386|0
11845|329471|0
11845|329558|0
11845|16800|0
11845|22572|0
11845|29918|0
11845|37199|0
11845|37266|0
11845|37276|0
11845|37315|0
11845|37549|0
11845|37564|0
11845|37618|0
11845|37634|0
11845|37720|0
11845|61092|0
11845|327991|0
11845|328032|0
11845|328045|0
11845|328068|0
11845|328214|0
11845|328260|0
11845|328285|0
11845|328287|0
11845|328336|0
11845|328347|0
11845|328366|0
11845|328386|0
11845|328397|0
11845|328418|0
11845|328444|0
11845|328538|0
11845|328576|0
11845|328632|0
11845|328730|0
11845|328732|0
11845|328822|0
11845|328826|0
11845|328911|0
11845|328916|0
11845|329042|0
11845|329121|0
11845|329122|0
11845|329222|0
11845|329279|0
11845|329289|0
11845|329303|0
11845|329384|0
37199|328631|0
37199|327812|0
37199|329153|0
37199|328917|0
37199|328777|0
37199|328839|0
37199|328855|0
37199|7020|0
37199|37333|0
37199|328510|0
37199|37150|0
37199|37640|0
37199|327772|0
37199|328278|0
37199|327988|0
37199|36968|0
37199|328935|0
37199|329360|0
37199|328820|0
37199|328176|0
37199|328036|0
37199|37254|0
37199|328790|0
37199|328391|0
37199|327950|0
37199|328156|0
37199|329206|0
37199|329597|0
37199|329053|0
37199|329266|0
37199|328373|0
37199|328400|0
37199|329237|0
37199|327923|0
37199|328868|0
37199|328384|0
37199|329159|0
37199|329510|0
37199|327936|0
37199|328744|0
37199|37670|0
37199|327698|0
37199|328763|0
37199|328417|0
37199|328562|0
37199|328020|0
37199|327896|0
37199|37652|0
37199|328242|0
37199|327872|0
37199|328112|0
37199|328767|0
37199|37597|0
37199|328568|0
37199|37157|0
37199|328337|0
37199|328772|0
37199|328608|0
37199|328209|0
37199|328388|0
37199|328446|0
37199|22355|0
37199|329608|0
37199|37653|0
37199|328422|0
37199|327804|0
37199|328270|0
37199|37491|0
37199|328536|0
37199|37542|0
37199|328505|0
37199|327996|0
37199|328114|0
37199|327849|0
37199|328633|0
37199|37515|0
37199|328365|0
37199|328351|0
37199|37482|0
37199|327966|0
37199|328677|0
37199|328464|0
37199|37673|0
37199|37356|0
37199|328749|0
37199|36916|0
37199|328361|0
37199|2018|0
37199|37724|0
37199|329049|0
37199|328698|0
37199|328167|0
37199|32437|0
37199|327943|0
37199|328001|0
37199|328119|0
37199|328888|0
37199|328575|0
37199|328039|0
37199|328806|0
37199|37049|0
37199|328870|0
37199|328051|0
37199|328810|0
37199|327962|0
37199|327907|0
37199|329276|0
37199|328220|0
37199|328517|0
37199|328237|0
37199|329046|0
37199|328946|0
37199|329058|0
37199|328262|0
37199|328952|0
37199|328818|0
37199|37627|0
37199|328523|0
37199|328341|0
37199|328912|0
37199|327935|0
37199|328426|0
37199|329144|0
37199|37053|0
37199|328964|0
37199|6083|0
37199|36985|0
37199|37457|0
37199|328437|0
37199|328672|0
37199|329346|0
37199|213481|0
37199|328431|0
37199|328179|0
37199|328829|0
37199|329063|0
37199|327794|0
37199|328720|0
37199|328589|0
37199|327926|0
37199|329392|0
37199|328461|0
37199|328974|0
37199|328317|0
37199|328375|0
37199|37525|0
37199|328691|0
37199|328327|0
37199|328638|0
37199|328656|0
37199|37650|0
37199|37599|0
37199|328963|0
37199|328519|0
37199|36943|0
37199|329402|0
37199|328803|0
37199|328360|0
37199|329455|0
37199|327761|0
37199|328170|0
37199|328795|0
37199|37519|0
37199|328313|0
37199|328210|0
37199|327892|0
37199|328335|0
37199|328735|0
37199|328320|0
37199|329039|0
37199|328246|0
37199|327894|0
37199|329350|0
37199|329098|0
37199|328657|0
37199|328750|0
37199|328544|0
37199|37675|0
37199|328512|0
37199|328174|0
37199|37484|0
37199|327982|0
37199|329478|0
37199|329305|0
37199|37628|0
37199|37007|0
37199|329126|0
37199|328480|0
37199|328323|0
37199|328029|0
37199|329032|0
37199|25818|0
37199|329443|0
37199|20011|0
37199|328199|0
37199|328788|0
37199|327901|0
37199|37399|0
37199|328693|0
37199|37656|0
37199|37317|0
37199|327751|0
37199|327889|0
37199|328661|0
37199|37363|0
37199|37236|0
37199|328334|0
37199|329062|0
37199|329240|0
37199|329546|0
37199|329481|0
37199|327909|0
37199|328346|0
37199|328547|0
37199|328146|0
37199|328315|0
37199|328970|0
37199|328016|0
37199|37172|0
37199|328275|0
37199|328474|0
37199|37225|0
37199|37314|0
37199|327824|0
37199|327767|0
37199|37168|0
37199|329125|0
37199|328598|0
37199|329084|0
37199|328456|0
37199|328501|0
37199|328471|0
37199|327987|0
37199|328576|0
37199|37549|0
37199|328214|0
37199|328826|0
37199|328347|0
37199|37276|0
37199|11744|0
37199|327822|0
37199|29918|0
37199|327897|0
37199|328306|0
37199|21739|0
37199|329222|0
37199|37634|0
37199|328287|0
37199|328260|0
37199|328822|0
37199|328172|0
37199|329303|0
37199|328911|0
37199|37731|0
37199|328386|0
37199|328068|0
37199|329558|0
37199|327754|0
37199|328418|0
37199|329289|0
37199|37720|0
37199|37315|0
37199|37266|0
37199|3067|0
37199|16800|0
37199|15022|0
37199|37479|0
37199|327733|0
37199|328049|0
37199|328178|0
37199|328632|0
37199|328837|0
37199|328848|0
37199|329028|0
37199|329036|0
37199|37564|0
37199|37618|0
37199|61092|0
37199|327991|0
37199|328032|0
37199|328285|0
37199|328336|0
37199|328366|0
37199|328732|0
37199|328916|0
37199|329121|0
37199|329384|0
327804|328631|0
327804|327812|0
327804|329153|0
327804|329541|0
327804|328917|0
327804|328777|0
327804|328468|0
327804|37028|0
327804|328839|0
327804|328855|0
327804|7020|0
327804|37333|0
327804|328510|0
327804|37150|0
327804|37640|0
327804|327772|0
327804|328278|0
327804|327988|0
327804|37412|0
327804|328350|0
327804|36968|0
327804|328935|0
327804|329360|0
327804|327908|0
327804|328820|0
327804|328176|0
327804|328719|0
327804|37523|0
327804|328036|0
327804|329474|0
327804|37254|0
327804|328790|0
327804|328391|0
327804|328747|0
327804|328714|0
327804|328498|0
327804|327950|0
327804|328156|0
327804|328106|0
327804|329206|0
327804|329597|0
327804|329053|0
327804|329266|0
327804|328373|0
327804|328400|0
327804|329237|0
327804|327923|0
327804|328868|0
327804|6968|0
327804|328384|0
327804|329159|0
327804|329510|0
327804|327936|0
327804|328744|0
327804|37670|0
327804|327698|0
327804|328763|0
327804|329243|0
327804|328417|0
327804|328562|0
327804|328020|0
327804|37235|0
327804|327896|0
327804|37652|0
327804|328242|0
327804|327872|0
327804|328112|0
327804|328767|0
327804|328931|0
327804|328706|0
327804|37368|0
327804|37597|0
327804|329433|0
327804|328568|0
327804|37157|0
327804|328337|0
327804|328772|0
327804|328608|0
327804|328209|0
327804|328388|0
327804|328446|0
327804|22355|0
327804|329608|0
327804|328894|0
327804|37653|0
327804|328422|0
327804|2018|0
327804|3067|0
327804|6083|0
327804|11744|0
327804|14115|0
327804|16800|0
327804|20011|0
327804|22572|0
327804|25818|0
327804|29918|0
327804|32437|0
327804|36916|0
327804|36943|0
327804|37007|0
327804|37049|0
327804|37053|0
327804|37168|0
327804|37225|0
327804|37236|0
327804|37266|0
327804|37276|0
327804|37315|0
327804|37316|0
327804|37317|0
327804|37356|0
327804|37363|0
327804|37399|0
327804|37403|0
327804|37441|0
327804|37479|0
327804|37482|0
327804|37484|0
327804|37491|0
327804|37515|0
327804|37519|0
327804|37525|0
327804|37542|0
327804|37549|0
327804|37564|0
327804|37599|0
327804|37618|0
327804|37627|0
327804|37628|0
327804|37634|0
327804|37650|0
327804|37673|0
327804|37675|0
327804|37720|0
327804|37724|0
327804|37731|0
327804|61092|0
327804|213481|0
327804|327733|0
327804|327751|0
327804|327754|0
327804|327761|0
327804|327767|0
327804|327794|0
327804|15022|0
327804|21739|0
327804|22386|0
327804|23058|0
327804|36985|0
327804|37172|0
327804|37314|0
327804|37457|0
327804|37656|0
327804|327750|0
327804|327791|0
327804|327813|0
327804|327817|0
327804|327822|0
327804|327962|0
327804|328016|0
327804|328049|0
327804|328178|0
327804|328210|0
327804|328222|0
327804|328320|0
327804|328327|0
327804|328341|0
327804|328346|0
327804|328360|0
327804|328423|0
327804|328437|0
327804|328441|0
327804|328467|0
327804|328501|0
327804|328512|0
327804|328519|0
327804|328523|0
327804|328638|0
327804|328643|0
327804|328661|0
327804|328745|0
327804|328761|0
327804|328806|0
327804|328837|0
327804|328848|0
327804|328874|0
327804|328946|0
327804|328948|0
327804|328974|0
327804|329028|0
327804|329036|0
327804|329038|0
327804|329125|0
327804|329184|0
327804|329317|0
327804|329371|0
327804|329388|0
327804|329478|0
327804|327808|0
327804|327824|0
327804|327849|0
327804|327889|0
327804|327892|0
327804|327894|0
327804|327897|0
327804|327901|0
327804|327907|0
327804|327909|0
327804|327926|0
327804|327935|0
327804|327943|0
327804|327966|0
327804|327979|0
327804|327982|0
327804|327984|0
327804|327987|0
327804|327991|0
327804|327996|0
327804|328001|0
327804|328024|0
327804|328029|0
327804|328037|0
327804|328039|0
327804|328041|0
327804|328045|0
327804|328051|0
327804|328068|0
327804|328074|0
327804|328114|0
327804|328119|0
327804|328146|0
327804|328164|0
327804|328167|0
327804|328170|0
327804|328172|0
327804|328173|0
327804|328174|0
327804|328179|0
327804|328199|0
327804|328214|0
327804|328216|0
327804|328220|0
327804|328237|0
327804|328246|0
327804|328260|0
327804|328262|0
327804|328270|0
327804|328275|0
327804|328285|0
327804|328287|0
327804|328306|0
327804|328313|0
327804|328315|0
327804|328317|0
327804|328323|0
327804|328334|0
327804|328335|0
327804|328336|0
327804|328347|0
327804|328351|0
327804|328356|0
327804|328361|0
327804|328366|0
327804|328375|0
327804|328386|0
327804|328418|0
327804|328426|0
327804|328431|0
327804|328444|0
327804|328456|0
327804|328461|0
327804|328464|0
327804|328471|0
327804|328473|0
327804|328474|0
327804|328480|0
327804|328505|0
327804|328507|0
327804|328517|0
327804|328536|0
327804|328538|0
327804|328544|0
327804|328547|0
327804|328548|0
327804|328575|0
327804|328576|0
327804|328583|0
327804|328589|0
327804|328598|0
327804|328624|0
327804|328632|0
327804|328633|0
327804|328644|0
327804|328656|0
327804|328657|0
327804|328672|0
327804|328677|0
327804|328691|0
327804|328693|0
327804|328698|0
327804|328720|0
327804|328730|0
327804|328732|0
327804|328735|0
327804|328749|0
327804|328750|0
327804|328788|0
327804|328795|0
327804|328803|0
327804|328810|0
327804|328816|0
327804|328818|0
327804|328822|0
327804|328826|0
327804|328829|0
327804|328841|0
327804|328870|0
327804|328882|0
327804|328888|0
327804|328911|0
327804|328912|0
327804|328915|0
327804|328916|0
327804|328952|0
327804|328963|0
327804|328964|0
327804|328970|0
327804|329032|0
327804|329039|0
327804|329042|0
327804|329046|0
327804|329049|0
327804|329058|0
327804|329062|0
327804|329063|0
327804|329064|0
327804|329084|0
327804|329098|0
327804|329121|0
327804|329122|0
327804|329126|0
327804|329166|0
327804|329202|0
327804|329222|0
327804|329240|0
327804|329276|0
327804|329279|0
327804|329289|0
327804|329290|0
327804|329291|0
327804|329303|0
327804|329305|0
327804|329340|0
327804|329346|0
327804|329350|0
327804|329384|0
327804|329386|0
327804|329391|0
327804|329392|0
327804|329401|0
327804|329402|0
327804|329414|0
327804|329443|0
327804|329455|0
327804|329465|0
327804|329467|0
327804|329471|0
327804|329527|0
327804|329546|0
327804|329558|0
328320|328562|-1
328320|328631|0
328320|327812|0
328320|329541|0
328320|328777|0
328320|328839|0
328320|7020|0
328320|328510|0
328320|37640|0
328320|327772|0
328320|328278|0
328320|327988|0
328320|328350|0
328320|36968|0
328320|328935|0
328320|327908|0
328320|328820|0
328320|328036|0
328320|37254|0
328320|328790|0
328320|328747|0
328320|328106|0
328320|329206|0
328320|329597|0
328320|329053|0
328320|329266|0
328320|328373|0
328320|328400|0
328320|329237|0
328320|327923|0
328320|328868|0
328320|329510|0
328320|327936|0
328320|328744|0
328320|37670|0
328320|327698|0
328320|328417|0
328320|37235|0
328320|327896|0
328320|37652|0
328320|327872|0
328320|328112|0
328320|328767|0
328320|328568|0
328320|37157|0
328320|328337|0
328320|328772|0
328320|328608|0
328320|328209|0
328320|328388|0
328320|328446|0
328320|328125|0
328320|37653|0
328320|328422|0
328320|328270|0
328320|37491|0
328320|328536|0
328320|37542|0
328320|328505|0
328320|328114|0
328320|327849|0
328320|328633|0
328320|37515|0
328320|327750|0
328320|328351|0
328320|37482|0
328320|327966|0
328320|328677|0
328320|37673|0
328320|37356|0
328320|328749|0
328320|36916|0
328320|328361|0
328320|2018|0
328320|37724|0
328320|328698|0
328320|32437|0
328320|327943|0
328320|328119|0
328320|329401|0
328320|328039|0
328320|37049|0
328320|328870|0
328320|328051|0
328320|328810|0
328320|328220|0
328320|329046|0
328320|328946|0
328320|328262|0
328320|328952|0
328320|328523|0
328320|328341|0
328320|327935|0
328320|328426|0
328320|37053|0
328320|328964|0
328320|6083|0
328320|36985|0
328320|37457|0
328320|328437|0
328320|328037|0
328320|328672|0
328320|329346|0
328320|328179|0
328320|328829|0
328320|328583|0
328320|329063|0
328320|329391|0
328320|329467|0
328320|328720|0
328320|327926|0
328320|329392|0
328320|328974|0
328320|328317|0
328320|328375|0
328320|328691|0
328320|328327|0
328320|328638|0
328320|328656|0
328320|37650|0
328320|328963|0
328320|328519|0
328320|329402|0
328320|328803|0
328320|328360|0
328320|327761|0
328320|328170|0
328320|328795|0
328320|37519|0
328320|328313|0
328320|328210|0
328320|329064|0
328320|327892|0
328320|328335|0
328320|328735|0
328320|3067|0
328320|11744|0
328320|16800|0
328320|20011|0
328320|25818|0
328320|29918|0
328320|37007|0
328320|37168|0
328320|37236|0
328320|37266|0
328320|37276|0
328320|37317|0
328320|37363|0
328320|37479|0
328320|37484|0
328320|37549|0
328320|37564|0
328320|37618|0
328320|37634|0
328320|37675|0
328320|37720|0
328320|37731|0
328320|61092|0
328320|327733|0
328320|327751|0
328320|327754|0
328320|327767|0
328320|327889|0
328320|327894|0
328320|327897|0
328320|327901|0
328320|327909|0
328320|327979|0
328320|327982|0
328320|327987|0
328320|327991|0
328320|328029|0
328320|328045|0
328320|328068|0
328320|328146|0
328320|328172|0
328320|328173|0
328320|328199|0
328320|328214|0
328320|328216|0
328320|328275|0
328320|328285|0
328320|328287|0
328320|328306|0
328320|328315|0
328320|21739|0
328320|37172|0
328320|328016|0
328320|328049|0
328320|328346|0
328320|328467|0
328320|328501|0
328320|328512|0
328320|328661|0
328320|328761|0
328320|328848|0
328320|329038|0
328320|329125|0
328320|329317|0
328320|329478|0
328320|328334|0
328320|328336|0
328320|328347|0
328320|328366|0
328320|328386|0
328320|328456|0
328320|328480|0
328320|328544|0
328320|328547|0
328320|328576|0
328320|328598|0
328320|328632|0
328320|328657|0
328320|328730|0
328320|328732|0
328320|328788|0
328320|328822|0
328320|328841|0
328320|328911|0
328320|328916|0
328320|329032|0
328320|329036|0
328320|329039|0
328320|329062|0
328320|329084|0
328320|329098|0
328320|329121|0
328320|329222|0
328320|329240|0
328320|329289|0
328320|329290|0
328320|329305|0
328320|329350|0
328320|329384|0
328320|329443|0
328320|329546|0
328512|329248|-1
328512|328631|0
328512|327812|0
328512|329153|0
328512|329541|0
328512|328777|0
328512|328468|0
328512|37028|0
328512|328839|0
328512|7020|0
328512|37333|0
328512|328510|0
328512|37150|0
328512|37640|0
328512|327772|0
328512|328278|0
328512|327988|0
328512|37412|0
328512|328350|0
328512|36968|0
328512|328935|0
328512|329360|0
328512|329212|0
328512|327908|0
328512|328820|0
328512|328176|0
328512|328719|0
328512|37523|0
328512|328036|0
328512|329474|0
328512|37254|0
328512|328790|0
328512|328747|0
328512|328714|0
328512|328498|0
328512|327950|0
328512|328106|0
328512|329206|0
328512|329597|0
328512|329053|0
328512|329266|0
328512|328373|0
328512|328400|0
328512|329237|0
328512|327923|0
328512|328868|0
328512|6968|0
328512|328384|0
328512|329510|0
328512|327936|0
328512|328744|0
328512|37670|0
328512|327698|0
328512|328763|0
328512|329243|0
328512|328417|0
328512|328562|0
328512|37235|0
328512|327896|0
328512|37652|0
328512|327872|0
328512|328112|0
328512|328767|0
328512|328931|0
328512|328706|0
328512|37368|0
328512|37597|0
328512|329433|0
328512|328568|0
328512|37157|0
328512|328337|0
328512|328929|0
328512|328772|0
328512|328608|0
328512|328209|0
328512|328388|0
328512|328446|0
328512|22355|0
328512|328125|0
328512|329608|0
328512|328894|0
328512|37653|0
328512|328422|0
328512|328270|0
328512|37491|0
328512|328536|0
328512|37542|0
328512|328505|0
328512|327996|0
328512|328114|0
328512|328643|0
328512|327849|0
328512|328633|0
328512|37515|0
328512|327750|0
328512|328365|0
328512|328351|0
328512|37482|0
328512|328948|0
328512|327966|0
328512|328677|0
328512|329527|0
328512|328464|0
328512|37673|0
328512|37356|0
328512|328749|0
328512|36916|0
328512|328361|0
328512|2018|0
328512|37724|0
328512|328473|0
328512|328548|0
328512|328698|0
328512|327808|0
328512|327943|0
328512|327984|0
328512|328001|0
328512|328119|0
328512|328888|0
328512|328575|0
328512|329401|0
328512|328039|0
328512|327791|0
328512|37049|0
328512|328870|0
328512|328051|0
328512|328810|0
328512|328041|0
328512|327962|0
328512|327907|0
328512|329276|0
328512|328220|0
328512|328517|0
328512|328237|0
328512|329046|0
328512|328946|0
328512|329058|0
328512|328262|0
328512|328952|0
328512|328818|0
328512|37627|0
328512|328523|0
328512|328341|0
328512|328912|0
328512|327935|0
328512|328426|0
328512|328964|0
328512|22386|0
328512|6083|0
328512|36985|0
328512|37457|0
328512|328437|0
328512|328037|0
328512|328672|0
328512|329346|0
328512|213481|0
328512|328179|0
328512|328829|0
328512|329414|0
328512|328583|0
328512|329063|0
328512|327794|0
328512|329391|0
328512|329467|0
328512|328720|0
328512|327926|0
328512|327817|0
328512|329392|0
328512|328461|0
328512|328974|0
328512|328317|0
328512|328375|0
328512|37525|0
328512|328691|0
328512|328327|0
328512|328638|0
328512|328656|0
328512|328074|0
328512|37650|0
328512|37599|0
328512|328963|0
328512|328624|0
328512|328519|0
328512|329402|0
328512|328803|0
328512|328360|0
328512|329455|0
328512|328874|0
328512|327761|0
328512|328170|0
328512|328795|0
328512|37519|0
328512|328313|0
328512|328210|0
328512|329064|0
328512|327892|0
328512|328335|0
328512|328735|0
328512|329166|0
328512|329291|0
328512|329465|0
328512|329039|0
328512|328164|0
328512|327894|0
328512|37441|0
328512|329350|0
328512|328356|0
328512|329098|0
328512|328657|0
328512|328882|0
328512|328216|0
328512|328544|0
328512|37675|0
328512|328816|0
328512|329184|0
328512|3067|0
328512|11744|0
328512|14115|0
328512|15022|0
328512|16800|0
328512|20011|0
328512|21739|0
328512|22572|0
328512|23058|0
328512|25818|0
328512|29918|0
328512|37007|0
328512|37168|0
328512|37225|0
328512|37236|0
328512|37266|0
328512|37276|0
328512|37314|0
328512|37315|0
328512|37316|0
328512|37317|0
328512|37363|0
328512|37399|0
328512|37403|0
328512|37479|0
328512|37484|0
328512|37549|0
328512|37564|0
328512|37618|0
328512|37628|0
328512|37634|0
328512|37720|0
328512|37731|0
328512|61092|0
328512|327733|0
328512|327751|0
328512|327754|0
328512|327767|0
328512|327813|0
328512|327822|0
328512|327824|0
328512|327889|0
328512|327897|0
328512|327901|0
328512|327909|0
328512|327979|0
328512|327982|0
328512|327987|0
328512|327991|0
328512|328016|0
328512|328024|0
328512|328029|0
328512|328032|0
328512|328045|0
328512|328049|0
328512|328068|0
328512|328146|0
328512|328172|0
328512|328173|0
328512|328178|0
328512|328199|0
328512|328214|0
328512|328222|0
328512|328275|0
328512|328285|0
328512|328287|0
328512|328306|0
328512|328315|0
328512|328323|0
328512|328334|0
328512|328336|0
328512|328346|0
328512|328347|0
328512|328366|0
328512|328386|0
328512|328397|0
328512|328423|0
328512|328441|0
328512|328444|0
328512|328456|0
328512|328467|0
328512|328471|0
328512|328474|0
328512|328480|0
328512|328501|0
328512|328507|0
328512|37172|0
328512|329038|0
328512|328538|0
328512|328547|0
328512|328576|0
328512|328598|0
328512|328632|0
328512|328644|0
328512|328661|0
328512|328730|0
328512|328732|0
328512|328745|0
328512|328761|0
328512|328788|0
328512|328822|0
328512|328826|0
328512|328841|0
328512|328848|0
328512|328911|0
328512|328915|0
328512|328916|0
328512|328970|0
328512|329028|0
328512|329032|0
328512|329036|0
328512|329042|0
328512|329062|0
328512|329084|0
328512|329121|0
328512|329122|0
328512|329125|0
328512|329126|0
328512|329202|0
328512|329222|0
328512|329240|0
328512|329279|0
328512|329289|0
328512|329290|0
328512|329303|0
328512|329305|0
328512|329317|0
328512|329340|0
328512|329371|0
328512|329384|0
328512|329386|0
328512|329388|0
328512|329443|0
328512|329471|0
328512|329478|0
328512|329546|0
328562|328704|-1
328562|328631|0
328562|327812|0
328562|329541|0
328562|328777|0
328562|328839|0
328562|7020|0
328562|328510|0
328562|37640|0
328562|327772|0
328562|328278|0
328562|327988|0
328562|328350|0
328562|36968|0
328562|328935|0
328562|327908|0
328562|328820|0
328562|328036|0
328562|37254|0
328562|328790|0
328562|328747|0
328562|328106|0
328562|329206|0
328562|329597|0
328562|329053|0
328562|329266|0
328562|328373|0
328562|328400|0
328562|329237|0
328562|327923|0
328562|328868|0
328562|329510|0
328562|327936|0
328562|328744|0
328562|37670|0
328562|327698|0
328562|328417|0
328562|3067|0
328562|20011|0
328562|37157|0
328562|37317|0
328562|37720|0
328562|61092|0
328562|328125|0
328562|328313|0
328562|328351|0
328562|2018|0
328562|6083|0
328562|11744|0
328562|14115|0
328562|16800|0
328562|21739|0
328562|23058|0
328562|25818|0
328562|29918|0
328562|32437|0
328562|36916|0
328562|36985|0
328562|37007|0
328562|37049|0
328562|37053|0
328562|37168|0
328562|37172|0
328562|37235|0
328562|37236|0
328562|37266|0
328562|37276|0
328562|37356|0
328562|37363|0
328562|37403|0
328562|37457|0
328562|37479|0
328562|37482|0
328562|37484|0
328562|37491|0
328562|37515|0
328562|37519|0
328562|37542|0
328562|37549|0
328562|37564|0
328562|37618|0
328562|37634|0
328562|37650|0
328562|37652|0
328562|37653|0
328562|37673|0
328562|37675|0
328562|37724|0
328562|37731|0
328562|327733|0
328562|327750|0
328562|327751|0
328562|327754|0
328562|327761|0
328562|327767|0
328562|327849|0
328562|327889|0
328562|327892|0
328562|327894|0
328562|327896|0
328562|327897|0
328562|327901|0
328562|327909|0
328562|327926|0
328562|327935|0
328562|327943|0
328562|327966|0
328562|327979|0
328562|327982|0
328562|327987|0
328562|327991|0
328562|328016|0
328562|328024|0
328562|328029|0
328562|328037|0
328562|328039|0
328562|328041|0
328562|328045|0
328562|328049|0
328562|328051|0
328562|328068|0
328562|328112|0
328562|328114|0
328562|328119|0
328562|328146|0
328562|328170|0
328562|328172|0
328562|328173|0
328562|328179|0
328562|328199|0
328562|328209|0
328562|328210|0
328562|328214|0
328562|328216|0
328562|328220|0
328562|328262|0
328562|328270|0
328562|328275|0
328562|328285|0
328562|328287|0
328562|328306|0
328562|328315|0
328562|328317|0
328562|328327|0
328562|328334|0
328562|328335|0
328562|328336|0
328562|328337|0
328562|328341|0
328562|328346|0
328562|328347|0
328562|328360|0
328562|328361|0
328562|328366|0
328562|328375|0
328562|328386|0
328562|328388|0
328562|328422|0
328562|328423|0
328562|328426|0
328562|328437|0
328562|328446|0
328562|328456|0
328562|328467|0
328562|328480|0
328562|328501|0
328562|328505|0
328562|328519|0
328562|328523|0
328562|328536|0
328562|328544|0
328562|328547|0
328562|328568|0
328562|328576|0
328562|328583|0
328562|328598|0
328562|328608|0
328562|328632|0
328562|328633|0
328562|328638|0
328562|328643|0
328562|328656|0
328562|328657|0
328562|328661|0
328562|328672|0
328562|328677|0
328562|328691|0
328562|328720|0
328562|328730|0
328562|328732|0
328562|328735|0
328562|328749|0
328562|328761|0
328562|328767|0
328562|328772|0
328562|328788|0
328562|328795|0
328562|328803|0
328562|328810|0
328562|328841|0
328562|328848|0
328562|328870|0
328562|328911|0
328562|328916|0
328562|328946|0
328562|328952|0
328562|328963|0
328562|328964|0
328562|328974|0
328562|329032|0
328562|329036|0
328562|329038|0
328562|329039|0
328562|329046|0
328562|329062|0
328562|329063|0
328562|329084|0
328562|329125|0
328562|329222|0
328562|329240|0
328562|329289|0
328562|329305|0
328562|329317|0
328562|329350|0
328562|329384|0
328562|329391|0
328562|329392|0
328562|329401|0
328562|329402|0
328562|329443|0
328562|329467|0
328562|329478|0
328562|329527|0
328562|328698|0
328562|328822|0
328562|328829|0
328562|329064|0
328562|329098|0
328562|329290|0
328562|329346|0
328562|329546|0
328964|328631|0
328964|327812|0
328964|329153|0
328964|329541|0
328964|328917|0
328964|328777|0
328964|328468|0
328964|37028|0
328964|328839|0
328964|328855|0
328964|7020|0
328964|37333|0
328964|328510|0
328964|37150|0
328964|37640|0
328964|327772|0
328964|328278|0
328964|327988|0
328964|37412|0
328964|328350|0
328964|36968|0
328964|328935|0
328964|329360|0
328964|329212|0
328964|327908|0
328964|328820|0
328964|328176|0
328964|328719|0
328964|37523|0
328964|328036|0
328964|329474|0
328964|37254|0
328964|37055|0
328964|328790|0
328964|328391|0
328964|328747|0
328964|328714|0
328964|328498|0
328964|327950|0
328964|328156|0
328964|328106|0
328964|329206|0
328964|329597|0
328964|329053|0
328964|329266|0
328964|328373|0
328964|328400|0
328964|329237|0
328964|327923|0
328964|328868|0
328964|6968|0
328964|328384|0
328964|329159|0
328964|329510|0
328964|327936|0
328964|328744|0
328964|329151|0
328964|37670|0
328964|327698|0
328964|328763|0
328964|329243|0
328964|328417|0
328964|328020|0
328964|37235|0
328964|327896|0
328964|37652|0
328964|328242|0
328964|327872|0
328964|328112|0
328964|328767|0
328964|328931|0
328964|328706|0
328964|37368|0
328964|37597|0
328964|329433|0
328964|328568|0
328964|37157|0
328964|328337|0
328964|328929|0
328964|328772|0
328964|37352|0
328964|328608|0
328964|328209|0
328964|328388|0
328964|328446|0
328964|22355|0
328964|328125|0
328964|328894|0
328964|37653|0
328964|328422|0
328964|328270|0
328964|37491|0
328964|328536|0
328964|37542|0
328964|328505|0
328964|327996|0
328964|328114|0
328964|328643|0
328964|327849|0
328964|328633|0
328964|37515|0
328964|327750|0
328964|328365|0
328964|328351|0
328964|37482|0
328964|328948|0
328964|327966|0
328964|328677|0
328964|329527|0
328964|328464|0
328964|37673|0
328964|37356|0
328964|328749|0
328964|36916|0
328964|328361|0
328964|2018|0
328964|37159|0
328964|37724|0
328964|328473|0
328964|329049|0
328964|328548|0
328964|328698|0
328964|328167|0
328964|32437|0
328964|327808|0
328964|327943|0
328964|327984|0
328964|328001|0
328964|328119|0
328964|328888|0
328964|328575|0
328964|329401|0
328964|328039|0
328964|327791|0
328964|328806|0
328964|37049|0
328964|328870|0
328964|328051|0
328964|328810|0
328964|328041|0
328964|327962|0
328964|327907|0
328964|329276|0
328964|328220|0
328964|328517|0
328964|328237|0
328964|329046|0
328964|328946|0
328964|329058|0
328964|328262|0
328964|328952|0
328964|328818|0
328964|37627|0
328964|328523|0
328964|328341|0
328964|328912|0
328964|327935|0
328964|328426|0
328964|329144|0
328964|37053|0
328964|3067|0
328964|6083|0
328964|14115|0
328964|16800|0
328964|20011|0
328964|22572|0
328964|25818|0
328964|29918|0
328964|36943|0
328964|37007|0
328964|37225|0
328964|37266|0
328964|37276|0
328964|37315|0
328964|37316|0
328964|37317|0
328964|37363|0
328964|37399|0
328964|37441|0
328964|37484|0
328964|37525|0
328964|37549|0
328964|37599|0
328964|37618|0
328964|37628|0
328964|37634|0
328964|37650|0
328964|37675|0
328964|37720|0
328964|61092|0
328964|327751|0
328964|327761|0
328964|327794|0
328964|327824|0
328964|327889|0
328964|327892|0
328964|327894|0
328964|327901|0
328964|327909|0
328964|327926|0
328964|327979|0
328964|327987|0
328964|327991|0
328964|328029|0
328964|328032|0
328964|328045|0
328964|328068|0
328964|328074|0
328964|328146|0
328964|328164|0
328964|328170|0
328964|328173|0
328964|328174|0
328964|328199|0
328964|328216|0
328964|328246|0
328964|328260|0
328964|328275|0
328964|328285|0
328964|328287|0
328964|328313|0
328964|328315|0
328964|328317|0
328964|328334|0
328964|328336|0
328964|328347|0
328964|328356|0
328964|328366|0
328964|328386|0
328964|328397|0
328964|328431|0
328964|328444|0
328964|328456|0
328964|328461|0
328964|328471|0
328964|328480|0
328964|328507|0
328964|328538|0
328964|328544|0
328964|328547|0
328964|328576|0
328964|328583|0
328964|328589|0
328964|328624|0
328964|328657|0
328964|328691|0
328964|328693|0
328964|328720|0
328964|328730|0
328964|328735|0
328964|328750|0
328964|328803|0
328964|328822|0
328964|328826|0
328964|328829|0
328964|328882|0
328964|328911|0
328964|328915|0
328964|328916|0
328964|11744|0
328964|15022|0
328964|21739|0
328964|22386|0
328964|23058|0
328964|36985|0
328964|37168|0
328964|37172|0
328964|37236|0
328964|37314|0
328964|37403|0
328964|37457|0
328964|37479|0
328964|37519|0
328964|37564|0
328964|37656|0
328964|37731|0
328964|213481|0
328964|327733|0
328964|327754|0
328964|327767|0
328964|327813|0
328964|327817|0
328964|327822|0
328964|327897|0
328964|327982|0
328964|328016|0
328964|328024|0
328964|328037|0
328964|328049|0
328964|328172|0
328964|328178|0
328964|328179|0
328964|328210|0
328964|328214|0
328964|328222|0
328964|328306|0
328964|328323|0
328964|328327|0
328964|328335|0
328964|328346|0
328964|328360|0
328964|328364|0
328964|328375|0
328964|328418|0
328964|328423|0
328964|328437|0
328964|328441|0
328964|328467|0
328964|328474|0
328964|328501|0
328964|328519|0
328964|328598|0
328964|328632|0
328964|328638|0
328964|328644|0
328964|328656|0
328964|328661|0
328964|328672|0
328964|328732|0
328964|328745|0
328964|328761|0
328964|328788|0
328964|328795|0
328964|328816|0
328964|328837|0
328964|328841|0
328964|328848|0
328964|328874|0
328964|328963|0
328964|328970|0
328964|328974|0
328964|329028|0
328964|329032|0
328964|329036|0
328964|329038|0
328964|329039|0
328964|329062|0
328964|329125|0
328964|329184|0
328964|329202|0
328964|329291|0
328964|329303|0
328964|329317|0
328964|329340|0
328964|329371|0
328964|329386|0
328964|329388|0
328964|329414|0
328964|329429|0
328964|329443|0
328964|329471|0
328964|329478|0
328964|329481|0
328964|329558|0
328964|329042|0
328964|329063|0
328964|329064|0
328964|329084|0
328964|329098|0
328964|329121|0
328964|329122|0
328964|329126|0
328964|329166|0
328964|329222|0
328964|329240|0
328964|329279|0
328964|329289|0
328964|329290|0
328964|329305|0
328964|329346|0
328964|329350|0
328964|329384|0
328964|329391|0
328964|329392|0
328964|329402|0
328964|329455|0
328964|329465|0
328964|329467|0
328964|329546|0
328631|328925|-1
328917|37053|0
37053|329097|-1
37053|37028|0
37053|328839|0
37053|7020|0
37053|37333|0
37053|37150|0
37053|37640|0
37053|327988|0
37053|328350|0
37053|36968|0
37053|329360|0
37053|329474|0
37053|328391|0
37053|329206|0
37053|37235|0
37053|327896|0
37053|37652|0
37053|37157|0
37053|328608|0
37053|22355|0
37053|328536|0
37053|37542|0
37053|328114|0
37053|327849|0
37053|328633|0
37053|328365|0
37053|2018|0
37053|32437|0
37053|328870|0
37053|25818|0
37053|6083|0
37053|14115|0
37053|22572|0
37053|36943|0
37053|37168|0
37053|37236|0
37053|37276|0
37053|37314|0
37053|37457|0
37053|37479|0
37053|37599|0
37053|37628|0
37053|327733|0
37053|327767|0
37053|327979|0
37053|327991|0
37053|328029|0
37053|328032|0
37053|328501|0
37053|328583|0
37053|328672|0
37053|328732|0
37053|329166|0
37053|329481|0
37053|37225|0
37053|37315|0
37053|37363|0
37053|37399|0
37053|37525|0
37053|37639|0
37053|37675|0
37053|328045|0
37053|328170|0
37053|328174|0
37053|328366|0
37053|328576|0
7020|328122|-1
37640|37724|-1
37640|328461|-1
36937|36983|-1
36937|37180|-1
36937|37312|-1
36937|37314|-1
36937|37630|-1
36937|328312|-1
37314|37316|-1
37314|37441|-1
37314|328074|-1
37314|328313|-1
37314|328816|-1
37314|328894|-1
37314|329291|-1
329523|329106|-1
328391|328501|-1
37611|328227|-1
37611|328889|-1
328498|329143|-1
329206|328723|-1
329266|327910|-1
328400|329121|-1
328744|327745|-1
37670|329266|-1
3067|3068|-1
20011|328453|-1
20011|328467|-1
37720|328974|-1
2018|6149|-1
2018|8094|-1
2018|36982|-1
2018|37501|-1
2018|37520|-1
2018|329522|-1
2018|328112|0
2018|36916|0
2018|32437|0
2018|328366|0
25818|327733|-1
25818|329392|-1
32437|21739|-1
32437|37017|-1
32437|328365|-1
32437|328391|-1
32437|328512|-1
32437|329039|-1
32437|329541|-1
32437|328112|0
32437|36916|0
32437|328366|0
36916|328241|-1
36916|329084|-1
36916|329350|-1
36916|328112|0
36916|328366|0
37172|328791|-1
37172|329165|-1
37236|37334|-1
37236|327726|-1
37236|327849|-1
37236|328641|-1
37236|328785|-1
37236|328961|-1
37236|329557|-1
37276|328359|-1
37276|328917|-1
37276|329237|-1
37356|328384|-1
37457|37167|-1
37457|327839|-1
37515|328900|-1
37542|328157|-1
37650|328218|-1
37673|328371|-1
37673|328872|-1
37673|328912|-1
37673|329266|-1
37731|327767|-1
37731|328137|-1
37731|328327|-1
37731|328444|-1
37731|328473|-1
37731|328583|-1
37731|328706|-1
37731|328874|-1
37731|328915|-1
37731|328948|-1
37731|329243|-1
37731|329401|-1
37731|329408|-1
37731|329455|-1
37731|329467|-1
327733|328156|-1
327751|328524|-1
327767|213481|-1
327767|328974|-1
327767|329294|-1
327849|329276|-1
327849|329289|-1
327892|328632|-1
327897|329125|-1
327901|327896|-1
327901|328533|-1
327926|328020|-1
327935|11157|-1
327935|328483|-1
327943|329355|-1
328041|329068|-1
328112|328474|-1
328112|328366|0
328114|328346|-1
328214|328963|-1
328270|329247|-1
328317|327893|-1
328317|328695|-1
328334|328336|-1
328366|37302|-1
328366|328041|-1
328366|328043|-1
328366|328568|-1
328366|329578|-1
328576|37515|-1
328608|36898|-1
328608|327794|-1
328608|328693|-1
328608|328970|-1
328916|327698|-1
329305|37411|-1
328020|37656|-1
329643|328915|-1
329643|329202|-1
329202|329471|-1
327872|37724|-1
327794|37618|-1
328970|329502|-1
22355|36968|-1
22355|37520|-1
22355|37673|-1
22355|327987|-1
22355|328410|-1
22355|328576|-1
22355|328598|-1
22355|329153|-1
22355|329401|-1
37315|33762|-1
37315|36898|-1
37315|37488|-1
37315|327840|-1
37315|328608|-1
37315|328806|-1
15022|328624|-1
327791|328176|-1
327813|329184|-1
327824|329570|-1
327907|329243|-1
328356|328113|-1
328471|329300|-1
328750|329047|-1
328888|37368|-1
328888|327805|-1
328888|327962|-1
328888|328257|-1
328888|328538|-1
328888|328608|-1
328888|328714|-1
328888|328719|-1
328888|329462|-1
329276|328839|-1
329276|329181|-1
329276|329196|-1
329303|327791|-1
329303|328441|-1
329303|329360|-1
329303|329371|-1
329429|329197|-1
10474|328045|-1
10474|328710|-1
37353|37628|-1
