# SCION combined ISD topology UA
#
# Format:
# provider_ASN|customer_ASN|-1
# peer_ASN1|peer_ASN2|0
35320|6849|-1
35320|6876|-1
35320|43139|-1
35320|44600|-1
35320|50581|-1
35320|3261|-1
35320|3279|-1
35320|6712|-1
35320|8788|-1
35320|12397|-1
35320|13188|-1
35320|15595|-1
35320|15596|-1
35320|16223|-1
35320|21310|-1
35320|21379|-1
35320|24812|-1
35320|24945|-1
35320|25183|-1
35320|25282|-1
35320|29436|-1
35320|30779|-1
35320|30849|-1
35320|30859|-1
35320|31061|-1
35320|31272|-1
35320|31343|-1
35320|34190|-1
35320|34661|-1
35320|34700|-1
35320|35067|-1
35320|35319|-1
35320|35365|-1
35320|35614|-1
35320|35731|-1
35320|39056|-1
35320|39066|-1
35320|39431|-1
35320|39695|-1
35320|39862|-1
35320|41119|-1
35320|41244|-1
35320|41305|-1
35320|41967|-1
35320|42195|-1
35320|42396|-1
35320|42504|-1
35320|42530|-1
35320|42723|-1
35320|42905|-1
35320|43047|-1
35320|43137|-1
35320|43258|-1
35320|43418|-1
35320|43576|-1
35320|43764|-1
35320|44032|-1
35320|44291|-1
35320|44304|-1
35320|44416|-1
35320|44482|-1
35320|44742|-1
35320|47517|-1
35320|47702|-1
35320|47811|-1
35320|48243|-1
35320|48919|-1
35320|48964|-1
35320|49223|-1
35320|50115|-1
35320|50362|-1
35320|51197|-1
35320|51216|-1
35320|51273|-1
35320|51597|-1
35320|52071|-1
35320|52180|-1
35320|56354|-1
35320|56385|-1
35320|56404|-1
35320|56600|-1
35320|56607|-1
35320|56639|-1
35320|57049|-1
35320|57102|-1
35320|57767|-1
35320|57800|-1
35320|58055|-1
35320|59681|-1
35320|60953|-1
35320|61116|-1
35320|62146|-1
35320|62327|-1
35320|196740|-1
35320|196939|-1
35320|197520|-1
35320|197602|-1
35320|198251|-1
35320|198356|-1
35320|201094|-1
35320|202353|-1
35320|203016|-1
35320|204461|-1
35320|204552|-1
35320|204929|-1
35320|205318|-1
35320|207305|-1
35320|207488|-1
35320|207677|-1
35320|207802|-1
35320|207858|-1
35320|208241|-1
35320|209221|-1
35320|209863|-1
35320|209937|-1
35320|210069|-1
35320|211034|-1
35320|211190|-1
35320|211395|-1
35320|211608|-1
35320|212118|-1
35320|212617|-1
35320|212695|-1
35320|213389|-1
35320|213996|-1
35320|215765|-1
35320|24579|0
6849|48422|-1
6849|13188|-1
6849|21029|-1
6849|29186|-1
6849|29688|-1
6849|31173|-1
6849|34190|-1
6849|35296|-1
6849|39147|-1
6849|41478|-1
6849|42057|-1
6849|44321|-1
6849|44434|-1
6849|48358|-1
6849|48637|-1
6849|48759|-1
6849|49087|-1
6849|49720|-1
6849|49883|-1
6849|50361|-1
6849|56465|-1
6849|56485|-1
6849|56543|-1
6849|56812|-1
6849|56851|-1
6849|57894|-1
6849|59762|-1
6849|60173|-1
6849|61354|-1
6849|197454|-1
6849|197602|-1
6849|197781|-1
6849|199440|-1
6849|200049|-1
6849|200381|-1
6849|202026|-1
6849|204294|-1
6849|204715|-1
6849|205188|-1
6849|206949|-1
6849|207558|-1
6849|208067|-1
6849|210442|-1
6849|211195|-1
6849|41820|0
6849|48919|0
6876|6849|-1
6876|28975|-1
6876|41375|-1
6876|41544|-1
6876|198647|-1
6876|215976|-1
6876|48919|0
43139|25514|-1
43139|39307|-1
43139|41467|-1
43139|41586|-1
43139|42259|-1
43139|42504|-1
43139|45017|-1
43139|48019|-1
43139|48683|-1
43139|52179|-1
43139|56347|-1
43139|56485|-1
43139|57076|-1
43139|57361|-1
43139|57442|-1
43139|58309|-1
43139|59942|-1
43139|201041|-1
43139|202327|-1
43139|210541|-1
43139|213724|-1
43139|48919|0
44600|12639|-1
44600|12706|-1
44600|15596|-1
44600|24882|-1
44600|29496|-1
44600|34094|-1
44600|34359|-1
44600|34870|-1
44600|34877|-1
44600|35004|-1
44600|35562|-1
44600|35602|-1
44600|39096|-1
44600|39223|-1
44600|41115|-1
44600|41260|-1
44600|42052|-1
44600|42292|-1
44600|43017|-1
44600|43143|-1
44600|43496|-1
44600|43896|-1
44600|44119|-1
44600|44122|-1
44600|44336|-1
44600|44390|-1
44600|45022|-1
44600|47567|-1
44600|48358|-1
44600|48649|-1
44600|49662|-1
44600|49720|-1
44600|49903|-1
44600|49984|-1
44600|50127|-1
44600|50576|-1
44600|51672|-1
44600|56907|-1
44600|57601|-1
44600|58119|-1
44600|59492|-1
44600|59636|-1
44600|64481|-1
44600|196934|-1
44600|196947|-1
44600|197203|-1
44600|197945|-1
44600|198162|-1
44600|198359|-1
44600|198684|-1
44600|200049|-1
44600|200582|-1
44600|201369|-1
44600|203666|-1
44600|205459|-1
44600|206621|-1
44600|209213|-1
44600|209742|-1
44600|210049|-1
44600|210340|-1
44600|210368|-1
44600|210669|-1
44600|210716|-1
44600|210755|-1
44600|211477|-1
44600|212542|-1
44600|213198|-1
44600|215951|-1
44600|35297|0
44600|48919|0
50581|199995|-1
50581|8788|-1
50581|12662|-1
50581|16327|-1
50581|24872|-1
50581|25082|-1
50581|31149|-1
50581|31388|-1
50581|35737|-1
50581|39431|-1
50581|39762|-1
50581|41737|-1
50581|42174|-1
50581|42441|-1
50581|42504|-1
50581|43786|-1
50581|47245|-1
50581|48045|-1
50581|48411|-1
50581|49889|-1
50581|50027|-1
50581|51528|-1
50581|51742|-1
50581|51993|-1
50581|52180|-1
50581|56386|-1
50581|56525|-1
50581|57197|-1
50581|57993|-1
50581|196777|-1
50581|196863|-1
50581|197125|-1
50581|197144|-1
50581|197251|-1
50581|197554|-1
50581|203531|-1
50581|205318|-1
50581|207422|-1
50581|211332|-1
50581|48919|0
57455|50581|-1
57455|34056|-1
57455|34251|-1
57455|34312|-1
57455|39848|-1
57455|42546|-1
57455|43576|-1
57455|44863|-1
57455|51380|-1
57455|59956|-1
57455|61371|-1
57455|206907|-1
57455|199995|0
199995|6849|-1
199995|43668|-1
199995|6846|-1
199995|12438|-1
199995|15377|-1
199995|15596|-1
199995|16044|-1
199995|20536|-1
199995|20934|-1
199995|21151|-1
199995|21256|-1
199995|24812|-1
199995|25210|-1
199995|25502|-1
199995|25553|-1
199995|30779|-1
199995|30886|-1
199995|34142|-1
199995|34265|-1
199995|34743|-1
199995|35004|-1
199995|35067|-1
199995|39056|-1
199995|39128|-1
199995|39199|-1
199995|39315|-1
199995|39431|-1
199995|39667|-1
199995|39762|-1
199995|40983|-1
199995|41096|-1
199995|41305|-1
199995|41435|-1
199995|41773|-1
199995|42066|-1
199995|42146|-1
199995|42798|-1
199995|43764|-1
199995|43998|-1
199995|44443|-1
199995|44837|-1
199995|44894|-1
199995|47673|-1
199995|47898|-1
199995|48094|-1
199995|48229|-1
199995|48683|-1
199995|48964|-1
199995|49125|-1
199995|49223|-1
199995|49461|-1
199995|49747|-1
199995|49817|-1
199995|50012|-1
199995|50130|-1
199995|50321|-1
199995|50487|-1
199995|50576|-1
199995|50803|-1
199995|51367|-1
199995|51380|-1
199995|51784|-1
199995|51950|-1
199995|52180|-1
199995|56423|-1
199995|56543|-1
199995|56639|-1
199995|56673|-1
199995|56716|-1
199995|56812|-1
199995|57049|-1
199995|57102|-1
199995|57197|-1
199995|57981|-1
199995|58055|-1
199995|58221|-1
199995|58309|-1
199995|59762|-1
199995|60401|-1
199995|60777|-1
199995|60860|-1
199995|62259|-1
199995|64410|-1
199995|196740|-1
199995|196863|-1
199995|197388|-1
199995|197490|-1
199995|197688|-1
199995|198323|-1
199995|200737|-1
199995|202353|-1
199995|202668|-1
199995|203008|-1
199995|203088|-1
199995|204294|-1
199995|204552|-1
199995|204685|-1
199995|204875|-1
199995|204889|-1
199995|205318|-1
199995|206259|-1
199995|207506|-1
199995|207889|-1
199995|208067|-1
199995|208139|-1
199995|209229|-1
199995|209616|-1
199995|212571|-1
199995|212604|-1
199995|212641|-1
199995|213024|-1
199995|48919|0
197563|6768|-1
197563|48648|-1
197563|199995|-1
197563|44416|-1
197563|48964|-1
197563|48919|0
6768|6702|-1
6768|9205|-1
6768|12397|-1
6768|21376|-1
6768|24872|-1
6768|29475|-1
6768|31633|-1
6768|35362|-1
6768|35614|-1
6768|39065|-1
6768|39608|-1
6768|41119|-1
6768|42510|-1
6768|42723|-1
6768|42905|-1
6768|44416|-1
6768|44628|-1
6768|44894|-1
6768|49588|-1
6768|49817|-1
6768|50487|-1
6768|51121|-1
6768|51216|-1
6768|52045|-1
6768|52103|-1
6768|52180|-1
6768|56400|-1
6768|56404|-1
6768|56485|-1
6768|59564|-1
6768|61101|-1
6768|196939|-1
6768|197131|-1
6768|197278|-1
6768|202353|-1
6768|202845|-1
6768|204889|-1
6768|207506|-1
6768|209002|-1
6768|210241|-1
6768|210442|-1
6768|211171|-1
6768|212118|-1
6768|212621|-1
6768|212983|-1
6768|48919|0
48648|8870|-1
48648|12788|-1
48648|12998|-1
48648|16044|-1
48648|20979|-1
48648|41485|-1
48648|41917|-1
48648|42546|-1
48648|43497|-1
48648|44006|-1
48648|48385|-1
48648|48557|-1
48648|48748|-1
48648|49337|-1
48648|49359|-1
48648|49804|-1
48648|50130|-1
48648|50576|-1
48648|51380|-1
48648|51824|-1
48648|196924|-1
48648|197481|-1
48648|202302|-1
48648|204707|-1
48648|205957|-1
48648|207301|-1
48648|208405|-1
48648|210092|-1
48648|210975|-1
48648|211218|-1
48648|214190|-1
48648|214981|-1
48648|48919|0
43668|20516|-1
43668|28773|-1
43668|28858|-1
43668|29074|-1
43668|35144|-1
43668|41435|-1
43668|41645|-1
43668|43050|-1
43668|43743|-1
43668|48693|-1
43668|49804|-1
43668|51124|-1
43668|51824|-1
43668|51943|-1
43668|57285|-1
43668|57697|-1
43668|57999|-1
43668|59485|-1
43668|197172|-1
43668|198754|-1
43668|204289|-1
43668|204707|-1
43668|204788|-1
43668|205178|-1
43668|206964|-1
43668|207690|-1
43668|208369|-1
43668|209548|-1
43668|211707|-1
43668|48919|0
3326|12687|-1
3326|13249|-1
3326|21219|-1
3326|35680|-1
3326|3236|-1
3326|6702|-1
3326|8192|-1
3326|8207|-1
3326|8258|-1
3326|8494|-1
3326|8601|-1
3326|8779|-1
3326|9202|-1
3326|12438|-1
3326|12545|-1
3326|12706|-1
3326|12803|-1
3326|15742|-1
3326|15785|-1
3326|16005|-1
3326|16223|-1
3326|20539|-1
3326|20833|-1
3326|20850|-1
3326|20897|-1
3326|20950|-1
3326|21075|-1
3326|21312|-1
3326|21500|-1
3326|24579|-1
3326|24725|-1
3326|24995|-1
3326|25150|-1
3326|25165|-1
3326|25210|-1
3326|25229|-1
3326|25386|-1
3326|25500|-1
3326|25521|-1
3326|29067|-1
3326|29186|-1
3326|29215|-1
3326|29574|-1
3326|29683|-1
3326|30779|-1
3326|31158|-1
3326|31520|-1
3326|31589|-1
3326|33999|-1
3326|34058|-1
3326|34065|-1
3326|34142|-1
3326|34265|-1
3326|34312|-1
3326|34700|-1
3326|34877|-1
3326|35004|-1
3326|35123|-1
3326|35362|-1
3326|35586|-1
3326|35614|-1
3326|39130|-1
3326|39147|-1
3326|39222|-1
3326|39223|-1
3326|39299|-1
3326|39443|-1
3326|39468|-1
3326|39762|-1
3326|39822|-1
3326|39862|-1
3326|41115|-1
3326|41305|-1
3326|41502|-1
3326|41510|-1
3326|41813|-1
3326|41967|-1
3326|42041|-1
3326|42052|-1
3326|42138|-1
3326|42146|-1
3326|42164|-1
3326|42327|-1
3326|42350|-1
3326|42352|-1
3326|42501|-1
3326|42545|-1
3326|42620|-1
3326|42648|-1
3326|42655|-1
3326|42711|-1
3326|43022|-1
3326|43049|-1
3326|43067|-1
3326|43137|-1
3326|43163|-1
3326|43380|-1
3326|43409|-1
3326|43656|-1
3326|43774|-1
3326|43981|-1
3326|44383|-1
3326|44482|-1
3326|44664|-1
3326|44695|-1
3326|44873|-1
3326|47567|-1
3326|47702|-1
3326|47772|-1
3326|47940|-1
3326|48085|-1
3326|48094|-1
3326|48217|-1
3326|48230|-1
3326|48438|-1
3326|48649|-1
3326|49019|-1
3326|49125|-1
3326|49139|-1
3326|49599|-1
3326|49747|-1
3326|49883|-1
3326|50004|-1
3326|50130|-1
3326|50165|-1
3326|50303|-1
3326|50321|-1
3326|50325|-1
3326|50361|-1
3326|50494|-1
3326|50633|-1
3326|50808|-1
3326|51315|-1
3326|51597|-1
3326|51734|-1
3326|51784|-1
3326|51874|-1
3326|51959|-1
3326|51972|-1
3326|52032|-1
3326|52151|-1
3326|56404|-1
3326|56423|-1
3326|56435|-1
3326|56492|-1
3326|56600|-1
3326|56623|-1
3326|56716|-1
3326|56823|-1
3326|57599|-1
3326|58119|-1
3326|59497|-1
3326|59826|-1
3326|60031|-1
3326|60754|-1
3326|60990|-1
3326|61058|-1
3326|61354|-1
3326|61384|-1
3326|61959|-1
3326|64455|-1
3326|64481|-1
3326|196645|-1
3326|196824|-1
3326|196947|-1
3326|196953|-1
3326|197058|-1
3326|197221|-1
3326|197364|-1
3326|197512|-1
3326|197681|-1
3326|197688|-1
3326|197707|-1
3326|197743|-1
3326|197967|-1
3326|197978|-1
3326|198152|-1
3326|198251|-1
3326|198314|-1
3326|198491|-1
3326|199351|-1
3326|199447|-1
3326|200000|-1
3326|200288|-1
3326|200381|-1
3326|200582|-1
3326|201104|-1
3326|201780|-1
3326|202026|-1
3326|202404|-1
3326|202622|-1
3326|202879|-1
3326|204408|-1
3326|204929|-1
3326|205097|-1
3326|206158|-1
3326|206823|-1
3326|207114|-1
3326|207123|-1
3326|207506|-1
3326|208139|-1
3326|209213|-1
3326|209233|-1
3326|209398|-1
3326|209647|-1
3326|209742|-1
3326|209912|-1
3326|210012|-1
3326|210353|-1
3326|210721|-1
3326|211190|-1
3326|211744|-1
3326|212372|-1
3326|212431|-1
3326|212604|-1
3326|212790|-1
3326|212821|-1
3326|213198|-1
3326|214981|-1
3326|215001|-1
3326|49984|0
3326|48919|0
12687|3319|-1
12687|13032|-1
12687|25500|-1
12687|29599|-1
12687|31206|-1
12687|47306|-1
12687|50569|-1
12687|51500|-1
12687|51652|-1
12687|204879|-1
12687|205656|-1
12687|212397|-1
12687|48919|0
13249|48648|-1
13249|12998|-1
13249|15577|-1
13249|20539|-1
13249|20660|-1
13249|20833|-1
13249|21257|-1
13249|25505|-1
13249|29074|-1
13249|31061|-1
13249|31725|-1
13249|35731|-1
13249|38961|-1
13249|39742|-1
13249|39928|-1
13249|41910|-1
13249|42504|-1
13249|43017|-1
13249|44352|-1
13249|47283|-1
13249|50831|-1
13249|51950|-1
13249|56415|-1
13249|60777|-1
13249|60860|-1
13249|197241|-1
13249|197520|-1
13249|200000|-1
13249|48919|0
21219|12706|-1
21219|21096|-1
21219|21432|-1
21219|28975|-1
21219|29102|-1
21219|29335|-1
21219|30859|-1
21219|34094|-1
21219|39096|-1
21219|41260|-1
21219|41583|-1
21219|41656|-1
21219|41685|-1
21219|42292|-1
21219|43753|-1
21219|44049|-1
21219|47919|-1
21219|48178|-1
21219|49903|-1
21219|50298|-1
21219|50847|-1
21219|51851|-1
21219|56751|-1
21219|56756|-1
21219|59646|-1
21219|60030|-1
21219|60173|-1
21219|62096|-1
21219|196632|-1
21219|196645|-1
21219|198359|-1
21219|198488|-1
21219|198532|-1
21219|204573|-1
21219|208643|-1
21219|209748|-1
21219|210353|-1
21219|210755|-1
21219|211455|-1
21219|211477|-1
21219|212542|-1
21219|212730|-1
35680|8870|-1
35680|30860|-1
35680|31437|-1
35680|39528|-1
35680|43773|-1
35680|44351|-1
35680|44820|-1
35680|51264|-1
35680|51743|-1
35680|57167|-1
35680|57682|-1
35680|59585|-1
35680|207560|-1
35297|6849|-1
35297|12963|-1
35297|43139|-1
35297|48648|-1
35297|6846|-1
35297|9205|-1
35297|12662|-1
35297|13188|-1
35297|15738|-1
35297|20516|-1
35297|20714|-1
35297|21228|-1
35297|24579|-1
35297|24703|-1
35297|24812|-1
35297|25071|-1
35297|25386|-1
35297|25553|-1
35297|29186|-1
35297|29688|-1
35297|31343|-1
35297|34056|-1
35297|34187|-1
35297|34251|-1
35297|35067|-1
35297|35325|-1
35297|35586|-1
35297|39065|-1
35297|39222|-1
35297|39422|-1
35297|39443|-1
35297|39512|-1
35297|39608|-1
35297|41009|-1
35297|41096|-1
35297|41119|-1
35297|41129|-1
35297|41320|-1
35297|41871|-1
35297|41985|-1
35297|42066|-1
35297|42350|-1
35297|42396|-1
35297|42530|-1
35297|43022|-1
35297|43103|-1
35297|43258|-1
35297|43656|-1
35297|43764|-1
35297|44019|-1
35297|44416|-1
35297|44482|-1
35297|44628|-1
35297|44629|-1
35297|44827|-1
35297|44837|-1
35297|47673|-1
35297|47705|-1
35297|47898|-1
35297|48045|-1
35297|48117|-1
35297|48278|-1
35297|48411|-1
35297|48438|-1
35297|49125|-1
35297|49162|-1
35297|49223|-1
35297|49327|-1
35297|49883|-1
35297|49971|-1
35297|50115|-1
35297|50321|-1
35297|50392|-1
35297|50633|-1
35297|51121|-1
35297|51157|-1
35297|51194|-1
35297|51273|-1
35297|51315|-1
35297|51367|-1
35297|51903|-1
35297|52128|-1
35297|52180|-1
35297|56321|-1
35297|56347|-1
35297|56400|-1
35297|56489|-1
35297|56600|-1
35297|56639|-1
35297|56652|-1
35297|56673|-1
35297|56835|-1
35297|57049|-1
35297|57197|-1
35297|57726|-1
35297|57887|-1
35297|57944|-1
35297|58162|-1
35297|58196|-1
35297|58297|-1
35297|58309|-1
35297|59497|-1
35297|59564|-1
35297|59577|-1
35297|59762|-1
35297|59956|-1
35297|60754|-1
35297|61371|-1
35297|62259|-1
35297|62327|-1
35297|196740|-1
35297|196906|-1
35297|197035|-1
35297|197131|-1
35297|197255|-1
35297|197327|-1
35297|197388|-1
35297|197490|-1
35297|197901|-1
35297|198108|-1
35297|198253|-1
35297|200737|-1
35297|202353|-1
35297|203980|-1
35297|204294|-1
35297|204584|-1
35297|204619|-1
35297|204889|-1
35297|204929|-1
35297|205318|-1
35297|206975|-1
35297|207858|-1
35297|208067|-1
35297|208139|-1
35297|208791|-1
35297|208876|-1
35297|209116|-1
35297|209117|-1
35297|209863|-1
35297|210012|-1
35297|210068|-1
35297|210241|-1
35297|211130|-1
35297|211570|-1
35297|212118|-1
35297|212372|-1
35297|212432|-1
35297|212463|-1
35297|212571|-1
35297|212983|-1
35297|213024|-1
35297|213159|-1
35297|213228|-1
35297|213494|-1
35297|215042|-1
35297|48919|0
35297|25133|0
12963|3254|-1
12963|8856|-1
12963|8870|-1
12963|12548|-1
12963|12639|-1
12963|12986|-1
12963|13027|-1
12963|24681|-1
12963|25165|-1
12963|25315|-1
12963|25526|-1
12963|29102|-1
12963|29130|-1
12963|29382|-1
12963|29534|-1
12963|31009|-1
12963|31091|-1
12963|34094|-1
12963|34190|-1
12963|34776|-1
12963|35345|-1
12963|35524|-1
12963|39722|-1
12963|41328|-1
12963|41510|-1
12963|41583|-1
12963|41781|-1
12963|42600|-1
12963|43896|-1
12963|44122|-1
12963|44352|-1
12963|44526|-1
12963|47170|-1
12963|47900|-1
12963|48178|-1
12963|48756|-1
12963|49622|-1
12963|49971|-1
12963|50361|-1
12963|50748|-1
12963|51652|-1
12963|51851|-1
12963|52066|-1
12963|56623|-1
12963|57202|-1
12963|57422|-1
12963|60419|-1
12963|62066|-1
12963|64418|-1
12963|196831|-1
12963|197501|-1
12963|197512|-1
12963|198152|-1
12963|198845|-1
12963|199313|-1
12963|199431|-1
12963|200049|-1
12963|201920|-1
12963|202750|-1
12963|204283|-1
12963|204715|-1
12963|204892|-1
12963|205178|-1
12963|206158|-1
12963|207577|-1
12963|208467|-1
12963|208558|-1
12963|208971|-1
12963|209115|-1
12963|209912|-1
12963|209977|-1
12963|210049|-1
12963|210721|-1
12963|211967|-1
12963|214096|-1
12963|215065|-1
12963|215951|-1
12963|42352|0
12963|48919|0
12963|42331|0
3255|6849|-1
3255|2864|-1
3255|3279|-1
3255|6702|-1
3255|6723|-1
3255|8192|-1
3255|8788|-1
3255|8856|-1
3255|12986|-1
3255|13188|-1
3255|15595|-1
3255|15738|-1
3255|16327|-1
3255|20536|-1
3255|20897|-1
3255|21151|-1
3255|21256|-1
3255|21310|-1
3255|21312|-1
3255|24593|-1
3255|24812|-1
3255|24893|-1
3255|24945|-1
3255|25082|-1
3255|25143|-1
3255|25282|-1
3255|25498|-1
3255|25505|-1
3255|28773|-1
3255|28996|-1
3255|29213|-1
3255|29375|-1
3255|30860|-1
3255|30891|-1
3255|31234|-1
3255|31556|-1
3255|31633|-1
3255|31725|-1
3255|34187|-1
3255|34251|-1
3255|34359|-1
3255|34448|-1
3255|34661|-1
3255|34715|-1
3255|34814|-1
3255|35067|-1
3255|35296|-1
3255|35688|-1
3255|39065|-1
3255|39066|-1
3255|39084|-1
3255|39128|-1
3255|39315|-1
3255|39443|-1
3255|39471|-1
3255|39512|-1
3255|39822|-1
3255|40983|-1
3255|41096|-1
3255|41129|-1
3255|41285|-1
3255|41323|-1
3255|41360|-1
3255|41568|-1
3255|41631|-1
3255|41649|-1
3255|42014|-1
3255|42105|-1
3255|42174|-1
3255|42458|-1
3255|42501|-1
3255|43022|-1
3255|43103|-1
3255|43175|-1
3255|43206|-1
3255|43258|-1
3255|44209|-1
3255|44411|-1
3255|44443|-1
3255|44837|-1
3255|47266|-1
3255|47361|-1
3255|47702|-1
3255|47743|-1
3255|47799|-1
3255|47898|-1
3255|48082|-1
3255|48117|-1
3255|48323|-1
3255|48420|-1
3255|48533|-1
3255|48664|-1
3255|48672|-1
3255|48957|-1
3255|49125|-1
3255|49204|-1
3255|49223|-1
3255|49480|-1
3255|49827|-1
3255|49984|-1
3255|50303|-1
3255|50325|-1
3255|50392|-1
3255|50487|-1
3255|50569|-1
3255|50576|-1
3255|50579|-1
3255|50648|-1
3255|50662|-1
3255|50742|-1
3255|50803|-1
3255|50861|-1
3255|51622|-1
3255|51672|-1
3255|51784|-1
3255|51858|-1
3255|52017|-1
3255|52071|-1
3255|56797|-1
3255|56851|-1
3255|57519|-1
3255|57767|-1
3255|57954|-1
3255|58021|-1
3255|58309|-1
3255|58332|-1
3255|59492|-1
3255|59497|-1
3255|59564|-1
3255|59671|-1
3255|60700|-1
3255|61986|-1
3255|62096|-1
3255|62327|-1
3255|62384|-1
3255|196740|-1
3255|196790|-1
3255|196953|-1
3255|196975|-1
3255|197073|-1
3255|197522|-1
3255|197610|-1
3255|198720|-1
3255|200000|-1
3255|200337|-1
3255|200814|-1
3255|201094|-1
3255|202879|-1
3255|204288|-1
3255|204461|-1
3255|204584|-1
3255|204889|-1
3255|205420|-1
3255|206257|-1
3255|206949|-1
3255|207085|-1
3255|208038|-1
3255|208941|-1
3255|209748|-1
3255|209806|-1
3255|209912|-1
3255|210327|-1
3255|210514|-1
3255|212372|-1
3255|212401|-1
3255|212825|-1
3255|212955|-1
3255|215483|-1
3255|48919|0
3255|30886|0
21497|34867|-1
21497|6702|-1
21497|6703|-1
21497|8258|-1
21497|12294|-1
21497|12438|-1
21497|12593|-1
21497|12883|-1
21497|13027|-1
21497|16007|-1
21497|24682|-1
21497|25099|-1
21497|25372|-1
21497|29491|-1
21497|30735|-1
21497|31062|-1
21497|31148|-1
21497|31504|-1
21497|31589|-1
21497|34068|-1
21497|34118|-1
21497|34143|-1
21497|34190|-1
21497|34265|-1
21497|34605|-1
21497|34668|-1
21497|39230|-1
21497|39722|-1
21497|41375|-1
21497|41685|-1
21497|41940|-1
21497|42041|-1
21497|42327|-1
21497|42489|-1
21497|42719|-1
21497|42799|-1
21497|43309|-1
21497|44291|-1
21497|44800|-1
21497|47359|-1
21497|47415|-1
21497|48217|-1
21497|48775|-1
21497|48964|-1
21497|49125|-1
21497|49168|-1
21497|49223|-1
21497|51959|-1
21497|52003|-1
21497|52151|-1
21497|56439|-1
21497|56522|-1
21497|57441|-1
21497|57670|-1
21497|57787|-1
21497|57962|-1
21497|59602|-1
21497|59826|-1
21497|61354|-1
21497|197602|-1
21497|198162|-1
21497|198429|-1
21497|198845|-1
21497|202622|-1
21497|202845|-1
21497|203930|-1
21497|204408|-1
21497|204541|-1
21497|205722|-1
21497|206949|-1
21497|207889|-1
21497|208038|-1
21497|208139|-1
21497|209116|-1
21497|209398|-1
21497|209647|-1
21497|210068|-1
21497|210330|-1
21497|210669|-1
21497|211741|-1
21497|214324|-1
21497|48919|0
34867|29067|-1
34867|34214|-1
34867|35345|-1
34867|39299|-1
34867|41027|-1
34867|41910|-1
34867|42074|-1
34867|42824|-1
34867|42982|-1
34867|43133|-1
34867|47889|-1
34867|48229|-1
34867|49019|-1
34867|50221|-1
34867|50831|-1
34867|50847|-1
34867|50864|-1
34867|51273|-1
34867|52066|-1
34867|57167|-1
34867|57999|-1
34867|197501|-1
34867|211967|-1
34867|48919|0
15895|6849|-1
15895|13281|-1
15895|15596|-1
15895|24812|-1
15895|25210|-1
15895|28750|-1
15895|29215|-1
15895|31305|-1
15895|34743|-1
15895|39147|-1
15895|39222|-1
15895|39399|-1
15895|39644|-1
15895|39928|-1
15895|41305|-1
15895|41656|-1
15895|41834|-1
15895|41987|-1
15895|42052|-1
15895|42057|-1
15895|42134|-1
15895|43022|-1
15895|43543|-1
15895|43753|-1
15895|43981|-1
15895|44616|-1
15895|47513|-1
15895|47673|-1
15895|47772|-1
15895|48656|-1
15895|49087|-1
15895|49213|-1
15895|50401|-1
15895|52032|-1
15895|56439|-1
15895|56492|-1
15895|56524|-1
15895|57519|-1
15895|57894|-1
15895|57944|-1
15895|58162|-1
15895|59497|-1
15895|60173|-1
15895|60419|-1
15895|60455|-1
15895|60746|-1
15895|61354|-1
15895|62096|-1
15895|64410|-1
15895|197035|-1
15895|197221|-1
15895|197610|-1
15895|199440|-1
15895|200337|-1
15895|200381|-1
15895|202026|-1
15895|202362|-1
15895|203477|-1
15895|204256|-1
15895|204370|-1
15895|204552|-1
15895|204584|-1
15895|204701|-1
15895|205097|-1
15895|206823|-1
15895|208038|-1
15895|209616|-1
15895|210353|-1
15895|212372|-1
15895|212821|-1
15895|214096|-1
15895|215483|-1
15895|48919|0
48422|9205|-1
48422|25143|-1
48422|29443|-1
48422|33927|-1
48422|34323|-1
48422|43110|-1
48422|44416|-1
48422|44673|-1
48422|45045|-1
48422|47513|-1
48422|51903|-1
48422|52103|-1
48422|52180|-1
48422|56526|-1
48422|56812|-1
48422|202165|-1
48422|202390|-1
48422|203088|-1
48422|203980|-1
48422|208531|-1
48422|209117|-1
48422|212621|-1
48422|48919|0
41820|6846|-1
41820|25099|-1
41820|25482|-1
41820|31234|-1
41820|34204|-1
41820|35800|-1
41820|39043|-1
41820|39307|-1
41820|41513|-1
41820|41940|-1
41820|42014|-1
41820|42641|-1
41820|48162|-1
41820|56622|-1
41820|60700|-1
41820|207558|-1
41820|210490|-1
41820|48919|0
44019|48919|0
48919|39027|-1
48919|48650|-1
48919|50648|-1
48919|41320|0
48919|12548|0
48919|212983|0
48919|3261|0
48919|34187|0
48919|48683|0
48919|208791|0
48919|24579|0
48919|210169|0
48919|48533|0
48919|25521|0
48919|51784|0
48919|44664|0
48919|58221|0
48919|49720|0
48919|50130|0
48919|41710|0
48919|56668|0
48919|51216|0
48919|51874|0
48919|31149|0
48919|50579|0
48919|60777|0
48919|44482|0
48919|42546|0
48919|204288|0
48919|42352|0
48919|204875|0
48919|50115|0
48919|34058|0
48919|35614|0
48919|41009|0
48919|47702|0
48919|49747|0
48919|198356|0
48919|56485|0
48919|49984|0
48919|34214|0
48919|49461|0
48919|12998|0
48919|8258|0
48919|13188|0
48919|40983|0
48919|30860|0
48919|34312|0
48919|59577|0
48919|49359|0
48919|208846|0
48919|34359|0
48919|34259|0
48919|25082|0
48919|15595|0
48919|44032|0
48919|39199|0
48919|35362|0
48919|52191|0
48919|44629|0
48919|41165|0
48919|196939|0
48919|49223|0
48919|35365|0
48919|196645|0
48919|51500|0
48919|15461|0
48919|197221|0
48919|29203|0
48919|50864|0
48919|16066|0
48919|16223|0
48919|50487|0
48919|204684|0
48919|44668|0
48919|43418|0
48919|43309|0
48919|50004|0
48919|50012|0
48919|6846|0
48919|8772|0
48919|8788|0
48919|12294|0
48919|12662|0
48919|12788|0
48919|13307|0
48919|15377|0
48919|15742|0
48919|16007|0
48919|20516|0
48919|20539|0
48919|20714|0
48919|21312|0
48919|21488|0
48919|21500|0
48919|24593|0
48919|24995|0
48919|25133|0
48919|25143|0
48919|25150|0
48919|25372|0
48919|25500|0
48919|25526|0
48919|28773|0
48919|28994|0
48919|29067|0
48919|30886|0
48919|31173|0
48919|31343|0
48919|31633|0
48919|31725|0
48919|34056|0
48919|34251|0
48919|34265|0
48919|34743|0
48919|35004|0
48919|35067|0
48919|35352|0
48919|35602|0
48919|39315|0
48919|39399|0
48919|39422|0
48919|39512|0
48919|39822|0
48919|39862|0
48919|41096|0
48919|41119|0
48919|41631|0
48919|41985|0
48919|42331|0
48919|42504|0
48919|42512|0
48919|42711|0
48919|42714|0
48919|42798|0
48919|42905|0
48919|43022|0
48919|43332|0
48919|43633|0
48919|43656|0
48919|43896|0
48919|44383|0
48919|44837|0
48919|47283|0
48919|47898|0
48919|47900|0
48919|48094|0
48919|48117|0
48919|48229|0
48919|48243|0
48919|48438|0
48919|48557|0
48919|48897|0
48919|3254|0
48919|6698|0
48919|6702|0
48919|6712|0
48919|6723|0
48919|6807|0
48919|8192|0
48919|8601|0
48919|8779|0
48919|8856|0
48919|8870|0
48919|12438|0
48919|12593|0
48919|12700|0
48919|13032|0
48919|13053|0
48919|16044|0
48919|20833|0
48919|21379|0
48919|24703|0
48919|24812|0
48919|25386|0
48919|25482|0
48919|25505|0
48919|29074|0
48919|29491|0
48919|29534|0
48919|30779|0
48919|31061|0
48919|31148|0
48919|31272|0
48919|34661|0
48919|34700|0
48919|35213|0
48919|35325|0
48919|35562|0
48919|35795|0
48919|39065|0
48919|39297|0
48919|39361|0
48919|39608|0
48919|39810|0
48919|39848|0
48919|39928|0
48919|41360|0
48919|41435|0
48919|41586|0
48919|41871|0
48919|41967|0
48919|42066|0
48919|42396|0
48919|42458|0
48919|42510|0
48919|42723|0
48919|43103|0
48919|43110|0
48919|43133|0
48919|43380|0
48919|43409|0
48919|43576|0
48919|43764|0
48919|44193|0
48919|44291|0
48919|44416|0
48919|44628|0
48919|44827|0
48919|44863|0
48919|44894|0
48919|47359|0
48919|47513|0
48919|47705|0
48919|48239|0
48919|48278|0
48919|48641|0
48919|49038|0
48919|49183|0
48919|49327|0
48919|49827|0
48919|50576|0
48919|51069|0
48919|51273|0
48919|51367|0
48919|51380|0
48919|51528|0
48919|51742|0
48919|52003|0
48919|56354|0
48919|56399|0
48919|56400|0
48919|56401|0
48919|56522|0
48919|56600|0
48919|56639|0
48919|56834|0
48919|56899|0
48919|57049|0
48919|57944|0
48919|57981|0
48919|57999|0
48919|58066|0
48919|59492|0
48919|59497|0
48919|59514|0
48919|59536|0
48919|59636|0
48919|60159|0
48919|60173|0
48919|60754|0
48919|60860|0
48919|61159|0
48919|61297|0
48919|61371|0
48919|62206|0
48919|196740|0
48919|196863|0
48919|196906|0
48919|196924|0
48919|196957|0
48919|197058|0
48919|197218|0
48919|197522|0
48919|198030|0
48919|198251|0
48919|202165|0
48919|203447|0
48919|203706|0
48919|204619|0
48919|204889|0
48919|206907|0
48919|207085|0
48919|207114|0
48919|207802|0
48919|209002|0
48919|209825|0
48919|210442|0
48919|212118|0
48919|212372|0
48919|212397|0
48919|212641|0
48919|213389|0
48919|213494|0
48919|214379|0
48919|215699|0
48919|48964|0
48919|49125|0
48919|49168|0
48919|49588|0
48919|49824|0
48919|49883|0
48919|50392|0
48919|50633|0
48919|50803|0
48919|50856|0
48919|51279|0
48919|51314|0
48919|51357|0
48919|51597|0
48919|51972|0
48919|52074|0
48919|56347|0
48919|56543|0
48919|56835|0
48919|57102|0
48919|57197|0
48919|57800|0
48919|60359|0
48919|60401|0
48919|60812|0
48919|60953|0
48919|196777|0
48919|197131|0
48919|197251|0
48919|197520|0
48919|197726|0
48919|198227|0
48919|198720|0
48919|200000|0
48919|200582|0
48919|201094|0
48919|202353|0
48919|202668|0
48919|203008|0
48919|203980|0
48919|204384|0
48919|204455|0
48919|206621|0
48919|207488|0
48919|207858|0
48919|208941|0
48919|209106|0
48919|209116|0
48919|212604|0
48919|213996|0
48919|215065|0
41320|8811|-1
41320|47513|-1
41320|51903|-1
47513|61058|-1
51903|50281|-1
51903|51959|-1
51903|198491|-1
15738|34579|-1
15738|44695|-1
15738|47359|-1
3261|9205|-1
3261|50459|-1
3261|41119|0
9205|29559|-1
9205|49588|0
50459|51962|-1
41119|51962|-1
34187|15713|-1
34187|31593|-1
34187|42798|-1
34187|57962|-1
34187|197192|-1
15713|39557|-1
31593|43320|-1
57962|45044|-1
48683|58032|-1
56932|42146|-1
28858|35689|-1
25521|25119|-1
25521|64418|-1
35296|50569|0
49859|29067|-1
21151|211171|-1
39056|41084|-1
58221|43332|-1
58221|44630|-1
58221|212560|-1
43332|210056|-1
43332|212560|-1
49720|196934|-1
41478|16213|-1
29186|48775|-1
29186|56543|-1
29186|57954|-1
29186|203008|-1
203008|20950|-1
50579|41244|-1
50579|41323|-1
50579|44209|-1
60777|215699|-1
204288|207930|-1
204288|207931|-1
42352|35144|-1
42352|42068|-1
42352|57697|-1
42352|209593|-1
57697|41062|-1
50115|201803|-1
50115|211250|-1
35614|21029|-1
35614|29035|-1
35614|44383|-1
35614|51738|-1
35614|56465|-1
35614|58199|-1
35614|60334|-1
35614|60918|-1
35614|198958|-1
35614|202390|-1
35614|208531|-1
35614|212003|-1
35614|212343|-1
35614|215950|-1
44383|31072|-1
44383|42095|-1
44383|49389|-1
44383|52182|-1
44383|57441|-1
44383|60455|-1
44383|203706|-1
44383|204875|-1
44383|210169|-1
41009|39822|-1
41009|41229|-1
41009|43744|-1
41009|47283|-1
41009|50576|-1
41009|57197|-1
41009|201094|-1
41009|205127|-1
41009|211947|-1
47283|203198|-1
47702|47821|-1
47702|56385|-1
47702|198238|-1
47702|212643|-1
47702|213187|-1
8647|15596|-1
198356|201803|-1
15577|30886|-1
15577|39066|-1
15577|41568|-1
15577|42105|-1
30886|49827|-1
30886|207301|-1
12998|12788|-1
12998|38931|-1
12998|41485|-1
12998|48560|-1
12788|28724|-1
8258|199313|-1
13188|34331|-1
13188|39422|-1
13188|44019|-1
39422|51874|-1
39422|51972|-1
40983|208538|-1
30860|31469|-1
30860|42504|-1
42504|34312|-1
42504|48437|-1
42504|57774|-1
42504|31148|0
34312|20971|-1
204788|51794|-1
59577|39247|-1
59577|56851|-1
208846|48693|-1
34359|29013|-1
25082|45043|-1
25082|56823|-1
198033|198395|-1
15595|34065|-1
15595|44078|-1
15595|51367|-1
15595|56688|-1
15595|197454|-1
15595|203447|0
203447|197781|-1
44032|56524|-1
39199|16005|-1
39199|20714|-1
39199|29574|-1
39199|58309|-1
39199|210442|-1
39199|211570|-1
39199|212983|-1
58309|50043|-1
58309|56489|-1
35362|43361|-1
35362|57349|-1
35362|210073|-1
29443|25015|-1
51500|15742|-1
51500|39315|-1
51500|49827|-1
51500|49984|-1
51500|56797|-1
51500|60777|-1
51500|199697|-1
51500|204288|-1
51500|210987|-1
209863|205946|-1
209863|210749|-1
51993|35588|-1
51993|47389|-1
49561|50043|0
24682|34448|-1
56610|56386|-1
56386|49327|-1
56386|51528|0
50864|57804|-1
16066|31173|-1
16066|47170|-1
16066|51943|-1
16066|60990|-1
16066|201920|-1
16066|209213|-1
24945|29683|-1
24945|57493|-1
24945|200381|-1
206791|210394|-1
16223|44318|-1
16223|50303|-1
16223|59652|-1
16223|216012|-1
44668|41027|-1
43418|39810|-1
43418|57703|-1
43418|59461|-1
43309|44340|-1
43309|209907|-1
6846|8601|-1
6846|12803|-1
6846|16007|-1
6846|28804|-1
6846|29044|-1
6846|29436|-1
6846|30849|-1
6846|41166|-1
6846|41987|-1
6846|42112|-1
6846|42134|-1
6846|47919|-1
6846|49589|-1
6846|56751|-1
6846|197978|-1
6846|198033|-1
6846|198600|-1
6846|199013|-1
6846|201369|-1
6846|202845|-1
6846|203477|-1
6846|205364|-1
6846|210353|-1
8772|13023|-1
8772|16181|-1
8772|35352|-1
8772|41305|-1
8772|48031|-1
8772|48278|-1
8772|50375|-1
8772|51264|-1
8772|52191|-1
8772|59682|-1
8772|64410|-1
8772|198227|-1
8772|204552|-1
8772|205905|-1
8772|207301|-1
8772|209002|-1
8788|28750|-1
8788|29335|-1
8788|39742|-1
8788|41502|-1
8788|43306|-1
8788|44461|-1
8788|49859|-1
8788|56978|-1
8788|210340|-1
13307|31009|-1
13307|39528|-1
13307|43967|-1
13307|197582|-1
13307|207896|-1
13307|212375|-1
15377|25210|-1
15377|213009|-1
16007|38960|-1
20516|210092|-1
20539|13202|-1
21312|20539|-1
21312|24999|-1
21312|51874|-1
21312|51972|-1
21312|197058|-1
21488|29637|-1
21488|41586|-1
21488|42068|-1
21488|43145|-1
21488|43380|-1
21488|44032|-1
21488|44434|-1
21488|47403|-1
21488|48230|-1
21488|48239|-1
21488|50899|-1
21488|51875|-1
21488|56527|-1
21488|57270|-1
21488|57349|-1
21488|59536|-1
21488|61297|-1
21488|213108|-1
21500|15800|-1
21500|20709|-1
21500|21437|-1
21500|24618|-1
21500|30790|-1
21500|31598|-1
21500|56851|-1
21500|60455|-1
21500|199263|-1
24593|8461|-1
24593|198720|-1
24593|206462|-1
24995|44950|-1
25133|44664|-1
25143|25529|-1
25143|47517|-1
25150|35602|-1
25150|44235|-1
25372|60359|-1
25372|64454|-1
25372|196831|-1
25372|198224|-1
25500|20660|-1
28773|8779|-1
28773|29469|-1
28773|35325|-1
28773|43301|-1
28773|56423|-1
28773|56522|-1
28773|212604|-1
28773|213389|-1
28994|31023|-1
28994|44049|-1
28994|49306|-1
28994|50748|-1
28994|198124|-1
28994|208558|-1
28994|210340|-1
31633|207403|-1
31725|12803|-1
31725|50879|-1
31725|56524|-1
34056|41917|-1
34056|42824|-1
34056|44526|-1
34056|44668|-1
34056|48438|-1
34056|49139|-1
34056|198227|-1
34056|198593|-1
34056|201948|-1
34056|206791|-1
34056|207858|-1
34056|209825|-1
34056|210050|-1
34251|8461|-1
34251|24593|-1
34251|25174|-1
34251|29496|-1
34251|31158|-1
34251|42556|-1
34251|44827|-1
34251|51622|-1
34251|198720|-1
34265|50856|-1
34265|51794|-1
34265|206112|-1
35004|39297|-1
35004|57049|-1
35004|57519|-1
35352|197341|-1
39399|48665|-1
39399|50005|-1
39399|50211|-1
39399|59652|-1
39399|208965|-1
41985|48845|-1
41985|56668|-1
42331|47987|-1
42512|51742|-1
42512|57985|-1
42512|212438|-1
42905|43384|-1
42905|44800|-1
42905|52128|-1
42905|56401|-1
42905|202483|-1
43022|9202|-1
43022|31468|-1
43022|42671|-1
43022|42714|-1
43022|47359|-1
43022|56386|-1
43022|56610|-1
43022|60754|-1
43022|202845|-1
43022|210572|-1
43633|9202|-1
43633|34605|-1
43633|42714|-1
43633|56610|-1
43633|57686|-1
43633|202845|-1
43633|207889|-1
43896|204283|-1
44837|42798|-1
48229|34321|-1
48243|203447|-1
3254|35442|-1
3254|209732|-1
3254|214229|-1
6698|30860|-1
6702|5530|-1
6702|8719|-1
6702|20897|-1
6702|24857|-1
6702|34668|-1
6702|41150|-1
6702|47590|-1
6702|48085|-1
6702|56932|-1
6702|58099|-1
6702|196829|-1
6702|199440|-1
6702|211744|-1
6702|212821|-1
6723|13307|-1
6723|15683|-1
6723|43967|-1
6723|59636|-1
8779|29663|-1
12593|25269|-1
12593|41600|-1
12593|42164|-1
12593|44006|-1
12593|47567|-1
12593|47811|-1
12593|50480|-1
12593|51475|-1
12593|51652|-1
12593|57341|-1
12593|197373|-1
12593|198108|-1
12593|199098|-1
12593|201780|-1
12593|205228|-1
12593|205905|-1
12593|210368|-1
13032|29095|-1
16044|208433|-1
16044|212438|-1
21379|13281|-1
21379|41288|-1
21379|44892|-1
24703|20733|-1
24703|25236|-1
24703|34792|-1
24703|35524|-1
24703|48730|-1
24703|49019|-1
24703|49227|-1
24703|204715|-1
24703|207488|-1
24703|213159|-1
24812|6723|-1
24812|34355|-1
24812|41165|-1
24812|41360|-1
24812|47517|-1
24812|47898|-1
25386|29342|-1
25386|31091|-1
25386|41987|-1
25386|43143|-1
25386|202026|-1
25386|202504|-1
25386|207577|-1
25386|208467|-1
25386|209732|-1
25386|214229|-1
25482|42782|-1
29074|12788|-1
29074|25143|-1
29074|25199|-1
29491|13032|-1
29491|25526|-1
29491|31023|-1
29491|35308|-1
29491|43310|-1
29491|44952|-1
29491|49720|-1
29491|50074|-1
29491|196758|-1
29491|197254|-1
29491|199447|-1
29491|201104|-1
29491|203666|-1
29491|209107|-1
29491|210056|-1
29491|210330|-1
29491|210421|-1
31148|20971|-1
31148|25174|-1
31148|60318|-1
31148|198238|-1
31272|41724|-1
31272|59500|-1
31272|216291|-1
34700|2601|-1
34700|6712|-1
34700|29146|-1
34700|56439|-1
34700|57545|-1
34700|197726|-1
34700|209117|-1
34700|210115|-1
35213|25482|-1
35213|39667|-1
35213|56404|-1
35213|209106|-1
35325|51903|-1
39065|47664|-1
39608|13121|-1
39608|29342|-1
39608|33817|-1
39608|41781|-1
39608|41911|-1
39608|43120|-1
39608|47475|-1
39608|49332|-1
39608|51180|-1
39608|57601|-1
39608|57985|-1
39608|202103|-1
39608|205673|-1
39608|213108|-1
39928|29242|-1
39928|29389|-1
41360|31347|-1
41360|39916|-1
41360|44344|-1
41360|48783|-1
41360|50730|-1
41435|39334|-1
41435|39848|-1
41435|42510|-1
41435|57001|-1
41435|57709|-1
41435|197901|-1
41435|201184|-1
41435|206907|-1
41435|213226|-1
41871|39445|-1
41967|13202|-1
41967|20539|-1
41967|24999|-1
41967|48892|-1
41967|51874|-1
41967|51972|-1
41967|60313|-1
41967|197058|-1
42396|39928|-1
42396|41987|-1
42396|56459|-1
42396|208241|-1
42396|215765|-1
43103|29597|-1
43103|41285|-1
43103|57981|-1
43103|196824|-1
43103|197781|-1
43103|203447|-1
43103|207802|-1
43110|49389|-1
43110|208531|-1
43380|8788|-1
43380|35562|-1
43380|39199|-1
43380|196831|-1
43380|197058|-1
43380|62206|0
43409|44461|-1
43576|21379|-1
43576|35365|-1
43576|39049|-1
43576|39331|-1
43576|50864|-1
43576|204541|-1
43576|207085|-1
43764|25403|-1
43764|197602|-1
44193|61159|-1
44416|29559|-1
44416|51962|-1
44416|203088|-1
44628|48674|-1
44628|48696|-1
44863|33927|-1
44863|34323|-1
44863|210069|-1
44894|56459|-1
44894|58099|-1
44894|59681|-1
44894|62146|-1
44894|199440|-1
44894|211621|-1
44894|213009|-1
47705|197738|-1
48239|31350|-1
48239|41283|-1
48239|41588|-1
48239|200333|-1
48239|200354|-1
48239|200357|-1
48239|209971|-1
48239|210037|-1
48239|210177|-1
48239|210185|-1
48239|210186|-1
48278|35530|-1
48278|47280|-1
48278|47678|-1
48278|48279|-1
48278|48587|-1
48278|60828|-1
48641|35057|-1
48641|35562|-1
48641|43312|-1
48641|44321|-1
48641|44866|-1
48641|44996|-1
48641|48557|-1
48641|56485|-1
48641|59514|-1
48641|198227|-1
48641|203008|-1
48641|203303|-1
48641|210073|-1
48641|210541|-1
48641|211190|-1
48641|213228|-1
49183|25155|-1
49183|34399|-1
49183|43309|-1
49183|49491|-1
49183|52003|-1
49183|52074|-1
49183|197522|-1
51273|42195|-1
51380|197263|-1
51528|15738|-1
51528|51279|-1
51528|197251|-1
51528|198030|-1
56834|48915|-1
56899|31685|-1
56899|50305|-1
56899|212048|-1
57049|42719|-1
57049|44866|-1
57944|42655|-1
59497|39399|-1
59497|50161|-1
59497|51253|-1
59497|197218|-1
60159|35362|-1
60159|35588|-1
60159|39056|-1
60159|39230|-1
60159|39513|-1
60159|39908|-1
60159|44294|-1
60159|44921|-1
60159|48964|-1
60159|51993|-1
60159|56907|-1
60159|202538|-1
60159|204384|-1
60159|204685|-1
60159|210896|-1
60159|212375|-1
61297|28790|-1
61297|40978|-1
61297|41656|-1
61297|43496|-1
61297|51122|-1
61297|204455|-1
61297|205459|-1
61297|210364|-1
61297|212542|-1
61297|214379|-1
61297|215065|-1
62206|2601|-1
62206|6807|-1
62206|20709|-1
62206|21500|-1
62206|28974|-1
62206|29203|-1
62206|31187|-1
62206|33999|-1
62206|48897|-1
62206|50281|-1
62206|50751|-1
62206|50772|-1
62206|51738|-1
62206|56399|-1
62206|56526|-1
62206|57100|-1
62206|58199|-1
62206|61959|-1
62206|196939|-1
62206|196957|-1
62206|197726|-1
62206|198491|-1
62206|204875|-1
62206|212003|-1
62206|212397|-1
196906|61163|-1
196906|213752|-1
197522|39680|-1
197522|43047|-1
204619|215699|-1
206907|39848|-1
206907|211195|-1
207114|31593|-1
207114|43320|-1
212372|210327|-1
212397|6807|-1
212397|47743|-1
212397|212343|-1
213494|212118|-1
48964|15742|-1
48964|30771|-1
48964|34259|-1
48964|35319|-1
48964|39445|-1
48964|41871|-1
48964|42489|-1
48964|56459|-1
48964|56623|-1
48964|56932|-1
48964|57670|-1
48964|197228|-1
48964|197364|-1
48964|213361|-1
48964|202668|0
49125|29044|-1
49125|31145|-1
49125|204889|-1
49168|25482|-1
49168|42782|-1
49588|52180|0
49824|44443|-1
49824|48957|-1
49824|51803|-1
49824|56797|-1
49824|196906|-1
49824|197327|-1
49824|198820|-1
49824|200814|-1
49824|204461|-1
49824|207475|-1
49824|207830|-1
49824|210514|-1
49824|210987|-1
49824|212372|-1
49824|213979|-1
49883|48775|-1
49883|57954|-1
49883|203008|-1
50392|39084|-1
50392|43815|-1
50392|47361|-1
50392|48775|-1
50392|57954|-1
50392|59682|-1
56347|15738|-1
57800|51995|-1
60812|6698|-1
60812|15596|-1
60812|34058|-1
60812|41096|-1
60812|44411|-1
60812|56600|-1
60812|59564|-1
60812|197131|-1
60953|61034|-1
196777|207422|-1
197520|205228|-1
197726|49227|-1
198227|210526|-1
200000|49570|-1
200000|200525|-1
203980|49389|-1
203980|203706|-1
206621|42905|-1
206621|43051|-1
206621|43384|-1
206621|51993|-1
206621|202538|-1
209116|21096|-1
209116|29375|-1
209116|43332|-1
209116|58221|-1
209116|62096|-1
21310|48081|-1
21310|58055|-1
58055|48081|-1
58055|49817|-1
58055|57582|-1
58055|208139|-1
58055|209664|-1
12883|6703|-1
12883|40978|-1
12883|41656|-1
12883|42112|-1
12883|47940|-1
12883|49213|-1
12883|204256|-1
12883|204370|-1
12883|205188|-1
12883|210716|-1
6703|42620|-1
6703|48672|-1
6703|51672|-1
6703|60030|-1
6703|197067|-1
6703|197610|-1
6703|212401|-1
43306|47315|-1
21096|29335|-1
21096|197388|-1
34605|207123|-1
34814|29116|-1
34814|39916|-1
34814|43086|-1
210541|44321|-1
210541|44996|-1
47919|210613|-1
41600|48377|-1
34204|39348|-1
44495|50165|-1
39468|39851|-1
31556|25398|-1
210353|209748|-1
197035|28750|-1
197035|29683|-1
49204|209487|-1
13121|49995|-1
20934|44495|-1
45017|209548|-1
28974|48962|-1
48957|20516|-1
48957|29375|-1
48957|30886|-1
48957|35166|-1
48957|43864|-1
48957|43880|-1
48957|48664|-1
48957|58021|-1
48957|59468|-1
48957|202879|-1
48957|210987|-1
52180|51962|-1
204540|204573|-1
44294|212761|-1
41910|20660|-1
39331|41316|-1
48323|52190|-1
48323|57949|-1
48323|59652|-1
25282|51197|-1
29382|50848|-1
29382|57285|-1
57285|43409|-1
35530|35583|-1
35530|43348|-1
24872|28830|-1
24872|212843|-1
29213|33999|0
33999|39299|-1
25229|43301|-1
25229|60777|-1
24893|50325|-1
12986|47415|-1
41285|25503|-1
41285|41478|-1
212463|57519|-1
31360|43306|-1
48045|197847|-1
38961|51694|-1
43067|43543|-1
41305|39695|-1
34190|48911|-1
39513|43998|-1
39513|45022|-1
