# SCION combined ISD topology IN
#
# Format:
# provider_ASN|customer_ASN|-1
# peer_ASN1|peer_ASN2|0
9498|4755|-1
9498|9730|-1
9498|9829|-1
9498|9885|-1
9498|17439|-1
9498|17665|-1
9498|17754|-1
9498|17762|-1
9498|18002|-1
9498|18209|-1
9498|18229|-1
9498|24186|-1
9498|24309|-1
9498|45117|-1
9498|45804|-1
9498|45820|-1
9498|55410|-1
9498|58965|-1
9498|59191|-1
9498|132116|-1
9498|132215|-1
9498|132770|-1
9498|133275|-1
9498|133296|-1
9498|133676|-1
9498|133720|-1
9498|135817|-1
9498|136334|-1
9498|137085|-1
9498|138754|-1
9498|140171|-1
9498|140641|-1
9498|151690|-1
9498|151755|-1
9498|4797|-1
9498|7593|-1
9498|7633|-1
9498|9223|-1
9498|9227|-1
9498|9430|-1
9498|9796|-1
9498|9830|-1
9498|9836|-1
9498|10029|-1
9498|10125|-1
9498|10215|-1
9498|17426|-1
9498|17436|-1
9498|17465|-1
9498|17466|-1
9498|17541|-1
9498|17625|-1
9498|17648|-1
9498|17747|-1
9498|17753|-1
9498|17817|-1
9498|17825|-1
9498|17903|-1
9498|17917|-1
9498|18120|-1
9498|18166|-1
9498|18223|-1
9498|18225|-1
9498|23664|-1
9498|23860|-1
9498|23872|-1
9498|23994|-1
9498|24003|-1
9498|24055|-1
9498|24084|-1
9498|24109|-1
9498|24127|-1
9498|24216|-1
9498|24222|-1
9498|24327|-1
9498|24332|-1
9498|24397|-1
9498|24448|-1
9498|24471|-1
9498|24501|-1
9498|24515|-1
9498|24560|-1
9498|38000|-1
9498|38029|-1
9498|38058|-1
9498|38174|-1
9498|38185|-1
9498|38188|-1
9498|38191|-1
9498|38204|-1
9498|38224|-1
9498|38271|-1
9498|38275|-1
9498|38306|-1
9498|38312|-1
9498|38314|-1
9498|38468|-1
9498|38476|-1
9498|38571|-1
9498|38573|-1
9498|38594|-1
9498|38625|-1
9498|38746|-1
9498|38799|-1
9498|38857|-1
9498|38872|-1
9498|38902|-1
9498|45119|-1
9498|45148|-1
9498|45154|-1
9498|45219|-1
9498|45232|-1
9498|45264|-1
9498|45272|-1
9498|45284|-1
9498|45357|-1
9498|45417|-1
9498|45432|-1
9498|45466|-1
9498|45518|-1
9498|45526|-1
9498|45528|-1
9498|45535|-1
9498|45573|-1
9498|45574|-1
9498|45582|-1
9498|45596|-1
9498|45609|-1
9498|45625|-1
9498|45649|-1
9498|45655|-1
9498|45663|-1
9498|45742|-1
9498|45747|-1
9498|45749|-1
9498|45765|-1
9498|45767|-1
9498|45769|-1
9498|45775|-1
9498|45801|-1
9498|45815|-1
9498|45825|-1
9498|45854|-1
9498|45942|-1
9498|46068|-1
9498|55333|-1
9498|55341|-1
9498|55353|-1
9498|55428|-1
9498|55446|-1
9498|55448|-1
9498|55459|-1
9498|55474|-1
9498|55563|-1
9498|55570|-1
9498|55574|-1
9498|55578|-1
9498|55705|-1
9498|55712|-1
9498|55734|-1
9498|55740|-1
9498|55764|-1
9498|55806|-1
9498|55947|-1
9498|56061|-1
9498|56201|-1
9498|56202|-1
9498|56268|-1
9498|56272|-1
9498|56283|-1
9498|58371|-1
9498|58522|-1
9498|58590|-1
9498|58594|-1
9498|58664|-1
9498|58702|-1
9498|58872|-1
9498|58898|-1
9498|58902|-1
9498|58906|-1
9498|58909|-1
9498|59165|-1
9498|59169|-1
9498|59178|-1
9498|59185|-1
9498|59188|-1
9498|63935|-1
9498|131169|-1
9498|131190|-1
9498|131210|-1
9498|131215|-1
9498|131255|-1
9498|131262|-1
9498|131265|-1
9498|131269|-1
9498|131283|-1
9498|131302|-1
9498|131459|-1
9498|131473|-1
9498|132004|-1
9498|132028|-1
9498|132075|-1
9498|132089|-1
9498|132108|-1
9498|132115|-1
9498|132135|-1
9498|132137|-1
9498|132152|-1
9498|132272|-1
9498|132278|-1
9498|132303|-1
9498|132308|-1
9498|132329|-1
9498|132338|-1
9498|132349|-1
9498|132371|-1
9498|132378|-1
9498|132384|-1
9498|132388|-1
9498|132401|-1
9498|132417|-1
9498|132428|-1
9498|132445|-1
9498|132453|-1
9498|132507|-1
9498|132523|-1
9498|132540|-1
9498|132542|-1
9498|132557|-1
9498|132559|-1
9498|132563|-1
9498|132566|-1
9498|132711|-1
9498|132717|-1
9498|132760|-1
9498|132763|-1
9498|132768|-1
9498|132771|-1
9498|132774|-1
9498|132781|-1
9498|132785|-1
9498|132787|-1
9498|132878|-1
9498|132893|-1
9498|132922|-1
9498|132923|-1
9498|132931|-1
9498|132933|-1
9498|132944|-1
9498|132948|-1
9498|132954|-1
9498|132957|-1
9498|132960|-1
9498|132962|-1
9498|132964|-1
9498|132965|-1
9498|132968|-1
9498|132970|-1
9498|132991|-1
9498|133000|-1
9498|133006|-1
9498|133028|-1
9498|133055|-1
9498|133087|-1
9498|133088|-1
9498|133225|-1
9498|133227|-1
9498|133231|-1
9498|133236|-1
9498|133240|-1
9498|133255|-1
9498|133256|-1
9498|133258|-1
9498|133262|-1
9498|133266|-1
9498|133269|-1
9498|133274|-1
9498|133276|-1
9498|133278|-1
9498|133279|-1
9498|133280|-1
9498|133285|-1
9498|133291|-1
9498|133299|-1
9498|133300|-1
9498|133301|-1
9498|133303|-1
9498|133317|-1
9498|133324|-1
9498|133491|-1
9498|133593|-1
9498|133640|-1
9498|133650|-1
9498|133657|-1
9498|133659|-1
9498|133661|-1
9498|133669|-1
9498|133671|-1
9498|133684|-1
9498|133685|-1
9498|133686|-1
9498|133689|-1
9498|133695|-1
9498|133708|-1
9498|133951|-1
9498|133961|-1
9498|133971|-1
9498|133974|-1
9498|133981|-1
9498|133984|-1
9498|133985|-1
9498|133989|-1
9498|133990|-1
9498|133992|-1
9498|133995|-1
9498|134001|-1
9498|134011|-1
9498|134017|-1
9498|134019|-1
9498|134027|-1
9498|134029|-1
9498|134032|-1
9498|134033|-1
9498|134034|-1
9498|134036|-1
9498|134040|-1
9498|134041|-1
9498|134050|-1
9498|134060|-1
9498|134173|-1
9498|134225|-1
9498|134252|-1
9498|134260|-1
9498|134267|-1
9498|134277|-1
9498|134284|-1
9498|134285|-1
9498|134286|-1
9498|134295|-1
9498|134305|-1
9498|134306|-1
9498|134310|-1
9498|134316|-1
9498|134322|-1
9498|134332|-1
9498|134375|-1
9498|134430|-1
9498|134475|-1
9498|134513|-1
9498|134556|-1
9498|134674|-1
9498|134793|-1
9498|134796|-1
9498|134803|-1
9498|134854|-1
9498|134862|-1
9498|134863|-1
9498|134867|-1
9498|134868|-1
9498|134874|-1
9498|134876|-1
9498|134880|-1
9498|134888|-1
9498|134909|-1
9498|134910|-1
9498|134912|-1
9498|134918|-1
9498|134938|-1
9498|134964|-1
9498|134975|-1
9498|135086|-1
9498|135133|-1
9498|135139|-1
9498|135181|-1
9498|135188|-1
9498|135192|-1
9498|135193|-1
9498|135197|-1
9498|135206|-1
9498|135216|-1
9498|135217|-1
9498|135223|-1
9498|135234|-1
9498|135235|-1
9498|135238|-1
9498|135239|-1
9498|135244|-1
9498|135245|-1
9498|135247|-1
9498|135253|-1
9498|135263|-1
9498|135278|-1
9498|135299|-1
9498|135422|-1
9498|135569|-1
9498|135682|-1
9498|135695|-1
9498|135705|-1
9498|135719|-1
9498|135722|-1
9498|135724|-1
9498|135740|-1
9498|135758|-1
9498|135763|-1
9498|135773|-1
9498|135775|-1
9498|135801|-1
9498|135806|-1
9498|135808|-1
9498|135812|-1
9498|135819|-1
9498|135826|-1
9498|135828|-1
9498|135832|-1
9498|135833|-1
9498|135843|-1
9498|135845|-1
9498|135847|-1
9498|135851|-1
9498|135857|-1
9498|135858|-1
9498|135863|-1
9498|135867|-1
9498|135872|-1
9498|135876|-1
9498|136138|-1
9498|136153|-1
9498|136166|-1
9498|136172|-1
9498|136179|-1
9498|136230|-1
9498|136283|-1
9498|136284|-1
9498|136285|-1
9498|136287|-1
9498|136289|-1
9498|136306|-1
9498|136308|-1
9498|136311|-1
9498|136324|-1
9498|136327|-1
9498|136330|-1
9498|136336|-1
9498|136351|-1
9498|136357|-1
9498|136368|-1
9498|136377|-1
9498|136437|-1
9498|136447|-1
9498|136575|-1
9498|136622|-1
9498|136626|-1
9498|136629|-1
9498|136632|-1
9498|136633|-1
9498|136635|-1
9498|136648|-1
9498|136649|-1
9498|136651|-1
9498|136652|-1
9498|136666|-1
9498|136680|-1
9498|136683|-1
9498|136684|-1
9498|136685|-1
9498|136694|-1
9498|136697|-1
9498|136698|-1
9498|136708|-1
9498|136714|-1
9498|136716|-1
9498|136720|-1
9498|136890|-1
9498|136956|-1
9498|136985|-1
9498|137000|-1
9498|137088|-1
9498|137092|-1
9498|137104|-1
9498|137107|-1
9498|137108|-1
9498|137109|-1
9498|137114|-1
9498|137130|-1
9498|137143|-1
9498|137152|-1
9498|137155|-1
9498|137158|-1
9498|137164|-1
9498|137172|-1
9498|137173|-1
9498|137225|-1
9498|137282|-1
9498|137494|-1
9498|137602|-1
9498|137611|-1
9498|137622|-1
9498|137640|-1
9498|137654|-1
9498|137659|-1
9498|137662|-1
9498|137666|-1
9498|137670|-1
9498|137673|-1
9498|137677|-1
9498|137849|-1
9498|137972|-1
9498|138159|-1
9498|138202|-1
9498|138219|-1
9498|138222|-1
9498|138244|-1
9498|138250|-1
9498|138270|-1
9498|138277|-1
9498|138279|-1
9498|138282|-1
9498|138285|-1
9498|138300|-1
9498|138304|-1
9498|138310|-1
9498|138311|-1
9498|138425|-1
9498|138711|-1
9498|138718|-1
9498|138720|-1
9498|138727|-1
9498|138734|-1
9498|138743|-1
9498|138745|-1
9498|138746|-1
9498|138756|-1
9498|138762|-1
9498|138767|-1
9498|138774|-1
9498|138785|-1
9498|138786|-1
9498|138788|-1
9498|138797|-1
9498|138800|-1
9498|138922|-1
9498|138957|-1
9498|139066|-1
9498|139068|-1
9498|139463|-1
9498|139488|-1
9498|139490|-1
9498|139515|-1
9498|139521|-1
9498|139533|-1
9498|139536|-1
9498|139539|-1
9498|139540|-1
9498|139559|-1
9498|139569|-1
9498|139570|-1
9498|139575|-1
9498|139684|-1
9498|139818|-1
9498|139911|-1
9498|140106|-1
9498|140121|-1
9498|140134|-1
9498|140156|-1
9498|140162|-1
9498|140167|-1
9498|140173|-1
9498|140204|-1
9498|140601|-1
9498|140912|-1
9498|140924|-1
9498|141014|-1
9498|141202|-1
9498|141213|-1
9498|141253|-1
9498|141256|-1
9498|141266|-1
9498|141276|-1
9498|141283|-1
9498|141304|-1
9498|141308|-1
9498|141312|-1
9498|141317|-1
9498|141339|-1
9498|141388|-1
9498|141420|-1
9498|141453|-1
9498|141477|-1
9498|141489|-1
9498|141501|-1
9498|141508|-1
9498|141536|-1
9498|141549|-1
9498|141728|-1
9498|141741|-1
9498|141752|-1
9498|141783|-1
9498|141801|-1
9498|141804|-1
9498|141816|-1
9498|141834|-1
9498|141840|-1
9498|141844|-1
9498|141856|-1
9498|141864|-1
9498|141869|-1
9498|141872|-1
9498|142011|-1
9498|142027|-1
9498|142057|-1
9498|142151|-1
9498|142477|-1
9498|142505|-1
9498|142530|-1
9498|146852|-1
9498|146876|-1
9498|146879|-1
9498|146886|-1
9498|146902|-1
9498|146904|-1
9498|146918|-1
9498|146944|-1
9498|147183|-1
9498|147201|-1
9498|147240|-1
9498|147255|-1
9498|147273|-1
9498|147279|-1
9498|149185|-1
9498|149194|-1
9498|149202|-1
9498|149240|-1
9498|149241|-1
9498|149248|-1
9498|149251|-1
9498|149258|-1
9498|149268|-1
9498|149277|-1
9498|149486|-1
9498|149528|-1
9498|149536|-1
9498|149538|-1
9498|149546|-1
9498|149560|-1
9498|149600|-1
9498|149603|-1
9498|149614|-1
9498|149617|-1
9498|149618|-1
9498|149622|-1
9498|149624|-1
9498|150007|-1
9498|150009|-1
9498|150026|-1
9498|150029|-1
9498|150079|-1
9498|150094|-1
9498|150106|-1
9498|150118|-1
9498|150339|-1
9498|150383|-1
9498|150386|-1
9498|150601|-1
9498|150609|-1
9498|150654|-1
9498|150655|-1
9498|150743|-1
9498|151085|-1
9498|151095|-1
9498|151099|-1
9498|151103|-1
9498|151121|-1
9498|151122|-1
9498|151130|-1
9498|151131|-1
9498|151172|-1
9498|151666|-1
9498|151684|-1
9498|151685|-1
9498|151712|-1
9498|151719|-1
9498|151749|-1
9498|151773|-1
9498|152341|-1
9498|152490|-1
9498|152493|-1
9498|152496|-1
9498|152498|-1
9498|152501|-1
9498|152506|-1
9498|152565|-1
9498|152573|-1
9498|152720|-1
9498|152721|-1
9498|152731|-1
9498|153214|-1
9498|153222|-1
9498|153248|-1
9498|153257|-1
9498|153259|-1
9498|153270|-1
9498|153275|-1
9498|153288|-1
9498|153292|-1
9498|153313|-1
9498|153489|-1
9498|153518|-1
9498|153672|-1
9498|153676|-1
9498|153738|-1
9498|153754|-1
9498|153756|-1
9498|153795|-1
9498|153866|-1
9498|154011|-1
9498|154051|-1
9498|154241|-1
9498|154304|-1
9498|154305|-1
9498|9583|0
9498|136946|0
4755|7494|-1
4755|9583|-1
4755|9829|-1
4755|9885|-1
4755|17439|-1
4755|17665|-1
4755|17754|-1
4755|17762|-1
4755|18002|-1
4755|18209|-1
4755|18229|-1
4755|24309|-1
4755|45117|-1
4755|45804|-1
4755|45820|-1
4755|55352|-1
4755|55410|-1
4755|59191|-1
4755|132116|-1
4755|132215|-1
4755|132770|-1
4755|133001|-1
4755|133296|-1
4755|135772|-1
4755|136334|-1
4755|137085|-1
4755|138754|-1
4755|140641|-1
4755|146943|-1
4755|150596|-1
4755|151755|-1
4755|4797|-1
4755|7633|-1
4755|9285|-1
4755|9430|-1
4755|9752|-1
4755|9796|-1
4755|10029|-1
4755|10125|-1
4755|10199|-1
4755|10215|-1
4755|17426|-1
4755|17436|-1
4755|17465|-1
4755|17466|-1
4755|17483|-1
4755|17488|-1
4755|17541|-1
4755|17625|-1
4755|17648|-1
4755|17817|-1
4755|17820|-1
4755|17825|-1
4755|17903|-1
4755|17908|-1
4755|17917|-1
4755|18223|-1
4755|18225|-1
4755|23664|-1
4755|23860|-1
4755|23872|-1
4755|23901|-1
4755|23984|-1
4755|23994|-1
4755|24055|-1
4755|24084|-1
4755|24103|-1
4755|24109|-1
4755|24178|-1
4755|24216|-1
4755|24222|-1
4755|24397|-1
4755|24471|-1
4755|24501|-1
4755|24515|-1
4755|24558|-1
4755|24574|-1
4755|37934|-1
4755|38000|-1
4755|38029|-1
4755|38058|-1
4755|38188|-1
4755|38191|-1
4755|38275|-1
4755|38306|-1
4755|38468|-1
4755|38529|-1
4755|38536|-1
4755|38571|-1
4755|38573|-1
4755|38615|-1
4755|38743|-1
4755|38872|-1
4755|38902|-1
4755|45119|-1
4755|45150|-1
4755|45205|-1
4755|45219|-1
4755|45264|-1
4755|45272|-1
4755|45284|-1
4755|45357|-1
4755|45417|-1
4755|45432|-1
4755|45513|-1
4755|45518|-1
4755|45525|-1
4755|45526|-1
4755|45528|-1
4755|45535|-1
4755|45573|-1
4755|45574|-1
4755|45582|-1
4755|45624|-1
4755|45625|-1
4755|45636|-1
4755|45649|-1
4755|45655|-1
4755|45663|-1
4755|45742|-1
4755|45749|-1
4755|45765|-1
4755|45767|-1
4755|45769|-1
4755|45775|-1
4755|45801|-1
4755|45815|-1
4755|45854|-1
4755|45916|-1
4755|45955|-1
4755|46068|-1
4755|55333|-1
4755|55341|-1
4755|55448|-1
4755|55459|-1
4755|55494|-1
4755|55507|-1
4755|55510|-1
4755|55529|-1
4755|55563|-1
4755|55570|-1
4755|55574|-1
4755|55644|-1
4755|55705|-1
4755|55709|-1
4755|55764|-1
4755|55779|-1
4755|55780|-1
4755|55804|-1
4755|55806|-1
4755|55814|-1
4755|55839|-1
4755|55918|-1
4755|55947|-1
4755|56061|-1
4755|56108|-1
4755|56201|-1
4755|56209|-1
4755|58405|-1
4755|58419|-1
4755|58522|-1
4755|58537|-1
4755|58664|-1
4755|58714|-1
4755|58758|-1
4755|58759|-1
4755|58765|-1
4755|58872|-1
4755|58875|-1
4755|58898|-1
4755|58902|-1
4755|58906|-1
4755|58967|-1
4755|58976|-1
4755|59178|-1
4755|59185|-1
4755|59188|-1
4755|59194|-1
4755|131190|-1
4755|131210|-1
4755|131235|-1
4755|131255|-1
4755|131262|-1
4755|131265|-1
4755|131269|-1
4755|131283|-1
4755|131299|-1
4755|131302|-1
4755|131458|-1
4755|131459|-1
4755|131473|-1
4755|131993|-1
4755|132004|-1
4755|132075|-1
4755|132089|-1
4755|132108|-1
4755|132115|-1
4755|132137|-1
4755|132152|-1
4755|132278|-1
4755|132296|-1
4755|132303|-1
4755|132308|-1
4755|132329|-1
4755|132343|-1
4755|132384|-1
4755|132388|-1
4755|132415|-1
4755|132428|-1
4755|132453|-1
4755|132485|-1
4755|132506|-1
4755|132540|-1
4755|132556|-1
4755|132557|-1
4755|132559|-1
4755|132566|-1
4755|132570|-1
4755|132587|-1
4755|132711|-1
4755|132717|-1
4755|132754|-1
4755|132768|-1
4755|132774|-1
4755|132781|-1
4755|132878|-1
4755|132923|-1
4755|132933|-1
4755|132934|-1
4755|132944|-1
4755|132948|-1
4755|132950|-1
4755|132965|-1
4755|132968|-1
4755|132970|-1
4755|132974|-1
4755|132991|-1
4755|133000|-1
4755|133003|-1
4755|133006|-1
4755|133028|-1
4755|133055|-1
4755|133087|-1
4755|133227|-1
4755|133228|-1
4755|133230|-1
4755|133231|-1
4755|133258|-1
4755|133276|-1
4755|133278|-1
4755|133280|-1
4755|133282|-1
4755|133291|-1
4755|133299|-1
4755|133301|-1
4755|133305|-1
4755|133469|-1
4755|133592|-1
4755|133648|-1
4755|133652|-1
4755|133657|-1
4755|133663|-1
4755|133669|-1
4755|133680|-1
4755|133685|-1
4755|133693|-1
4755|133694|-1
4755|133698|-1
4755|133708|-1
4755|133711|-1
4755|133768|-1
4755|133951|-1
4755|133961|-1
4755|133981|-1
4755|133982|-1
4755|133984|-1
4755|133985|-1
4755|133995|-1
4755|134027|-1
4755|134029|-1
4755|134032|-1
4755|134036|-1
4755|134053|-1
4755|134054|-1
4755|134060|-1
4755|134173|-1
4755|134225|-1
4755|134235|-1
4755|134259|-1
4755|134264|-1
4755|134277|-1
4755|134284|-1
4755|134302|-1
4755|134306|-1
4755|134308|-1
4755|134310|-1
4755|134319|-1
4755|134325|-1
4755|134337|-1
4755|134411|-1
4755|134674|-1
4755|134796|-1
4755|134803|-1
4755|134854|-1
4755|134855|-1
4755|134896|-1
4755|134905|-1
4755|134907|-1
4755|134909|-1
4755|134910|-1
4755|134911|-1
4755|134912|-1
4755|134916|-1
4755|134928|-1
4755|134931|-1
4755|134940|-1
4755|134942|-1
4755|134946|-1
4755|134964|-1
4755|134986|-1
4755|135086|-1
4755|135139|-1
4755|135180|-1
4755|135197|-1
4755|135205|-1
4755|135217|-1
4755|135223|-1
4755|135232|-1
4755|135245|-1
4755|135253|-1
4755|135259|-1
4755|135263|-1
4755|135278|-1
4755|135299|-1
4755|135320|-1
4755|135397|-1
4755|135422|-1
4755|135569|-1
4755|135682|-1
4755|135697|-1
4755|135709|-1
4755|135722|-1
4755|135745|-1
4755|135746|-1
4755|135755|-1
4755|135757|-1
4755|135760|-1
4755|135780|-1
4755|135795|-1
4755|135798|-1
4755|135805|-1
4755|135806|-1
4755|135812|-1
4755|135819|-1
4755|135826|-1
4755|135828|-1
4755|135832|-1
4755|135833|-1
4755|135834|-1
4755|135839|-1
4755|135848|-1
4755|135849|-1
4755|135852|-1
4755|135858|-1
4755|135871|-1
4755|135872|-1
4755|136034|-1
4755|136138|-1
4755|136166|-1
4755|136172|-1
4755|136252|-1
4755|136280|-1
4755|136283|-1
4755|136286|-1
4755|136289|-1
4755|136306|-1
4755|136308|-1
4755|136312|-1
4755|136322|-1
4755|136336|-1
4755|136347|-1
4755|136351|-1
4755|136362|-1
4755|136370|-1
4755|136374|-1
4755|136447|-1
4755|136644|-1
4755|136648|-1
4755|136671|-1
4755|136679|-1
4755|136682|-1
4755|136685|-1
4755|136695|-1
4755|136696|-1
4755|136703|-1
4755|136707|-1
4755|136708|-1
4755|136714|-1
4755|136814|-1
4755|136890|-1
4755|136894|-1
4755|136932|-1
4755|136985|-1
4755|136987|-1
4755|137088|-1
4755|137109|-1
4755|137113|-1
4755|137115|-1
4755|137128|-1
4755|137138|-1
4755|137139|-1
4755|137155|-1
4755|137176|-1
4755|137180|-1
4755|137210|-1
4755|137225|-1
4755|137279|-1
4755|137398|-1
4755|137494|-1
4755|137587|-1
4755|137605|-1
4755|137611|-1
4755|137627|-1
4755|137634|-1
4755|137640|-1
4755|137648|-1
4755|137654|-1
4755|137660|-1
4755|137662|-1
4755|137680|-1
4755|137836|-1
4755|137849|-1
4755|137972|-1
4755|138159|-1
4755|138161|-1
4755|138162|-1
4755|138219|-1
4755|138248|-1
4755|138251|-1
4755|138257|-1
4755|138270|-1
4755|138275|-1
4755|138279|-1
4755|138285|-1
4755|138293|-1
4755|138639|-1
4755|138718|-1
4755|138720|-1
4755|138726|-1
4755|138734|-1
4755|138746|-1
4755|138777|-1
4755|138784|-1
4755|138785|-1
4755|138788|-1
4755|139479|-1
4755|139490|-1
4755|139527|-1
4755|139539|-1
4755|139562|-1
4755|139569|-1
4755|139575|-1
4755|139794|-1
4755|139818|-1
4755|139911|-1
4755|139916|-1
4755|140106|-1
4755|140132|-1
4755|140139|-1
4755|140162|-1
4755|140175|-1
4755|140202|-1
4755|140601|-1
4755|140621|-1
4755|140912|-1
4755|140924|-1
4755|141014|-1
4755|141202|-1
4755|141213|-1
4755|141243|-1
4755|141256|-1
4755|141265|-1
4755|141276|-1
4755|141283|-1
4755|141290|-1
4755|141308|-1
4755|141312|-1
4755|141329|-1
4755|141388|-1
4755|141464|-1
4755|141480|-1
4755|141490|-1
4755|141492|-1
4755|141501|-1
4755|141524|-1
4755|141552|-1
4755|141564|-1
4755|141741|-1
4755|141796|-1
4755|141799|-1
4755|141801|-1
4755|141804|-1
4755|141807|-1
4755|141846|-1
4755|141856|-1
4755|141873|-1
4755|141881|-1
4755|142027|-1
4755|142057|-1
4755|142439|-1
4755|142441|-1
4755|142453|-1
4755|142461|-1
4755|142527|-1
4755|142582|-1
4755|146863|-1
4755|146864|-1
4755|146870|-1
4755|146902|-1
4755|146904|-1
4755|146907|-1
4755|147189|-1
4755|147195|-1
4755|147226|-1
4755|147277|-1
4755|148003|-1
4755|149185|-1
4755|149268|-1
4755|149422|-1
4755|149526|-1
4755|149528|-1
4755|149546|-1
4755|149570|-1
4755|149596|-1
4755|149617|-1
4755|149655|-1
4755|149781|-1
4755|150009|-1
4755|150029|-1
4755|150094|-1
4755|150105|-1
4755|150383|-1
4755|150560|-1
4755|150589|-1
4755|150601|-1
4755|150743|-1
4755|151085|-1
4755|151089|-1
4755|151122|-1
4755|151172|-1
4755|151712|-1
4755|151719|-1
4755|152129|-1
4755|152496|-1
4755|152506|-1
4755|152522|-1
4755|152721|-1
4755|152731|-1
4755|153214|-1
4755|153259|-1
4755|153270|-1
4755|153299|-1
4755|153313|-1
4755|153518|-1
4755|153603|-1
4755|153866|-1
4755|153984|-1
4755|154068|-1
4755|154072|-1
4755|154137|-1
4755|154232|-1
4755|154241|-1
4755|214122|-1
4755|18101|0
4755|55836|0
4755|140171|0
4755|152565|0
4755|151125|0
4755|135859|0
4755|135705|0
4755|59165|0
9730|45117|-1
9730|133676|-1
9730|137085|-1
9730|7633|-1
9730|9285|-1
9730|9430|-1
9730|17465|-1
9730|17625|-1
9730|17817|-1
9730|17903|-1
9730|18207|-1
9730|23957|-1
9730|24084|-1
9730|24332|-1
9730|24471|-1
9730|24515|-1
9730|45432|-1
9730|45536|-1
9730|45769|-1
9730|55806|-1
9730|58457|-1
9730|58702|-1
9730|58971|-1
9730|59169|-1
9730|132239|-1
9730|132613|-1
9730|132924|-1
9730|132955|-1
9730|132962|-1
9730|132972|-1
9730|132978|-1
9730|133228|-1
9730|133262|-1
9730|133951|-1
9730|133963|-1
9730|134001|-1
9730|134005|-1
9730|134020|-1
9730|134257|-1
9730|134262|-1
9730|134276|-1
9730|134340|-1
9730|134900|-1
9730|134912|-1
9730|135036|-1
9730|135171|-1
9730|135178|-1
9730|135180|-1
9730|135240|-1
9730|135500|-1
9730|135755|-1
9730|135756|-1
9730|135813|-1
9730|135831|-1
9730|135873|-1
9730|136034|-1
9730|136279|-1
9730|136297|-1
9730|136323|-1
9730|136353|-1
9730|136360|-1
9730|136639|-1
9730|136670|-1
9730|136671|-1
9730|136687|-1
9730|136688|-1
9730|136694|-1
9730|136699|-1
9730|136902|-1
9730|137084|-1
9730|137090|-1
9730|137093|-1
9730|137102|-1
9730|137112|-1
9730|137120|-1
9730|137132|-1
9730|137150|-1
9730|137152|-1
9730|137153|-1
9730|137154|-1
9730|137586|-1
9730|137590|-1
9730|137634|-1
9730|137636|-1
9730|137660|-1
9730|138159|-1
9730|138224|-1
9730|138230|-1
9730|138248|-1
9730|138278|-1
9730|138299|-1
9730|138301|-1
9730|138315|-1
9730|138316|-1
9730|138639|-1
9730|138706|-1
9730|138713|-1
9730|138731|-1
9730|138765|-1
9730|138772|-1
9730|139490|-1
9730|139508|-1
9730|140115|-1
9730|140119|-1
9730|140137|-1
9730|140151|-1
9730|140191|-1
9730|141249|-1
9730|141269|-1
9730|141270|-1
9730|141290|-1
9730|141311|-1
9730|141314|-1
9730|141329|-1
9730|141416|-1
9730|141488|-1
9730|141497|-1
9730|141509|-1
9730|141534|-1
9730|141552|-1
9730|141794|-1
9730|141796|-1
9730|141815|-1
9730|141848|-1
9730|141855|-1
9730|141873|-1
9730|141878|-1
9730|142439|-1
9730|142443|-1
9730|142445|-1
9730|142453|-1
9730|142465|-1
9730|142481|-1
9730|142484|-1
9730|142515|-1
9730|142520|-1
9730|142527|-1
9730|142533|-1
9730|146853|-1
9730|146870|-1
9730|146888|-1
9730|146925|-1
9730|147258|-1
9730|147260|-1
9730|147264|-1
9730|147271|-1
9730|147277|-1
9730|149005|-1
9730|149214|-1
9730|149219|-1
9730|149228|-1
9730|149229|-1
9730|149232|-1
9730|149245|-1
9730|149261|-1
9730|149533|-1
9730|149553|-1
9730|149558|-1
9730|149564|-1
9730|149576|-1
9730|149583|-1
9730|149600|-1
9730|149604|-1
9730|149611|-1
9730|150011|-1
9730|150063|-1
9730|150611|-1
9730|150634|-1
9730|150644|-1
9730|150651|-1
9730|151087|-1
9730|151096|-1
9730|151125|-1
9730|151160|-1
9730|151325|-1
9730|151711|-1
9730|151752|-1
9730|152487|-1
9730|152488|-1
9730|152494|-1
9730|152504|-1
9730|152534|-1
9730|152569|-1
9730|153216|-1
9730|153243|-1
9730|153254|-1
9730|153260|-1
9730|153261|-1
9730|153277|-1
9730|153798|-1
9730|153897|-1
9829|9885|-1
9829|138754|-1
9829|140641|-1
9829|2697|-1
9829|7633|-1
9829|9430|-1
9829|17813|-1
9829|24485|-1
9829|38185|-1
9829|45340|-1
9829|45927|-1
9829|55446|-1
9829|55448|-1
9829|56166|-1
9829|58457|-1
9829|58703|-1
9829|59188|-1
9829|131787|-1
9829|132423|-1
9829|132441|-1
9829|132527|-1
9829|132717|-1
9829|133037|-1
9829|133260|-1
9829|133287|-1
9829|133308|-1
9829|133640|-1
9829|133725|-1
9829|134512|-1
9829|134901|-1
9829|135139|-1
9829|135218|-1
9829|135557|-1
9829|135734|-1
9829|135764|-1
9829|135769|-1
9829|135845|-1
9829|136324|-1
9829|136702|-1
9829|137000|-1
9829|137090|-1
9829|137615|-1
9829|137617|-1
9829|137638|-1
9829|137661|-1
9829|137956|-1
9829|138243|-1
9829|140033|-1
9829|140118|-1
9829|141270|-1
9829|141476|-1
9829|141501|-1
9829|141549|-1
9829|142455|-1
9829|147189|-1
9829|148000|-1
9829|150640|-1
9829|151703|-1
9829|151757|-1
9829|152533|-1
9829|153181|-1
9829|153221|-1
9829|55836|0
9829|141332|0
9829|136659|0
9829|147228|0
9829|133233|0
9829|141288|0
9829|141793|0
9885|55824|-1
9885|4758|-1
9885|55847|-1
9885|132423|-1
9885|141501|-1
9885|142501|-1
9885|142502|-1
9885|148000|-1
9885|55836|0
17439|55352|-1
17439|58678|-1
17439|132220|-1
17439|133676|-1
17439|138296|-1
17439|150027|-1
17439|150596|-1
17439|45769|-1
17439|55705|-1
17439|55862|-1
17439|56272|-1
17439|132052|-1
17439|132322|-1
17439|132420|-1
17439|132750|-1
17439|132785|-1
17439|132986|-1
17439|133222|-1
17439|133860|-1
17439|134303|-1
17439|134920|-1
17439|134926|-1
17439|134937|-1
17439|135791|-1
17439|136313|-1
17439|136373|-1
17439|137103|-1
17439|137146|-1
17439|137166|-1
17439|137488|-1
17439|137614|-1
17439|138306|-1
17439|141566|-1
17439|141805|-1
17439|146859|-1
17439|146872|-1
17439|147185|-1
17439|147290|-1
17439|149535|-1
17439|149571|-1
17439|150057|-1
17439|150610|-1
17439|151734|-1
17439|152101|-1
17439|152715|-1
17439|153244|-1
17439|153250|-1
17439|154084|-1
17439|9583|0
17439|55836|0
17665|18002|-1
17665|136946|-1
17665|38457|-1
17665|45536|-1
17665|55879|-1
17665|132520|-1
17665|132754|-1
17665|133232|-1
17665|133648|-1
17665|133684|-1
17665|133713|-1
17665|134009|-1
17665|134250|-1
17665|134316|-1
17665|135776|-1
17665|135811|-1
17665|135834|-1
17665|136289|-1
17665|136641|-1
17665|137004|-1
17665|137160|-1
17665|137166|-1
17665|137659|-1
17665|137672|-1
17665|138255|-1
17665|138300|-1
17665|139524|-1
17665|141014|-1
17665|141275|-1
17665|141292|-1
17665|141480|-1
17665|141490|-1
17665|141497|-1
17665|141805|-1
17665|141846|-1
17665|141863|-1
17665|142450|-1
17665|142488|-1
17665|142534|-1
17665|147234|-1
17665|147246|-1
17665|149183|-1
17665|149240|-1
17665|149270|-1
17665|150025|-1
17665|150593|-1
17665|150657|-1
17665|151115|-1
17665|151128|-1
17665|151140|-1
17665|151176|-1
17665|151764|-1
17665|153761|-1
17665|9583|0
17754|45487|-1
17754|59173|-1
17754|133304|-1
17754|133691|-1
17754|134033|-1
17754|134892|-1
17754|135193|-1
17754|135203|-1
17754|136290|-1
17754|137090|-1
17754|139510|-1
17754|139530|-1
17754|140174|-1
17754|142518|-1
17754|149575|-1
17754|154055|-1
17754|18229|0
17762|45194|-1
17762|45804|-1
17762|45820|-1
17762|133296|-1
17762|133720|-1
17762|135817|-1
17762|138296|-1
17762|17426|-1
17762|17625|-1
17762|18120|-1
17762|38015|-1
17762|38174|-1
17762|38207|-1
17762|38461|-1
17762|45415|-1
17762|45854|-1
17762|55448|-1
17762|55507|-1
17762|56201|-1
17762|56202|-1
17762|58608|-1
17762|131442|-1
17762|132296|-1
17762|132417|-1
17762|132497|-1
17762|132925|-1
17762|133007|-1
17762|133303|-1
17762|134014|-1
17762|134540|-1
17762|134883|-1
17762|134885|-1
17762|134913|-1
17762|135180|-1
17762|135269|-1
17762|135688|-1
17762|135695|-1
17762|135767|-1
17762|135775|-1
17762|136284|-1
17762|136641|-1
17762|136902|-1
17762|137076|-1
17762|137127|-1
17762|137594|-1
17762|138237|-1
17762|138250|-1
17762|138272|-1
17762|138311|-1
17762|138741|-1
17762|138771|-1
17762|139478|-1
17762|139480|-1
17762|139486|-1
17762|139502|-1
17762|139517|-1
17762|139526|-1
17762|141846|-1
17762|142469|-1
17762|142503|-1
17762|142614|-1
17762|146870|-1
17762|146931|-1
17762|147225|-1
17762|149187|-1
17762|149614|-1
17762|150593|-1
17762|150599|-1
17762|150751|-1
17762|151169|-1
17762|151335|-1
17762|151685|-1
17762|151754|-1
17762|152504|-1
17762|152539|-1
17762|152557|-1
17762|152568|-1
17762|153489|-1
17762|153870|-1
18002|132568|-1
18002|132572|-1
18002|132772|-1
18002|132987|-1
18002|133235|-1
18002|133594|-1
18002|133647|-1
18002|133697|-1
18002|133963|-1
18002|133987|-1
18002|134049|-1
18002|134878|-1
18002|135225|-1
18002|135266|-1
18002|135821|-1
18002|136314|-1
18002|136681|-1
18002|137135|-1
18002|137591|-1
18002|137643|-1
18002|138317|-1
18002|139481|-1
18002|141311|-1
18002|141522|-1
18002|141799|-1
18002|146863|-1
18002|146881|-1
18002|150039|-1
18002|152528|-1
18002|153261|-1
18002|153367|-1
18002|153852|-1
18002|132116|0
18002|135848|0
18209|55577|-1
18209|151106|-1
18209|9583|0
18229|134026|-1
18229|135718|-1
18229|151690|-1
18229|17810|-1
18229|17912|-1
18229|38902|-1
18229|45660|-1
18229|45884|-1
18229|55448|-1
18229|55780|-1
18229|56201|-1
18229|56285|-1
18229|58659|-1
18229|58700|-1
18229|58725|-1
18229|58762|-1
18229|58765|-1
18229|58963|-1
18229|59173|-1
18229|131265|-1
18229|132485|-1
18229|132983|-1
18229|133240|-1
18229|133269|-1
18229|133304|-1
18229|133311|-1
18229|133643|-1
18229|133656|-1
18229|133679|-1
18229|133695|-1
18229|133712|-1
18229|133719|-1
18229|133722|-1
18229|133726|-1
18229|133968|-1
18229|134012|-1
18229|134033|-1
18229|134035|-1
18229|134044|-1
18229|134177|-1
18229|134257|-1
18229|134276|-1
18229|134277|-1
18229|134286|-1
18229|134302|-1
18229|134328|-1
18229|134334|-1
18229|134859|-1
18229|134862|-1
18229|135193|-1
18229|135212|-1
18229|135691|-1
18229|135765|-1
18229|135767|-1
18229|135794|-1
18229|135810|-1
18229|135845|-1
18229|135849|-1
18229|136337|-1
18229|136376|-1
18229|136639|-1
18229|136646|-1
18229|136654|-1
18229|136691|-1
18229|136711|-1
18229|136716|-1
18229|136956|-1
18229|137090|-1
18229|137098|-1
18229|137101|-1
18229|137139|-1
18229|137612|-1
18229|137645|-1
18229|137654|-1
18229|137655|-1
18229|138235|-1
18229|138239|-1
18229|138752|-1
18229|138797|-1
18229|139515|-1
18229|139562|-1
18229|140122|-1
18229|140123|-1
18229|140140|-1
18229|140163|-1
18229|140197|-1
18229|141018|-1
18229|141259|-1
18229|141265|-1
18229|141303|-1
18229|141324|-1
18229|141383|-1
18229|141523|-1
18229|141536|-1
18229|141796|-1
18229|141799|-1
18229|141805|-1
18229|141807|-1
18229|141816|-1
18229|141825|-1
18229|141834|-1
18229|141868|-1
18229|142478|-1
18229|142485|-1
18229|142504|-1
18229|142518|-1
18229|142520|-1
18229|146890|-1
18229|146918|-1
18229|146919|-1
18229|147207|-1
18229|147226|-1
18229|149232|-1
18229|149251|-1
18229|149422|-1
18229|149545|-1
18229|149558|-1
18229|149573|-1
18229|149574|-1
18229|149608|-1
18229|150008|-1
18229|150078|-1
18229|150099|-1
18229|150648|-1
18229|150653|-1
18229|151089|-1
18229|151096|-1
18229|151103|-1
18229|151109|-1
18229|151113|-1
18229|151152|-1
18229|151686|-1
18229|151712|-1
18229|151732|-1
18229|151986|-1
18229|151988|-1
18229|152488|-1
18229|152498|-1
18229|152532|-1
18229|152541|-1
18229|152547|-1
18229|152686|-1
18229|152924|-1
18229|153225|-1
18229|153234|-1
18229|153236|-1
18229|153258|-1
18229|153270|-1
18229|153290|-1
18229|153687|-1
18229|153722|-1
18229|153785|-1
18229|153951|-1
18229|154081|-1
18229|154110|-1
18229|154296|-1
18229|9583|0
18229|45117|0
18229|45804|0
18229|132116|0
18229|137085|0
24186|151755|-1
24186|38799|-1
24186|45596|-1
24186|45927|-1
24186|132989|-1
24186|133287|-1
24186|134251|-1
24186|134334|-1
24186|134909|-1
24186|135750|-1
24186|135764|-1
24186|135769|-1
24186|136687|-1
24186|140170|-1
24186|141688|-1
24186|142516|-1
24186|149528|-1
24186|150564|-1
24186|150638|-1
24186|151100|-1
24186|151626|-1
24186|151702|-1
24186|152533|-1
24186|153288|-1
24186|153723|-1
24186|154024|-1
24186|154108|-1
24186|55836|0
24309|58457|-1
24309|133281|-1
24309|147228|-1
24309|150565|-1
24309|154111|-1
45117|133001|-1
45117|135718|-1
45117|9653|-1
45117|9941|-1
45117|17753|-1
45117|24485|-1
45117|38053|-1
45117|45747|-1
45117|45830|-1
45117|45851|-1
45117|55470|-1
45117|56107|-1
45117|59179|-1
45117|132778|-1
45117|132911|-1
45117|132938|-1
45117|132976|-1
45117|133237|-1
45117|133246|-1
45117|133256|-1
45117|134254|-1
45117|135183|-1
45117|135185|-1
45117|135777|-1
45117|135811|-1
45117|135823|-1
45117|135876|-1
45117|136298|-1
45117|136343|-1
45117|136625|-1
45117|136634|-1
45117|136636|-1
45117|136673|-1
45117|136690|-1
45117|137118|-1
45117|137130|-1
45117|137149|-1
45117|137151|-1
45117|137586|-1
45117|137617|-1
45117|137658|-1
45117|137684|-1
45117|138012|-1
45117|138024|-1
45117|138244|-1
45117|138246|-1
45117|138251|-1
45117|138283|-1
45117|138292|-1
45117|139512|-1
45117|139553|-1
45117|140119|-1
45117|141262|-1
45117|141332|-1
45117|141815|-1
45117|142448|-1
45117|142490|-1
45117|146888|-1
45117|146937|-1
45117|147227|-1
45117|147278|-1
45117|148000|-1
45117|149186|-1
45117|149189|-1
45117|149249|-1
45117|149528|-1
45117|149539|-1
45117|149542|-1
45117|149554|-1
45117|149564|-1
45117|149595|-1
45117|149617|-1
45117|150016|-1
45117|150022|-1
45117|150023|-1
45117|150603|-1
45117|150653|-1
45117|151112|-1
45117|151157|-1
45117|151174|-1
45117|151181|-1
45117|151415|-1
45117|151704|-1
45117|151707|-1
45117|151734|-1
45117|152502|-1
45117|152512|-1
45117|152565|-1
45117|153241|-1
45117|153254|-1
45117|153751|-1
45117|154059|-1
45117|154326|-1
45117|9583|0
45117|55836|0
45117|140171|0
45804|132765|-1
45804|134291|-1
45804|134340|-1
45804|135264|-1
45804|135852|-1
45804|135872|-1
45804|136633|-1
45804|137210|-1
45804|138224|-1
45804|138752|-1
45804|139520|-1
45804|141014|-1
45804|146855|-1
45804|147213|-1
45804|151712|-1
45804|153211|-1
45804|153292|-1
45804|149268|0
45804|137083|0
45820|17439|-1
45820|18002|-1
45820|45804|-1
45820|133296|-1
45820|134922|-1
45820|135817|-1
45820|7593|-1
45820|9830|-1
45820|10225|-1
45820|17483|-1
45820|17625|-1
45820|17810|-1
45820|18120|-1
45820|23770|-1
45820|24127|-1
45820|24327|-1
45820|24391|-1
45820|38015|-1
45820|38174|-1
45820|38241|-1
45820|38461|-1
45820|38594|-1
45820|45189|-1
45820|45466|-1
45820|45469|-1
45820|45528|-1
45820|45582|-1
45820|45648|-1
45820|45769|-1
45820|45815|-1
45820|45942|-1
45820|55353|-1
45820|55441|-1
45820|55711|-1
45820|55717|-1
45820|55740|-1
45820|55756|-1
45820|56201|-1
45820|56272|-1
45820|56290|-1
45820|58457|-1
45820|58594|-1
45820|58597|-1
45820|58640|-1
45820|58693|-1
45820|58762|-1
45820|58880|-1
45820|63935|-1
45820|64088|-1
45820|131169|-1
45820|131215|-1
45820|131256|-1
45820|131317|-1
45820|132044|-1
45820|132272|-1
45820|132417|-1
45820|132445|-1
45820|132559|-1
45820|132613|-1
45820|132746|-1
45820|132760|-1
45820|132772|-1
45820|132783|-1
45820|132787|-1
45820|132943|-1
45820|132952|-1
45820|132954|-1
45820|132962|-1
45820|132964|-1
45820|133269|-1
45820|133303|-1
45820|133491|-1
45820|133593|-1
45820|133660|-1
45820|134003|-1
45820|134007|-1
45820|134011|-1
45820|134024|-1
45820|134330|-1
45820|134338|-1
45820|134375|-1
45820|134513|-1
45820|134540|-1
45820|134894|-1
45820|134910|-1
45820|134934|-1
45820|135031|-1
45820|135172|-1
45820|135179|-1
45820|135192|-1
45820|135193|-1
45820|135247|-1
45820|135257|-1
45820|135404|-1
45820|135500|-1
45820|135682|-1
45820|135693|-1
45820|135695|-1
45820|135696|-1
45820|135847|-1
45820|135851|-1
45820|136352|-1
45820|136356|-1
45820|136364|-1
45820|136372|-1
45820|136374|-1
45820|136449|-1
45820|136637|-1
45820|136657|-1
45820|136669|-1
45820|137076|-1
45820|137125|-1
45820|137171|-1
45820|137173|-1
45820|137638|-1
45820|137641|-1
45820|137677|-1
45820|137683|-1
45820|137817|-1
45820|138159|-1
45820|138202|-1
45820|138222|-1
45820|138246|-1
45820|138318|-1
45820|138696|-1
45820|138726|-1
45820|138731|-1
45820|138739|-1
45820|138751|-1
45820|138752|-1
45820|138797|-1
45820|138957|-1
45820|139068|-1
45820|139480|-1
45820|139484|-1
45820|139493|-1
45820|139494|-1
45820|139521|-1
45820|139570|-1
45820|140124|-1
45820|140189|-1
45820|141329|-1
45820|141330|-1
45820|141340|-1
45820|141489|-1
45820|141507|-1
45820|141814|-1
45820|141843|-1
45820|141855|-1
45820|141880|-1
45820|142451|-1
45820|142477|-1
45820|142479|-1
45820|142494|-1
45820|146851|-1
45820|146855|-1
45820|146879|-1
45820|146942|-1
45820|147185|-1
45820|147282|-1
45820|149226|-1
45820|149275|-1
45820|149486|-1
45820|149539|-1
45820|149545|-1
45820|149602|-1
45820|149603|-1
45820|149618|-1
45820|149982|-1
45820|150026|-1
45820|150080|-1
45820|150096|-1
45820|150585|-1
45820|150609|-1
45820|150654|-1
45820|151136|-1
45820|151166|-1
45820|151685|-1
45820|151724|-1
45820|151730|-1
45820|151754|-1
45820|151768|-1
45820|151778|-1
45820|152497|-1
45820|153181|-1
45820|153221|-1
45820|153222|-1
45820|153240|-1
45820|153254|-1
45820|153263|-1
45820|153284|-1
45820|153675|-1
45820|154051|-1
45820|149240|0
45820|17747|0
45820|133989|0
45820|132453|0
55410|18002|-1
55410|18229|-1
55410|24186|-1
55410|45117|-1
55410|45804|-1
55410|138754|-1
55410|140641|-1
55410|4797|-1
55410|17466|-1
55410|17625|-1
55410|17648|-1
55410|17753|-1
55410|17817|-1
55410|18207|-1
55410|23664|-1
55410|24558|-1
55410|38204|-1
55410|38207|-1
55410|38224|-1
55410|38266|-1
55410|38314|-1
55410|45271|-1
55410|45469|-1
55410|45528|-1
55410|45596|-1
55410|45625|-1
55410|45648|-1
55410|45815|-1
55410|55529|-1
55410|55709|-1
55410|55712|-1
55410|55764|-1
55410|55814|-1
55410|55839|-1
55410|58405|-1
55410|58702|-1
55410|58703|-1
55410|58898|-1
55410|64088|-1
55410|131255|-1
55410|131265|-1
55410|132115|-1
55410|132329|-1
55410|132343|-1
55410|132388|-1
55410|132566|-1
55410|132751|-1
55410|132768|-1
55410|132787|-1
55410|132922|-1
55410|132935|-1
55410|132950|-1
55410|132952|-1
55410|132964|-1
55410|133007|-1
55410|133227|-1
55410|133234|-1
55410|133242|-1
55410|133255|-1
55410|133279|-1
55410|133287|-1
55410|133301|-1
55410|133317|-1
55410|133388|-1
55410|133580|-1
55410|133661|-1
55410|133695|-1
55410|133968|-1
55410|133974|-1
55410|134001|-1
55410|134014|-1
55410|134016|-1
55410|134020|-1
55410|134032|-1
55410|134033|-1
55410|134034|-1
55410|134863|-1
55410|134917|-1
55410|134927|-1
55410|134928|-1
55410|135139|-1
55410|135171|-1
55410|135208|-1
55410|135227|-1
55410|135243|-1
55410|135253|-1
55410|135726|-1
55410|135735|-1
55410|135759|-1
55410|135787|-1
55410|135798|-1
55410|135808|-1
55410|135815|-1
55410|135857|-1
55410|135858|-1
55410|135860|-1
55410|135869|-1
55410|136153|-1
55410|136166|-1
55410|136252|-1
55410|136283|-1
55410|136306|-1
55410|136325|-1
55410|136342|-1
55410|136626|-1
55410|136651|-1
55410|136687|-1
55410|136698|-1
55410|136814|-1
55410|137094|-1
55410|137097|-1
55410|137102|-1
55410|137107|-1
55410|137125|-1
55410|137594|-1
55410|137611|-1
55410|137662|-1
55410|137668|-1
55410|137849|-1
55410|137956|-1
55410|137972|-1
55410|138161|-1
55410|138162|-1
55410|138231|-1
55410|138238|-1
55410|138277|-1
55410|138283|-1
55410|138425|-1
55410|138761|-1
55410|138776|-1
55410|139234|-1
55410|139480|-1
55410|139483|-1
55410|140128|-1
55410|140151|-1
55410|140912|-1
55410|141283|-1
55410|141549|-1
55410|141564|-1
55410|141793|-1
55410|141881|-1
55410|142451|-1
55410|142535|-1
55410|147177|-1
55410|147185|-1
55410|149539|-1
55410|149602|-1
55410|149624|-1
55410|149871|-1
55410|150066|-1
55410|150339|-1
55410|150560|-1
55410|150575|-1
55410|150609|-1
55410|150634|-1
55410|150638|-1
55410|151095|-1
55410|151096|-1
55410|151101|-1
55410|151111|-1
55410|151704|-1
55410|151730|-1
55410|151763|-1
55410|152487|-1
55410|152494|-1
55410|153724|-1
55410|153756|-1
55410|153826|-1
55410|9583|0
55410|55836|0
58965|45117|-1
58965|59161|-1
58965|134884|-1
58965|135700|-1
58965|138236|-1
58965|138713|-1
58965|141277|-1
58965|147233|-1
58965|151731|-1
58965|135712|0
59191|45284|-1
59191|134326|-1
59191|134877|-1
59191|135801|-1
59191|136279|-1
59191|139484|-1
59191|141532|-1
59191|146884|-1
59191|149199|-1
59191|151126|-1
59191|151164|-1
59191|151727|-1
132116|136946|-1
132116|133270|-1
132116|133680|-1
132116|133712|-1
132116|134028|-1
132116|134046|-1
132116|134341|-1
132116|134946|-1
132116|135219|-1
132116|135692|-1
132116|135723|-1
132116|135726|-1
132116|135738|-1
132116|137163|-1
132116|138774|-1
132116|141257|-1
132116|141826|-1
132116|146915|-1
132116|149240|-1
132116|149251|-1
132116|150015|-1
132116|150070|-1
132116|150577|-1
132116|151690|0
132116|133676|0
132116|134017|0
132116|132540|0
132116|134308|0
132116|139559|0
132116|135679|0
132116|141783|0
132116|135763|0
132116|147246|0
132116|136322|0
132116|150045|0
132116|151732|0
132116|133652|0
132116|134295|0
132116|59183|0
132116|134940|0
132116|151698|0
132116|131299|0
132116|136362|0
132116|135223|0
132215|7633|-1
132215|10225|-1
132215|17625|-1
132215|45927|-1
132215|55353|-1
132215|55741|-1
132215|58902|-1
132215|59188|-1
132215|131473|-1
132215|131787|-1
132215|132972|-1
132215|133082|-1
132215|133228|-1
132215|133285|-1
132215|133308|-1
132215|133317|-1
132215|133659|-1
132215|133678|-1
132215|133695|-1
132215|133716|-1
132215|134280|-1
132215|134331|-1
132215|134338|-1
132215|134880|-1
132215|134908|-1
132215|135217|-1
132215|135756|-1
132215|135818|-1
132215|136323|-1
132215|136667|-1
132215|137108|-1
132215|137398|-1
132215|138696|-1
132215|141253|-1
132215|142470|-1
132215|142507|-1
132215|149259|-1
132215|149600|-1
132215|150609|-1
132215|151113|-1
132215|151762|-1
132215|153301|-1
132215|154108|-1
132770|133238|-1
132770|133257|-1
132770|133677|-1
132770|134248|-1
132770|134283|-1
132770|134871|-1
132770|134885|-1
132770|134932|-1
132770|135207|-1
132770|135837|-1
132770|136284|-1
132770|136358|-1
132770|136641|-1
132770|136653|-1
132770|137177|-1
132770|137599|-1
132770|137616|-1
132770|137656|-1
132770|137674|-1
132770|138267|-1
132770|138278|-1
132770|138317|-1
132770|138795|-1
132770|138796|-1
132770|139531|-1
132770|139574|-1
132770|140158|-1
132770|140160|-1
132770|140177|-1
132770|141243|-1
132770|141322|-1
132770|141492|-1
132770|141498|-1
132770|141831|-1
132770|142448|-1
132770|142503|-1
132770|146866|-1
132770|146932|-1
132770|146945|-1
132770|147221|-1
132770|147236|-1
132770|147283|-1
132770|149534|-1
132770|149578|-1
132770|150605|-1
132770|151743|-1
132770|152499|-1
132770|152575|-1
132770|153253|-1
132770|153489|-1
132770|154012|-1
132770|154069|-1
133275|45232|-1
133275|133706|-1
133275|133970|-1
133275|135179|-1
133275|135223|-1
133275|136672|-1
133275|138730|-1
133275|139506|-1
133275|141265|-1
133275|141315|-1
133275|142525|-1
133275|149204|-1
133275|149222|-1
133275|149240|-1
133275|150650|-1
133275|151688|-1
133275|151732|-1
133275|153949|-1
133296|133720|-1
133296|135718|-1
133296|150027|-1
133296|38261|-1
133296|38625|-1
133296|45415|-1
133296|132335|-1
133296|132925|-1
133296|132996|-1
133296|133271|-1
133296|133597|-1
133296|133643|-1
133296|133966|-1
133296|134272|-1
133296|134930|-1
133296|135222|-1
133296|135782|-1
133296|135822|-1
133296|135848|-1
133296|135884|-1
133296|136374|-1
133296|136654|-1
133296|136956|-1
133296|137035|-1
133296|137127|-1
133296|137645|-1
133296|137647|-1
133296|137681|-1
133296|138233|-1
133296|138783|-1
133296|139543|-1
133296|140133|-1
133296|141254|-1
133296|141324|-1
133296|141514|-1
133296|141523|-1
133296|141841|-1
133296|141842|-1
133296|146930|-1
133296|147199|-1
133296|149556|-1
133296|149589|-1
133296|150593|-1
133296|150623|-1
133296|150636|-1
133296|151106|-1
133296|151681|-1
133296|152565|-1
133296|153293|-1
133296|153393|-1
133296|154239|-1
133676|133707|-1
133676|133980|-1
133676|134041|-1
133676|134270|-1
133676|135255|-1
133676|135692|-1
133676|135729|-1
133676|135834|-1
133676|135836|-1
133676|136318|-1
133676|136664|-1
133676|136712|-1
133676|138221|-1
133676|139520|-1
133676|142488|-1
133676|149222|-1
133676|149240|-1
133676|150617|-1
133676|150619|-1
133676|151732|-1
133676|151734|-1
133676|134375|0
133720|132784|-1
133720|134881|-1
133720|135229|-1
133720|135825|-1
133720|138290|-1
133720|138312|-1
133720|138710|-1
133720|138738|-1
133720|139498|-1
133720|141267|-1
133720|141516|-1
133720|141786|-1
133720|146908|-1
133720|147193|-1
133720|147216|-1
133720|149230|-1
133720|149581|-1
133720|150067|-1
133720|150083|-1
133720|150573|-1
133720|150598|-1
133720|151084|-1
133720|151697|-1
133720|151701|-1
133720|152500|-1
133720|152544|-1
133720|153276|-1
133720|138771|0
133720|135884|0
135817|132751|-1
135817|133318|-1
135817|133694|-1
135817|134043|-1
135817|134294|-1
135817|135191|-1
135817|136710|-1
135817|136720|-1
135817|137655|-1
135817|139508|-1
135817|139547|-1
135817|140127|-1
135817|141294|-1
135817|141873|-1
135817|151119|-1
135817|151732|-1
135817|152542|-1
135817|153224|-1
136334|18196|-1
136334|38310|-1
136334|132988|-1
136334|133310|-1
136334|134873|-1
136334|134899|-1
136334|135184|-1
136334|135248|-1
136334|135268|-1
136334|135846|-1
136334|135854|-1
136334|136288|-1
136334|136316|-1
136334|137157|-1
136334|138290|-1
136334|138741|-1
136334|138787|-1
136334|138791|-1
136334|140180|-1
136334|140206|-1
136334|141485|-1
136334|141526|-1
136334|141830|-1
136334|142531|-1
136334|147220|-1
136334|147254|-1
136334|147263|-1
136334|149184|-1
136334|149193|-1
136334|149195|-1
136334|149221|-1
136334|149235|-1
136334|150635|-1
136334|151118|-1
136334|151150|-1
136334|151168|-1
136334|151694|-1
136334|151707|-1
136334|151741|-1
136334|151815|-1
136334|152553|-1
136334|153253|-1
136334|153851|-1
136334|138296|0
137085|58678|-1
137085|132116|-1
137085|133001|-1
137085|151690|-1
137085|132323|-1
137085|133320|-1
137085|133712|-1
137085|133987|-1
137085|134276|-1
137085|134300|-1
137085|135182|-1
137085|135208|-1
137085|135738|-1
137085|135831|-1
137085|136294|-1
137085|137154|-1
137085|137174|-1
137085|138772|-1
137085|138773|-1
137085|140122|-1
137085|141553|-1
137085|141820|-1
137085|142443|-1
137085|146875|-1
137085|146898|-1
137085|147194|-1
137085|147222|-1
137085|147277|-1
137085|149181|-1
137085|149186|-1
137085|149196|-1
137085|149197|-1
137085|149208|-1
137085|149240|-1
137085|149242|-1
137085|149246|-1
137085|150011|-1
137085|150015|-1
137085|150045|-1
137085|151698|-1
137085|151714|-1
137085|151718|-1
137085|152571|-1
137085|153215|-1
137085|154015|-1
137085|140171|0
137085|133680|0
140171|132778|-1
140171|133300|-1
140171|133658|-1
140171|134860|-1
140171|135789|-1
140171|136328|-1
140171|138760|-1
140171|139514|-1
140171|139529|-1
140171|141517|-1
140171|149240|-1
140171|149610|-1
140171|150597|-1
140171|152565|-1
140171|154360|-1
140171|9583|0
140171|55836|0
140171|133001|0
140171|153216|0
140171|141317|0
140171|133647|0
140171|133695|0
140641|133296|-1
140641|146943|-1
140641|9558|-1
140641|45854|-1
140641|55705|-1
140641|56201|-1
140641|59187|-1
140641|132417|-1
140641|132925|-1
140641|132983|-1
140641|133294|-1
140641|133386|-1
140641|134303|-1
140641|134926|-1
140641|135133|-1
140641|135383|-1
140641|136171|-1
140641|137488|-1
140641|140218|-1
140641|141004|-1
140641|147177|-1
140641|149573|-1
140641|150044|-1
140641|150055|-1
140641|150093|-1
140641|151117|-1
140641|151120|-1
140641|151685|-1
140641|151734|-1
140641|151774|-1
140641|152507|-1
140641|152543|-1
140641|152686|-1
140641|153228|-1
140641|153291|-1
140641|153294|-1
140641|153300|-1
140641|153328|-1
140641|153842|-1
140641|153845|-1
140641|55836|0
151690|45804|-1
151690|140171|-1
151690|133647|-1
151690|134297|-1
151690|134933|-1
151690|135177|-1
151690|135792|-1
151690|136332|-1
151690|138756|-1
151690|141317|-1
151690|141480|-1
151690|141538|-1
151690|149557|-1
151690|149610|-1
151690|150040|-1
151690|151149|-1
151690|151698|-1
151690|151709|-1
151690|151767|-1
151690|152518|-1
151690|152538|-1
151690|153255|-1
151690|153281|-1
151690|154140|-1
151690|132296|0
151690|150586|0
151690|136342|0
151755|146943|-1
151755|132420|-1
151755|55836|0
9583|45804|-1
9583|45820|-1
9583|55836|-1
9583|58678|-1
9583|132215|-1
9583|133275|-1
9583|133296|-1
9583|135817|-1
9583|136946|-1
9583|138296|-1
9583|9836|-1
9583|9941|-1
9583|17436|-1
9583|17483|-1
9583|17625|-1
9583|17747|-1
9583|17817|-1
9583|23860|-1
9583|24109|-1
9583|24178|-1
9583|24448|-1
9583|38476|-1
9583|38573|-1
9583|38799|-1
9583|45235|-1
9583|45415|-1
9583|45536|-1
9583|45582|-1
9583|45596|-1
9583|45636|-1
9583|55333|-1
9583|55764|-1
9583|55780|-1
9583|55806|-1
9583|55839|-1
9583|56056|-1
9583|56209|-1
9583|58659|-1
9583|59187|-1
9583|59194|-1
9583|131169|-1
9583|131302|-1
9583|132506|-1
9583|132527|-1
9583|132566|-1
9583|132781|-1
9583|132933|-1
9583|132960|-1
9583|132964|-1
9583|132976|-1
9583|133005|-1
9583|133228|-1
9583|133230|-1
9583|133234|-1
9583|133238|-1
9583|133265|-1
9583|133266|-1
9583|133271|-1
9583|133278|-1
9583|133315|-1
9583|133388|-1
9583|133552|-1
9583|133647|-1
9583|133678|-1
9583|133692|-1
9583|133694|-1
9583|133698|-1
9583|133971|-1
9583|133975|-1
9583|133989|-1
9583|134021|-1
9583|134294|-1
9583|134319|-1
9583|134331|-1
9583|134375|-1
9583|134858|-1
9583|134868|-1
9583|134874|-1
9583|134909|-1
9583|134928|-1
9583|134944|-1
9583|135082|-1
9583|135253|-1
9583|135269|-1
9583|135397|-1
9583|135745|-1
9583|135760|-1
9583|135799|-1
9583|135808|-1
9583|135847|-1
9583|135851|-1
9583|136252|-1
9583|136284|-1
9583|136295|-1
9583|136312|-1
9583|136374|-1
9583|136470|-1
9583|136625|-1
9583|136714|-1
9583|136932|-1
9583|136956|-1
9583|137107|-1
9583|137108|-1
9583|137115|-1
9583|137127|-1
9583|137128|-1
9583|137130|-1
9583|137176|-1
9583|137632|-1
9583|137639|-1
9583|137678|-1
9583|139512|-1
9583|139522|-1
9583|140132|-1
9583|140141|-1
9583|140202|-1
9583|140540|-1
9583|140621|-1
9583|140687|-1
9583|141018|-1
9583|141252|-1
9583|141253|-1
9583|141308|-1
9583|141324|-1
9583|141464|-1
9583|141529|-1
9583|141547|-1
9583|141561|-1
9583|141798|-1
9583|141816|-1
9583|141873|-1
9583|142289|-1
9583|142508|-1
9583|146908|-1
9583|149005|-1
9583|149258|-1
9583|149277|-1
9583|149278|-1
9583|149595|-1
9583|150057|-1
9583|150593|-1
9583|151118|-1
9583|151132|-1
9583|151692|-1
9583|151712|-1
9583|151716|-1
9583|151732|-1
9583|152502|-1
9583|152506|-1
9583|152547|-1
9583|152565|-1
9583|153272|-1
9583|154068|-1
9583|154138|-1
9583|154174|-1
9583|214122|-1
9583|134922|0
9583|149202|0
9583|149655|0
9583|132717|0
9583|141881|0
9583|146870|0
9583|38204|0
9583|9223|0
9583|134896|0
9583|55779|0
9583|138310|0
9583|150383|0
9583|151172|0
9583|137104|0
9583|150029|0
9583|152341|0
9583|141420|0
9583|134931|0
136946|140171|-1
136946|132746|-1
136946|135258|-1
136946|136319|-1
136946|138291|-1
7494|135772|-1
55352|138296|-1
55352|24554|-1
55352|38310|-1
55352|45243|-1
55352|131181|-1
55352|132752|-1
55352|133984|-1
55352|133996|-1
55352|134254|-1
55352|134899|-1
55352|135189|-1
55352|135207|-1
55352|135241|-1
55352|135737|-1
55352|137100|-1
55352|138312|-1
55352|138738|-1
55352|138790|-1
55352|139557|-1
55352|139560|-1
55352|140157|-1
55352|141268|-1
55352|141271|-1
55352|141559|-1
55352|149235|-1
55352|149587|-1
55352|151415|-1
55352|153581|-1
55352|153676|-1
55352|154163|-1
55352|55836|0
133001|138296|-1
133001|45916|-1
133001|55341|-1
133001|58763|-1
133001|134008|-1
133001|134307|-1
133001|134886|-1
133001|135781|-1
133001|135846|-1
133001|137093|-1
133001|137100|-1
133001|138411|-1
133001|139558|-1
133001|139566|-1
133001|141281|-1
133001|141317|-1
133001|141493|-1
133001|141854|-1
133001|141876|-1
133001|147254|-1
133001|149201|-1
133001|149616|-1
133001|150584|-1
133001|154193|-1
133001|150593|0
133001|137645|0
135772|136697|-1
135772|136704|-1
135772|142511|-1
146943|45815|-1
146943|132335|-1
146943|134465|-1
146943|137564|-1
146943|152491|-1
146943|152710|-1
146943|153531|-1
146943|55836|0
150596|58965|-1
150596|59162|-1
150596|134884|-1
150596|135799|-1
150596|139541|-1
18101|138754|-1
18101|17495|-1
18101|55474|-1
18101|58405|-1
18101|58971|-1
18101|132323|-1
18101|133686|-1
18101|135247|-1
18101|135775|-1
18101|136685|-1
18101|137111|-1
18101|139478|-1
18101|139794|-1
18101|149595|-1
18101|151708|-1
18101|151716|-1
18101|152493|-1
55836|18229|-1
55836|133296|-1
55836|4797|-1
55836|17436|-1
55836|17466|-1
55836|17903|-1
55836|23664|-1
55836|23957|-1
55836|24084|-1
55836|24332|-1
55836|24471|-1
55836|24574|-1
55836|38021|-1
55836|38185|-1
55836|38204|-1
55836|38312|-1
55836|38529|-1
55836|38536|-1
55836|38743|-1
55836|38799|-1
55836|38874|-1
55836|45148|-1
55836|45596|-1
55836|45747|-1
55836|55474|-1
55836|55479|-1
55836|55705|-1
55836|58522|-1
55836|59163|-1
55836|131235|-1
55836|131283|-1
55836|131473|-1
55836|132043|-1
55836|132239|-1
55836|132378|-1
55836|132401|-1
55836|132520|-1
55836|132542|-1
55836|132785|-1
55836|132968|-1
55836|132989|-1
55836|133259|-1
55836|133262|-1
55836|133266|-1
55836|133276|-1
55836|133725|-1
55836|133992|-1
55836|134016|-1
55836|134856|-1
55836|134909|-1
55836|134910|-1
55836|134912|-1
55836|135188|-1
55836|135205|-1
55836|135238|-1
55836|135240|-1
55836|135244|-1
55836|135257|-1
55836|135734|-1
55836|135757|-1
55836|135780|-1
55836|135804|-1
55836|135869|-1
55836|135871|-1
55836|136166|-1
55836|136352|-1
55836|136683|-1
55836|136692|-1
55836|136707|-1
55836|137611|-1
55836|137615|-1
55836|138202|-1
55836|138304|-1
55836|138696|-1
55836|138739|-1
55836|139489|-1
55836|139516|-1
55836|139517|-1
55836|139540|-1
55836|139568|-1
55836|140124|-1
55836|140187|-1
55836|141202|-1
55836|141222|-1
55836|141330|-1
55836|141388|-1
55836|141416|-1
55836|141509|-1
55836|141515|-1
55836|141728|-1
55836|141843|-1
55836|141855|-1
55836|142490|-1
55836|142533|-1
55836|146886|-1
55836|146890|-1
55836|146907|-1
55836|146926|-1
55836|146940|-1
55836|147183|-1
55836|147186|-1
55836|147273|-1
55836|149202|-1
55836|149220|-1
55836|149546|-1
55836|149552|-1
55836|149600|-1
55836|149621|-1
55836|149856|-1
55836|150339|-1
55836|150647|-1
55836|151086|-1
55836|151121|-1
55836|151325|-1
55836|151716|-1
55836|151845|-1
55836|152487|-1
55836|152488|-1
55836|152497|-1
55836|152508|-1
55836|153056|-1
55836|153248|-1
55836|154024|-1
55836|154138|-1
55836|58678|0
55836|134012|0
55836|152565|0
55836|55470|0
55836|136306|0
55836|132717|0
55836|9430|0
55836|45184|0
55836|135253|0
55836|132774|0
55836|135872|0
55836|136308|0
55836|17747|0
55836|56201|0
55836|149268|0
55836|137107|0
55836|17917|0
55836|141253|0
55836|45916|0
55836|17488|0
55836|59179|0
55836|7633|0
55836|135133|0
58678|132956|-1
58678|133670|-1
58678|134329|-1
58678|135175|-1
58678|135229|-1
58678|135239|-1
58678|135715|-1
58678|135834|-1
58678|136651|-1
58678|137672|-1
58678|137679|-1
58678|138267|-1
58678|138272|-1
58678|138312|-1
58678|138317|-1
58678|138743|-1
58678|139526|-1
58678|141148|-1
58678|141540|-1
58678|141837|-1
58678|142506|-1
58678|146860|-1
58678|149020|-1
58678|150021|-1
58678|150569|-1
58678|150644|-1
58678|150657|-1
58678|151149|-1
58678|151736|-1
58678|152537|-1
58678|152542|-1
58678|153734|-1
58678|153761|-1
58678|137083|0
138296|135733|-1
138296|135762|-1
138296|135788|-1
138296|137004|-1
138296|137596|-1
138296|137619|-1
138296|137625|-1
138296|138255|-1
138296|141514|-1
138296|141805|-1
138296|142476|-1
138296|149187|-1
138296|149211|-1
138296|149585|-1
138296|152550|-1
138296|141846|0
134922|17426|-1
134922|134860|-1
134922|135212|-1
134922|135259|-1
134922|136332|-1
134922|137678|-1
134922|146904|-1
134922|135709|0
45194|18196|-1
45194|45243|-1
45194|133315|-1
45194|134014|-1
45194|134248|-1
45194|135733|-1
45194|135737|-1
45194|135762|-1
45194|137142|-1
45194|141271|-1
45194|141514|-1
135718|133662|-1
135718|134012|-1
135718|134290|-1
135718|134301|-1
135718|135254|-1
135718|135861|-1
135718|136340|-1
135718|136670|-1
135718|137093|-1
135718|137150|-1
135718|137151|-1
135718|137154|-1
135718|137249|-1
135718|137604|-1
135718|139483|-1
135718|139558|-1
135718|140201|-1
135718|141296|-1
135718|141319|-1
135718|141510|-1
135718|141797|-1
135718|141862|-1
135718|141866|-1
135718|141874|-1
135718|146917|-1
135718|146936|-1
135718|147259|-1
135718|149531|-1
135718|149544|-1
135718|149588|-1
135718|149601|-1
135718|150018|-1
135718|150028|-1
135718|150053|-1
135718|150059|-1
135718|150103|-1
135718|150639|-1
135718|150643|-1
135718|151101|-1
135718|151127|-1
135718|151706|-1
135718|151707|-1
135718|151776|-1
135718|153262|-1
135718|45916|0
150027|150596|-1
150027|133232|-1
150027|133591|-1
150027|133982|-1
150027|133993|-1
150027|134006|-1
150027|137656|-1
150027|138312|-1
150027|141338|-1
150027|141514|-1
132220|55832|-1
132220|134850|-1
132220|137127|-1
132220|139560|-1
132220|149535|-1
132220|151128|-1
132220|151747|-1
134026|136946|-1
134026|152572|-1
59162|58965|-1
59162|59163|-1
59162|59167|-1
59162|133278|-1
59162|134282|-1
59162|134861|-1
59162|134945|-1
59162|135712|-1
59162|136698|-1
59162|137593|-1
59162|138220|-1
59162|149250|-1
59162|150627|-1
59162|150629|-1
59162|151732|-1
59162|152516|-1
59162|133647|0
55824|2697|-1
55824|4758|-1
55824|23770|-1
55824|38185|-1
55824|55296|-1
55824|55433|-1
55824|55446|-1
55824|55479|-1
55824|55566|-1
55824|55847|-1
55824|56166|-1
55824|58758|-1
55824|59163|-1
55824|59189|-1
55824|59193|-1
55824|131226|-1
55824|132043|-1
55824|132423|-1
55824|132524|-1
55824|132749|-1
55824|132780|-1
55824|132995|-1
55824|133002|-1
55824|133037|-1
55824|133233|-1
55824|133260|-1
55824|133273|-1
55824|133313|-1
55824|133644|-1
55824|133723|-1
55824|134023|-1
55824|134322|-1
55824|134819|-1
55824|134822|-1
55824|134934|-1
55824|135173|-1
55824|135730|-1
55824|135769|-1
55824|135835|-1
55824|136005|-1
55824|136291|-1
55824|136304|-1
55824|136656|-1
55824|136659|-1
55824|136667|-1
55824|136701|-1
55824|136702|-1
55824|137136|-1
55824|137590|-1
55824|137646|-1
55824|137661|-1
55824|137671|-1
55824|138155|-1
55824|138231|-1
55824|138247|-1
55824|138727|-1
55824|140033|-1
55824|140110|-1
55824|140170|-1
55824|140192|-1
55824|140200|-1
55824|141270|-1
55824|141288|-1
55824|141295|-1
55824|141306|-1
55824|141340|-1
55824|141478|-1
55824|141501|-1
55824|141507|-1
55824|142501|-1
55824|142502|-1
55824|147239|-1
55824|148000|-1
55824|149265|-1
55824|149607|-1
55824|152576|-1
55824|153213|-1
55824|153227|-1
55824|153605|-1
55824|154001|-1
55824|154296|-1
135806|134914|-1
135806|139529|-1
135806|147264|-1
147264|135254|-1
135259|135685|-1
135259|136346|-1
135259|136361|-1
135259|137159|-1
135259|149537|-1
136361|132926|-1
134021|135170|-1
134021|136688|-1
134337|136645|-1
134337|138751|-1
146919|135697|-1
146919|137113|-1
146919|139562|-1
135697|151133|-1
137681|136676|-1
137681|141300|-1
137681|141845|-1
134022|141540|-1
152547|133986|-1
134918|141318|-1
139501|4758|0
4758|135860|0
4758|132767|0
4758|140170|0
134012|139560|-1
45528|38021|-1
45528|132108|-1
45528|132946|-1
45528|136685|-1
45528|152539|-1
140174|138755|-1
140174|141791|-1
140174|146877|-1
133982|135814|-1
133982|137124|-1
133982|138732|-1
133982|139560|-1
58906|135862|-1
58906|150640|-1
132784|152551|-1
147224|149253|-1
147224|151093|-1
133232|133993|-1
133993|141514|-1
132787|38233|-1
152565|44331|-1
152565|136636|-1
152565|141536|-1
152565|147199|-1
152565|153366|-1
152565|153473|-1
152565|153564|-1
152565|153791|-1
152565|154024|-1
152565|154115|-1
152565|213574|-1
152565|55470|0
141536|138297|-1
55470|134320|-1
55470|134327|-1
55470|138253|-1
55470|151845|-1
55470|153786|-1
55470|154323|-1
55470|212306|-1
55470|213711|-1
137655|149561|-1
56268|133297|-1
56268|135724|-1
56268|141556|-1
135724|142454|-1
135724|142513|-1
133968|139560|-1
133968|141574|-1
133968|132296|0
132296|18196|-1
132296|135703|-1
132296|137169|-1
132296|141574|-1
132296|151765|-1
132296|153255|-1
132296|154282|-1
134293|142499|-1
134293|153714|-1
137677|136449|-1
137677|137160|-1
137677|150017|-1
134885|147223|-1
141480|150021|-1
141480|152490|-1
141480|135795|0
135795|133244|-1
135795|133592|-1
135795|135747|-1
135795|135785|-1
135795|136347|-1
135795|138781|-1
135795|141243|-1
135693|141265|0
141265|133976|-1
141265|136372|-1
135709|135814|-1
135709|38029|0
147279|58457|-1
147279|133660|-1
147279|139564|-1
133660|137638|-1
135851|136297|-1
135851|137118|-1
135851|137151|-1
135851|137607|-1
135851|150106|-1
135851|151703|-1
135851|152536|-1
137118|133705|-1
146944|132961|-1
146944|136700|-1
132961|132559|0
136700|142446|-1
150577|154173|-1
140121|133660|-1
140121|133707|-1
140121|139554|-1
138257|134864|-1
141324|142447|-1
141324|149212|-1
141324|149216|-1
141324|151082|-1
141324|152504|-1
141324|154052|-1
136306|140114|-1
151152|134004|-1
136284|134292|-1
136284|134939|-1
136284|136355|-1
136284|137669|-1
136284|138232|-1
136284|138272|-1
136284|139574|-1
136284|140164|-1
136284|141338|-1
136284|146850|-1
136284|147223|-1
136284|147236|-1
136284|147243|-1
136284|150019|-1
136284|151156|-1
136284|153926|-1
136284|154104|-1
139574|149615|-1
137157|149269|-1
137157|150010|-1
134907|139527|-1
134907|146868|-1
138283|151154|-1
55577|154333|-1
137591|133727|-1
17465|17771|-1
17465|133691|-1
17465|137624|-1
17465|142470|-1
132717|135220|-1
132717|140154|-1
132717|149600|-1
9430|133653|-1
9430|151733|-1
138244|134904|-1
138244|136375|-1
138244|152485|-1
138244|154063|-1
141317|135715|-1
141317|136278|-1
141317|141533|-1
142488|147231|-1
17426|55494|-1
17426|132937|-1
17426|135299|-1
17426|149573|-1
17426|153257|-1
134375|55470|-1
134375|59195|-1
134375|135031|-1
134375|139520|-1
134375|142510|-1
134375|146851|-1
134375|151691|-1
151691|45148|-1
149584|134013|-1
151734|152523|-1
138311|134254|-1
138311|135744|-1
138311|135814|-1
138311|146850|-1
138311|147243|-1
138311|154094|-1
135744|153926|-1
132559|133289|-1
132559|135702|-1
132559|137133|-1
132559|138225|-1
132559|139564|-1
132559|140121|-1
132559|141565|-1
132559|142477|-1
132559|150050|-1
132559|151760|-1
132559|153208|-1
132559|154027|-1
137609|135874|-1
136300|141788|-1
137210|139553|-1
139531|154391|-1
142501|148000|-1
140132|135761|-1
140132|137095|-1
140132|139549|-1
140132|140165|-1
140132|141285|-1
137095|136713|-1
133692|136722|-1
134326|59179|-1
134326|135209|-1
134326|136326|-1
134326|138739|-1
134326|150625|-1
134326|153931|-1
59179|133223|-1
59179|136335|-1
59179|137649|-1
142453|141248|-1
132751|137668|-1
149535|137004|-1
149535|137127|-1
149535|149589|-1
137127|141243|-1
137127|141805|-1
137127|142444|-1
137127|142469|-1
137127|147193|-1
137127|150043|-1
149589|150593|0
132566|150058|-1
133278|132166|-1
133278|134318|-1
133278|134335|-1
133278|134861|-1
133278|134943|-1
133278|135699|-1
133278|135712|-1
133278|137168|-1
133278|138287|-1
133278|139555|-1
133278|141823|-1
133278|152582|-1
134861|141827|-1
133693|137630|-1
133693|146864|-1
133693|147203|-1
136289|150073|-1
135247|135814|-1
141549|133037|-1
132996|135721|-1
132996|135728|-1
132996|151750|-1
132996|151753|-1
153756|135834|-1
135834|135783|-1
135834|147267|-1
135834|150637|-1
135834|151121|-1
141254|154136|-1
134860|151715|-1
133647|133718|-1
133647|135778|-1
133647|135786|-1
133647|135792|-1
133647|136696|-1
133647|140108|-1
133647|141541|-1
133647|141571|-1
133647|142461|-1
133647|149582|-1
133647|151732|0
136696|142461|-1
136696|150592|-1
151732|132977|-1
151732|134058|-1
151732|134286|-1
151732|135778|-1
151732|138766|-1
151732|139508|-1
151732|141865|-1
151732|146901|-1
151732|149250|-1
151732|149582|-1
151732|149584|-1
151732|151116|-1
151732|152516|-1
151732|152519|-1
149617|135687|-1
149617|138245|-1
149617|149260|-1
135687|137121|-1
135687|138759|-1
45184|135679|-1
45184|136642|-1
136642|132999|-1
136642|138733|-1
136303|134894|-1
134928|45433|-1
134928|134324|-1
134928|135682|-1
45433|132926|-1
134316|135224|-1
134316|136294|-1
134316|138298|-1
134316|138718|-1
134316|141481|-1
134316|141818|-1
134316|150562|-1
134316|151148|-1
134316|151729|-1
151729|133712|-1
141322|133654|-1
141322|134939|-1
141322|135364|-1
141322|135695|-1
141322|149529|-1
141322|150037|-1
135364|154057|-1
135253|132563|-1
135253|137643|-1
132563|146867|-1
132563|146912|-1
132563|147251|-1
141277|132778|0
149526|152515|-1
135422|137389|-1
140177|153253|-1
45415|132573|-1
136714|134352|-1
133255|132978|-1
133255|133717|-1
133255|136342|-1
133255|138706|-1
133255|141488|-1
133255|147212|-1
133255|149261|-1
133255|153819|-1
136342|135256|-1
10029|45189|-1
10029|45851|-1
10029|58714|-1
10029|132753|-1
10029|134024|-1
10029|136325|-1
10029|137638|-1
10029|139489|-1
151741|134929|-1
151741|149234|-1
58762|139538|-1
58762|153289|-1
58762|135799|0
135852|133312|-1
135852|136481|-1
135852|141261|-1
135852|146855|-1
150605|132562|-1
136323|137161|-1
136323|153677|-1
140687|154019|-1
135846|151722|-1
149781|136230|-1
149781|137620|-1
149781|141794|-1
149781|149245|-1
149781|150151|-1
149781|152569|-1
58898|133284|-1
58898|134911|-1
58898|135202|-1
58898|135206|-1
58898|137620|-1
58898|146852|-1
58898|146929|-1
58898|152555|-1
23860|58971|-1
23860|132757|-1
23860|141856|-1
23860|149248|-1
23860|151757|-1
23860|153267|-1
135826|135727|-1
141262|132947|-1
141262|137249|-1
141262|149266|-1
17813|55847|-1
17813|135173|-1
135777|134291|-1
135777|142525|-1
135777|153283|-1
138771|151699|-1
138771|151701|-1
150570|137144|-1
150570|141837|-1
150570|150600|-1
150593|38310|-1
150593|133298|-1
150593|134866|-1
150593|135180|-1
150593|135364|-1
150593|135748|-1
150593|136651|-1
150593|136675|-1
150593|138771|-1
150593|147224|-1
150593|149224|-1
150593|152499|-1
150593|153239|-1
150593|141524|0
150593|149214|0
150593|152557|0
136312|141335|-1
45235|139567|-1
45235|147210|-1
146863|45148|-1
17625|17913|-1
17625|38053|-1
17625|132005|-1
17625|132937|-1
17625|132952|-1
17625|133242|-1
17625|133258|-1
17625|134001|-1
17625|134856|-1
17625|135245|-1
17625|136662|-1
17625|139494|-1
17625|141406|-1
17625|141453|-1
17625|149542|-1
17625|150076|-1
17625|150653|-1
17625|150694|-1
17625|151166|-1
17625|151179|-1
17625|153799|-1
17625|153956|-1
17625|154028|-1
152506|136644|-1
136644|141794|-1
131442|132497|-1
133593|58457|-1
133593|136715|-1
135810|141305|-1
135810|150058|-1
45942|132519|-1
45942|132547|-1
45942|132971|-1
45942|142417|-1
17483|134334|-1
17483|135177|-1
17483|138755|-1
17483|138765|-1
17483|149593|-1
133680|136629|-1
133680|137609|-1
133680|138778|-1
133680|141819|-1
133680|149605|-1
56272|133291|-1
56272|139493|-1
56272|140186|-1
56272|142493|-1
141243|134375|-1
132774|134869|-1
132774|135690|-1
132774|135859|-1
132774|141314|-1
132774|141525|-1
132774|141530|-1
132774|149217|-1
132774|149559|-1
132774|149566|-1
132774|150034|-1
132774|150069|-1
132774|150074|-1
152537|150644|-1
138783|135787|-1
135872|134302|-1
135872|135214|-1
135872|135253|-1
135872|147240|-1
58640|133990|-1
58640|134252|-1
136308|56224|-1
136308|133715|-1
136308|134259|-1
136308|135236|-1
136308|135774|-1
136308|139565|-1
136308|140204|-1
136308|142529|-1
136308|149548|-1
149240|133311|-1
149240|133986|-1
149240|134903|-1
149240|138230|-1
149240|138260|-1
149240|138711|-1
149240|139547|-1
149240|141252|-1
149240|141293|-1
149240|146860|-1
149240|149618|-1
149240|150586|-1
149240|150590|-1
149240|150618|-1
149240|153224|-1
149240|153302|-1
149240|133989|0
149240|141514|0
134903|140199|-1
133989|132783|-1
133989|134337|-1
133989|134936|-1
133989|134941|-1
133989|138751|-1
133989|138773|-1
133989|140108|-1
133989|141252|-1
133989|141486|-1
133989|153233|-1
133989|153256|-1
133989|153279|-1
141514|24392|-1
141514|134312|-1
141514|136676|-1
141514|141324|-1
141514|149272|-1
141514|150590|-1
141514|152537|-1
141514|153253|-1
140120|132562|-1
140120|142449|-1
133271|141870|-1
135686|132957|0
135686|136356|0
55947|146924|-1
133685|135765|-1
133685|147252|-1
134916|135839|-1
154011|135183|-1
137651|134315|-1
137651|135177|-1
133234|136303|-1
133234|137106|-1
133234|152545|-1
133315|24392|-1
147185|136656|-1
147185|139195|-1
139195|131181|-1
139195|133011|-1
139195|135835|-1
139195|150016|-1
135823|138319|-1
149591|136627|-1
137109|135364|-1
137109|137162|-1
137109|138280|-1
137109|138750|-1
137109|140120|-1
137109|147225|-1
137109|153955|-1
136634|134012|-1
136634|134293|-1
136634|135036|-1
136634|135221|-1
136634|136327|-1
136634|137174|-1
136634|137628|-1
136634|138671|-1
136634|138776|-1
136634|142471|-1
136634|142499|-1
136634|142526|-1
136634|147289|-1
133694|59187|-1
133694|132779|-1
133694|135752|-1
133694|135868|-1
133694|137156|-1
133694|139482|-1
133694|139507|-1
133694|140155|-1
133694|141302|-1
133694|141333|-1
133694|142464|-1
133694|142519|-1
133694|147287|-1
133694|149577|-1
133694|150075|-1
133694|152510|-1
133694|154044|-1
149224|137642|-1
149224|141832|-1
149224|150599|-1
141524|137122|-1
141524|141551|-1
149214|136285|-1
134283|135731|-1
134283|138769|-1
134283|153705|-1
24554|133710|-1
24554|139509|-1
147246|141813|-1
135248|136300|-1
135248|136723|-1
135248|146921|-1
135248|150579|-1
135248|153761|-1
17747|134875|-1
17747|142488|-1
134305|149226|-1
134294|151176|-1
134294|152535|-1
134312|137619|-1
18196|150602|-1
134932|133710|-1
134932|133988|-1
134932|138281|-1
134932|149267|-1
134932|151693|-1
134932|153274|-1
134303|142474|-1
134303|153950|-1
55644|18207|-1
55644|38266|-1
55644|45271|-1
55644|45469|-1
55644|45528|-1
55644|45648|-1
55644|64088|-1
55644|132329|-1
55644|133234|-1
55644|134927|-1
55644|135227|-1
55644|136342|-1
55644|151763|-1
18207|56290|-1
18207|135404|-1
45648|138747|-1
137645|135268|-1
137645|150584|-1
149596|135686|-1
135705|149236|-1
135705|152527|-1
132137|135205|-1
132137|140177|-1
149251|138565|-1
149251|139575|-1
149251|141310|-1
150008|135724|-1
150008|135780|-1
150008|136371|-1
150008|137651|-1
150008|138731|-1
150008|140121|-1
150008|141329|-1
150008|147279|-1
150008|151775|-1
140148|151711|-1
45815|137147|-1
149570|146853|-1
147254|141281|-1
133712|132717|-1
133712|141825|-1
45884|146868|-1
55353|132945|-1
55353|141258|-1
55353|142027|-1
153870|134274|-1
153870|140113|-1
153870|142476|-1
153870|149195|-1
153870|149272|-1
153870|150572|-1
153870|152566|-1
132445|135619|-1
135848|142509|-1
135848|153271|-1
135848|153299|-1
138277|134945|-1
138277|151772|-1
55879|134317|-1
55879|151145|-1
137083|140148|-1
137083|150570|-1
150609|134286|-1
149020|44331|-1
134877|134903|-1
134877|134906|-1
134877|135796|-1
134877|136344|-1
134877|136368|-1
134877|138782|-1
134877|139477|-1
134877|140115|-1
134877|146881|-1
134877|150074|-1
134863|133008|-1
59185|59173|-1
153270|58765|-1
58765|138767|-1
58765|146941|-1
151157|151093|-1
132754|132932|-1
132754|151115|-1
133007|141294|-1
146904|133318|-1
146904|134936|-1
146904|135821|-1
146904|137667|-1
146904|141542|-1
146904|149247|-1
59165|133653|-1
59165|134323|-1
59165|136719|-1
132768|132955|-1
134282|135182|0
135847|137680|-1
131459|151086|-1
142502|148000|-1
149258|149588|-1
136695|141480|-1
133661|132955|-1
133661|133964|-1
133661|134040|-1
133661|139560|-1
133661|150042|-1
134033|140174|-1
134033|141834|-1
59178|151717|-1
133594|134271|-1
133594|137608|-1
133594|138801|-1
133594|149547|-1
133594|154181|-1
133652|152509|-1
135212|140159|-1
135212|140205|-1
136343|151127|-1
135843|133667|-1
134034|133908|-1
134034|134887|-1
134034|142493|-1
137150|135867|-1
137150|153714|-1
153258|147260|-1
137678|135766|-1
137678|150046|-1
137678|151735|-1
134041|135215|-1
134041|135866|-1
134041|142468|-1
134041|146911|-1
134041|147305|-1
134041|148992|-1
134041|149206|-1
134041|150632|-1
134041|152525|-1
134041|153229|-1
134041|153733|-1
134944|150633|-1
134944|152578|-1
142485|141873|-1
142485|147255|-1
142485|152498|-1
137172|149236|-1
133317|132518|-1
133317|153251|-1
134884|139497|-1
17917|59183|-1
17917|133700|-1
17917|134889|-1
17917|135251|-1
17917|139788|-1
17917|147257|-1
138317|150605|-1
141253|133317|-1
141253|149586|-1
141253|149794|-1
141253|150619|-1
137166|154299|-1
137163|154277|-1
147195|134914|-1
147195|137652|-1
147195|138761|-1
147195|153262|-1
135811|133713|-1
133981|135695|-1
137000|58725|-1
137000|134907|-1
137000|136716|-1
137000|154305|-1
45582|45884|-1
45582|134938|-1
45582|135226|-1
45582|136290|-1
45582|136307|-1
45582|141858|-1
45582|149227|-1
45582|151114|-1
45582|154026|-1
45916|17913|-1
45916|45235|-1
45916|133246|-1
45916|137622|-1
45916|138251|-1
45916|139490|-1
45916|139567|-1
45916|150576|-1
45916|151707|-1
138251|154133|-1
139490|142459|-1
139490|154026|-1
151707|45661|-1
151707|141876|-1
150022|137152|-1
150022|149255|-1
150022|153704|-1
131262|139527|-1
134937|58763|-1
134937|132758|-1
134937|133724|-1
134937|134047|-1
134937|134258|-1
134937|134307|-1
134937|136316|-1
134937|136365|-1
134937|151700|-1
141492|136723|-1
141492|149549|-1
45769|9830|-1
45769|17443|-1
45769|133590|-1
45769|134022|-1
45769|134345|-1
45769|134870|-1
45769|142470|-1
45284|134918|-1
45284|135875|-1
45284|136335|-1
45284|136706|-1
45284|149541|-1
136956|153722|-1
132923|153045|-1
141815|147192|-1
137654|136692|-1
17488|137165|-1
17488|141246|-1
17488|151179|-1
132453|134006|-1
135383|134044|-1
135383|153950|-1
132933|151764|-1
141519|135220|-1
134257|141787|-1
134257|149591|-1
134257|153678|-1
148003|148000|-1
132960|58590|-1
132960|131463|-1
136374|132568|-1
136374|149219|-1
134331|132761|-1
134331|132935|-1
134331|150080|-1
134331|151137|-1
132761|132984|-1
135235|151769|-1
141312|23901|-1
141312|38529|-1
141312|55764|-1
141312|64088|-1
141312|137673|-1
141312|151778|-1
133648|132535|-1
133648|135723|-1
133648|136305|-1
133648|136705|-1
133648|149271|-1
141831|147221|-1
7633|2697|-1
7633|23726|-1
7633|45815|-1
7633|137147|-1
7633|148000|-1
135884|45415|-1
135269|138258|-1
135269|138790|-1
135269|139518|-1
135269|142535|-1
135269|146894|-1
55441|17908|-1
135760|136311|-1
135760|138302|-1
135760|140151|-1
135760|150014|-1
135760|153264|-1
140151|134340|-1
141846|133249|-1
139543|147224|-1
10225|149621|-1
132420|132208|-1
132420|134891|-1
132420|136505|-1
132420|136607|-1
132420|139063|-1
132420|147237|-1
132420|150044|-1
132420|150064|-1
132420|150140|-1
141014|141824|-1
141014|153234|-1
151704|154317|-1
151704|213186|-1
151704|214441|-1
151704|215228|-1
132335|134465|-1
132335|136650|-1
132335|137564|-1
132335|149013|-1
132335|149580|-1
132335|150024|-1
132335|150052|-1
132335|151335|-1
132335|152710|-1
132335|153040|-1
132335|153209|-1
136664|150617|-1
136362|152530|-1
153292|150581|-1
146902|132559|-1
146902|134873|-1
146902|150056|-1
134674|141519|-1
134674|141846|-1
134674|151729|-1
134674|153241|-1
151712|133283|-1
132934|134928|-1
132934|141309|-1
132934|141799|-1
138787|137619|-1
134942|151751|-1
136641|138259|-1
136654|135850|-1
141308|141879|-1
131210|138747|-1
134014|134001|-1
134014|137123|-1
134014|140128|-1
134014|146894|-1
134014|146931|-1
134014|147265|-1
132781|153318|-1
