# SCION combined ISD topology FR
#
# Format:
# provider_ASN|customer_ASN|-1
# peer_ASN1|peer_ASN2|0
5511|3215|-1
5511|16276|-1
5511|29075|-1
5511|30781|-1
5511|31216|-1
5511|35625|-1
5511|39801|-1
5511|49434|-1
5511|62000|-1
5511|2280|-1
5511|2285|-1
5511|2287|-1
5511|5583|-1
5511|8304|-1
5511|8309|-1
5511|8362|-1
5511|8528|-1
5511|8554|-1
5511|8723|-1
5511|12807|-1
5511|12811|-1
5511|12826|-1
5511|12876|-1
5511|15436|-1
5511|15681|-1
5511|16189|-1
5511|20917|-1
5511|20986|-1
5511|25113|-1
5511|25215|-1
5511|25540|-1
5511|25593|-1
5511|28708|-1
5511|28855|-1
5511|29110|-1
5511|29283|-1
5511|29605|-1
5511|29608|-1
5511|31167|-1
5511|33392|-1
5511|34177|-1
5511|34444|-1
5511|35676|-1
5511|39180|-1
5511|39286|-1
5511|41690|-1
5511|43717|-1
5511|43930|-1
5511|49763|-1
5511|50124|-1
5511|50583|-1
5511|50664|-1
5511|50812|-1
5511|50903|-1
5511|56987|-1
5511|57839|-1
5511|57902|-1
5511|58011|-1
5511|59877|-1
5511|197205|-1
5511|197500|-1
5511|198551|-1
5511|198792|-1
5511|199426|-1
5511|199749|-1
5511|202045|-1
5511|203532|-1
5511|204202|-1
5511|206002|-1
5511|207147|-1
5511|207410|-1
5511|209163|-1
5511|209304|-1
5511|209815|-1
5511|209823|-1
5511|211846|-1
3215|2103|-1
3215|2278|-1
3215|2286|-1
3215|3259|-1
3215|3295|-1
3215|3296|-1
3215|3298|-1
3215|3299|-1
3215|5410|-1
3215|8255|-1
3215|8362|-1
3215|8399|-1
3215|8839|-1
3215|8891|-1
3215|8908|-1
3215|8921|-1
3215|9089|-1
3215|9159|-1
3215|12601|-1
3215|12696|-1
3215|13034|-1
3215|13223|-1
3215|15401|-1
3215|16028|-1
3215|16071|-1
3215|16236|-1
3215|16254|-1
3215|21272|-1
3215|24600|-1
3215|24711|-1
3215|24763|-1
3215|25540|-1
3215|28708|-1
3215|28768|-1
3215|29104|-1
3215|29152|-1
3215|29322|-1
3215|29513|-1
3215|31178|-1
3215|31660|-1
3215|34391|-1
3215|34542|-1
3215|35169|-1
3215|35665|-1
3215|36511|-1
3215|39180|-1
3215|39444|-1
3215|39509|-1
3215|39534|-1
3215|39567|-1
3215|39583|-1
3215|39931|-1
3215|42369|-1
3215|43249|-1
3215|43342|-1
3215|43734|-1
3215|44850|-1
3215|47127|-1
3215|47548|-1
3215|47818|-1
3215|47820|-1
3215|48125|-1
3215|49152|-1
3215|50036|-1
3215|50446|-1
3215|50982|-1
3215|51326|-1
3215|51630|-1
3215|51870|-1
3215|52034|-1
3215|52039|-1
3215|56774|-1
3215|57226|-1
3215|60427|-1
3215|60620|-1
3215|60686|-1
3215|60697|-1
3215|60749|-1
3215|61086|-1
3215|64444|-1
3215|196869|-1
3215|197036|-1
3215|197133|-1
3215|197161|-1
3215|197484|-1
3215|197744|-1
3215|198330|-1
3215|198340|-1
3215|198952|-1
3215|199117|-1
3215|199140|-1
3215|199233|-1
3215|200102|-1
3215|200310|-1
3215|200339|-1
3215|200589|-1
3215|201246|-1
3215|202669|-1
3215|202757|-1
3215|202898|-1
3215|203041|-1
3215|203500|-1
3215|203984|-1
3215|204207|-1
3215|204344|-1
3215|204869|-1
3215|205862|-1
3215|206155|-1
3215|206399|-1
3215|206709|-1
3215|206713|-1
3215|206865|-1
3215|206903|-1
3215|207430|-1
3215|207988|-1
3215|208353|-1
3215|208482|-1
3215|208678|-1
3215|208953|-1
3215|209678|-1
3215|209760|-1
3215|211073|-1
3215|211978|-1
3215|212012|-1
3215|212208|-1
3215|212576|-1
3215|212709|-1
3215|216413|-1
3215|35280|0
3215|8218|0
3215|34019|0
3215|29075|0
3215|47957|0
3215|209823|0
3215|50628|0
3215|52075|0
3215|8487|0
3215|34177|0
16276|35540|-1
16276|51078|-1
16276|51306|-1
16276|52221|-1
16276|64476|-1
16276|199064|-1
16276|201693|-1
16276|205801|-1
16276|208796|-1
16276|211194|-1
16276|211377|-1
16276|211617|-1
16276|212348|-1
16276|213382|-1
16276|213412|-1
16276|214939|-1
16276|35280|0
16276|8218|0
16276|29075|0
16276|30781|0
16276|34019|0
16276|47957|0
16276|2484|0
16276|209823|0
16276|50628|0
16276|197981|0
16276|204092|0
16276|8309|0
16276|8304|0
16276|52075|0
16276|34177|0
29075|8839|-1
29075|9036|-1
29075|13273|-1
29075|16080|-1
29075|20766|-1
29075|21247|-1
29075|25057|-1
29075|28774|-1
29075|31221|-1
29075|31235|-1
29075|31693|-1
29075|34783|-1
29075|35616|-1
29075|39271|-1
29075|39634|-1
29075|39931|-1
29075|41064|-1
29075|41090|-1
29075|41405|-1
29075|41653|-1
29075|41765|-1
29075|42609|-1
29075|42929|-1
29075|44583|-1
29075|47833|-1
29075|48072|-1
29075|48813|-1
29075|48817|-1
29075|48920|-1
29075|49537|-1
29075|49763|-1
29075|49923|-1
29075|50087|-1
29075|50618|-1
29075|50903|-1
29075|51083|-1
29075|51220|-1
29075|51257|-1
29075|51588|-1
29075|52126|-1
29075|57119|-1
29075|57179|-1
29075|57310|-1
29075|57734|-1
29075|58308|-1
29075|59689|-1
29075|59944|-1
29075|60362|-1
29075|60491|-1
29075|61136|-1
29075|62242|-1
29075|197696|-1
29075|197922|-1
29075|198318|-1
29075|198507|-1
29075|199167|-1
29075|199275|-1
29075|199396|-1
29075|199568|-1
29075|199571|-1
29075|199997|-1
29075|200339|-1
29075|200356|-1
29075|200748|-1
29075|201188|-1
29075|201961|-1
29075|202089|-1
29075|202139|-1
29075|202214|-1
29075|203413|-1
29075|203596|-1
29075|203683|-1
29075|205181|-1
29075|206014|-1
29075|206310|-1
29075|206660|-1
29075|206782|-1
29075|207051|-1
29075|207151|-1
29075|207324|-1
29075|208464|-1
29075|208704|-1
29075|209498|-1
29075|209523|-1
29075|209994|-1
29075|210094|-1
29075|210733|-1
29075|210806|-1
29075|213394|-1
29075|215149|-1
29075|35280|0
29075|8218|0
29075|30781|0
29075|34019|0
29075|47957|0
29075|51706|0
29075|199483|0
29075|2484|0
29075|209823|0
29075|199422|0
29075|50628|0
29075|197981|0
29075|204092|0
29075|8309|0
29075|25358|0
29075|8304|0
29075|52075|0
29075|34177|0
30781|34019|-1
30781|1301|-1
30781|2484|-1
30781|2485|-1
30781|8352|-1
30781|12565|-1
30781|12727|-1
30781|13273|-1
30781|16101|-1
30781|20529|-1
30781|20917|-1
30781|25009|-1
30781|25426|-1
30781|28768|-1
30781|30907|-1
30781|31180|-1
30781|34000|-1
30781|34433|-1
30781|35334|-1
30781|35482|-1
30781|35600|-1
30781|38926|-1
30781|39162|-1
30781|39444|-1
30781|39542|-1
30781|39781|-1
30781|41332|-1
30781|41370|-1
30781|41524|-1
30781|41628|-1
30781|41765|-1
30781|42349|-1
30781|43930|-1
30781|44842|-1
30781|45023|-1
30781|47127|-1
30781|47472|-1
30781|47858|-1
30781|47980|-1
30781|48134|-1
30781|48240|-1
30781|48784|-1
30781|49137|-1
30781|49152|-1
30781|49463|-1
30781|49692|-1
30781|49923|-1
30781|50583|-1
30781|50778|-1
30781|50779|-1
30781|51458|-1
30781|52120|-1
30781|52143|-1
30781|57103|-1
30781|57119|-1
30781|57297|-1
30781|57694|-1
30781|59413|-1
30781|59689|-1
30781|59944|-1
30781|60686|-1
30781|60749|-1
30781|60855|-1
30781|61015|-1
30781|61047|-1
30781|61086|-1
30781|61217|-1
30781|62057|-1
30781|62141|-1
30781|62202|-1
30781|196765|-1
30781|197033|-1
30781|197230|-1
30781|197337|-1
30781|197369|-1
30781|197383|-1
30781|197562|-1
30781|198239|-1
30781|198545|-1
30781|198706|-1
30781|199006|-1
30781|199125|-1
30781|199275|-1
30781|199441|-1
30781|199575|-1
30781|199636|-1
30781|200202|-1
30781|200607|-1
30781|200641|-1
30781|201647|-1
30781|201659|-1
30781|202096|-1
30781|202215|-1
30781|202253|-1
30781|202834|-1
30781|202945|-1
30781|203007|-1
30781|203030|-1
30781|203041|-1
30781|203058|-1
30781|203352|-1
30781|203360|-1
30781|203495|-1
30781|203698|-1
30781|203773|-1
30781|203901|-1
30781|204092|-1
30781|204124|-1
30781|204251|-1
30781|204371|-1
30781|204382|-1
30781|204756|-1
30781|204869|-1
30781|205746|-1
30781|206379|-1
30781|206619|-1
30781|206940|-1
30781|206979|-1
30781|207280|-1
30781|207365|-1
30781|207813|-1
30781|207881|-1
30781|208704|-1
30781|208789|-1
30781|209124|-1
30781|209438|-1
30781|209627|-1
30781|209678|-1
30781|210309|-1
30781|210363|-1
30781|210666|-1
30781|210733|-1
30781|211127|-1
30781|211533|-1
30781|211882|-1
30781|211957|-1
30781|212140|-1
30781|212547|-1
30781|212653|-1
30781|214232|-1
30781|214589|-1
30781|216239|-1
30781|216413|-1
30781|35280|0
30781|8218|0
30781|2200|0
30781|15557|0
30781|29169|0
30781|31216|0
30781|35625|0
30781|39801|0
30781|47957|0
30781|12876|0
30781|34422|0
30781|209823|0
30781|16347|0
30781|60350|0
30781|6738|0
30781|29104|0
30781|41690|0
30781|16080|0
30781|39605|0
30781|8723|0
30781|28855|0
30781|29513|0
30781|50628|0
30781|16128|0
30781|49028|0
30781|21409|0
30781|44141|0
30781|2486|0
30781|29608|0
30781|15436|0
30781|8309|0
30781|25358|0
30781|8304|0
30781|52075|0
30781|5410|0
30781|33930|0
30781|34177|0
30781|198792|0
31216|12536|-1
31216|29301|-1
31216|39180|-1
31216|42929|-1
31216|43424|-1
31216|44994|-1
31216|45050|-1
31216|50314|-1
31216|60331|-1
31216|60737|-1
31216|197816|-1
31216|197981|-1
31216|199708|-1
31216|203544|-1
31216|205263|-1
31216|209453|-1
31216|210232|-1
31216|35280|0
31216|34019|0
31216|50628|0
31216|52075|0
31216|34177|0
35625|34019|-1
35625|2027|-1
35625|2484|-1
35625|3299|-1
35625|24935|-1
35625|30741|-1
35625|31235|-1
35625|34493|-1
35625|35600|-1
35625|39405|-1
35625|41114|-1
35625|41405|-1
35625|41652|-1
35625|44097|-1
35625|48140|-1
35625|48613|-1
35625|49960|-1
35625|51083|-1
35625|51269|-1
35625|57157|-1
35625|57348|-1
35625|57928|-1
35625|57951|-1
35625|60555|-1
35625|61205|-1
35625|197422|-1
35625|197492|-1
35625|198682|-1
35625|199758|-1
35625|199917|-1
35625|200162|-1
35625|200621|-1
35625|200780|-1
35625|201425|-1
35625|201868|-1
35625|201939|-1
35625|202449|-1
35625|202933|-1
35625|203386|-1
35625|205068|-1
35625|205149|-1
35625|205761|-1
35625|206059|-1
35625|207216|-1
35625|207435|-1
35625|207911|-1
35625|207992|-1
35625|209097|-1
35625|209815|-1
35625|209966|-1
35625|209994|-1
35625|210165|-1
35625|210339|-1
35625|210832|-1
35625|210879|-1
35625|211850|-1
35625|211919|-1
35625|212760|-1
35625|216269|-1
35625|35280|0
35625|8218|0
35625|47957|0
35625|209823|0
35625|50628|0
35625|204092|0
35625|198330|0
35625|52075|0
35625|34177|0
39801|21247|-1
39801|24776|-1
39801|28768|-1
39801|34422|-1
39801|34572|-1
39801|35426|-1
39801|41044|-1
39801|43619|-1
39801|47600|-1
39801|48594|-1
39801|50234|-1
39801|50858|-1
39801|51326|-1
39801|56987|-1
39801|57157|-1
39801|57468|-1
39801|57734|-1
39801|60595|-1
39801|60983|-1
39801|62141|-1
39801|197036|-1
39801|197696|-1
39801|199422|-1
39801|199660|-1
39801|199881|-1
39801|201868|-1
39801|203500|-1
39801|205010|-1
39801|206568|-1
39801|206874|-1
39801|207861|-1
39801|209385|-1
39801|210165|-1
39801|212321|-1
39801|213432|-1
39801|215234|-1
39801|35280|0
39801|49434|0
39801|34019|0
39801|206002|0
39801|47957|0
39801|47548|0
39801|51706|0
39801|41652|0
39801|213317|0
39801|60427|0
39801|209823|0
39801|202253|0
39801|31564|0
39801|201900|0
39801|211694|0
39801|34659|0
39801|20672|0
39801|201647|0
39801|51083|0
39801|50628|0
39801|48072|0
39801|209254|0
39801|59689|0
39801|211733|0
39801|201479|0
39801|198330|0
39801|29608|0
39801|209097|0
39801|8309|0
39801|58308|0
39801|3259|0
39801|206059|0
39801|48213|0
39801|64444|0
39801|212576|0
39801|52075|0
39801|197422|0
39801|8487|0
39801|199917|0
39801|34177|0
39801|208014|0
39801|207181|0
39801|201246|0
49434|2027|-1
49434|34534|-1
49434|51269|-1
49434|52053|-1
49434|52073|-1
49434|199248|-1
49434|209428|-1
49434|211590|-1
49434|212815|-1
49434|213599|-1
49434|35280|0
49434|8218|0
49434|34019|0
49434|47160|0
49434|47957|0
49434|209823|0
49434|50628|0
49434|204092|0
49434|52075|0
49434|34177|0
62000|47160|-1
62000|2027|-1
62000|43858|-1
62000|51269|-1
62000|62443|-1
62000|198053|-1
62000|198825|-1
62000|199088|-1
62000|200136|-1
62000|200202|-1
62000|201675|-1
62000|202089|-1
62000|207879|-1
62000|207992|-1
62000|208226|-1
62000|208458|-1
62000|209097|-1
62000|212815|-1
62000|215124|-1
62000|215596|-1
62000|216193|-1
62000|35280|0
62000|8218|0
62000|34019|0
62000|47957|0
62000|209823|0
62000|50628|0
62000|204092|0
62000|34177|0
35280|29169|-1
35280|2027|-1
35280|9180|-1
35280|29283|-1
35280|33930|-1
35280|34659|-1
35280|35070|-1
35280|39305|-1
35280|39542|-1
35280|41605|-1
35280|41653|-1
35280|41728|-1
35280|42687|-1
35280|43532|-1
35280|49028|-1
35280|50628|-1
35280|56598|-1
35280|61205|-1
35280|197133|-1
35280|197492|-1
35280|205122|-1
35280|205845|-1
35280|212976|-1
35280|213313|-1
35280|8218|0
35280|15557|0
35280|34019|0
35280|2200|0
35280|44530|0
35280|47160|0
35280|35661|0
35280|48817|0
35280|212024|0
35280|206002|0
35280|47957|0
35280|30972|0
35280|47548|0
35280|198239|0
35280|44407|0
35280|9036|0
35280|41191|0
35280|5583|0
35280|33835|0
35280|197205|0
35280|57141|0
35280|44994|0
35280|199483|0
35280|49920|0
35280|12826|0
35280|12876|0
35280|29246|0
35280|25540|0
35280|34572|0
35280|12727|0
35280|42487|0
35280|210165|0
35280|34422|0
35280|35676|0
35280|56403|0
35280|215234|0
35280|2484|0
35280|197551|0
35280|204207|0
35280|41652|0
35280|50087|0
35280|213317|0
35280|49463|0
35280|197883|0
35280|39931|0
35280|39781|0
35280|41044|0
35280|60362|0
35280|39180|0
35280|42275|0
35280|203030|0
35280|50446|0
35280|47648|0
35280|60427|0
35280|57642|0
35280|42845|0
35280|2094|0
35280|203547|0
35280|209823|0
35280|43436|0
35280|24904|0
35280|50812|0
35280|212815|0
35280|43445|0
35280|42369|0
35280|201675|0
35280|16347|0
35280|206568|0
35280|56987|0
35280|20900|0
35280|52143|0
35280|31564|0
35280|35798|0
35280|60350|0
35280|21247|0
35280|41405|0
35280|59877|0
35280|6738|0
35280|29104|0
35280|35353|0
35280|25593|0
35280|50234|0
35280|41690|0
35280|47608|0
35280|16080|0
35280|210051|0
35280|30889|0
35280|44527|0
35280|200653|0
35280|50172|0
35280|39605|0
35280|12322|0
35280|43858|0
35280|50779|0
35280|201647|0
35280|42929|0
35280|49763|0
35280|205483|0
35280|201868|0
35280|197033|0
35280|24776|0
35280|57902|0
35280|15422|0
35280|51269|0
35280|20565|0
35280|204869|0
35280|31178|0
35280|59842|0
35280|49690|0
35280|8723|0
35280|205555|0
35280|57157|0
35280|199125|0
35280|28855|0
35280|58011|0
35280|44902|0
35280|205919|0
35280|50858|0
35280|57119|0
35280|29513|0
35280|198034|0
35280|39583|0
35280|207992|0
35280|197981|0
35280|209254|0
35280|203596|0
35280|199396|0
35280|8554|0
35280|59689|0
35280|202321|0
35280|44334|0
35280|1301|0
35280|60456|0
35280|47127|0
35280|62119|0
35280|57734|0
35280|16128|0
35280|20986|0
35280|35600|0
35280|51985|0
35280|211733|0
35280|29152|0
35280|12696|0
35280|35665|0
35280|49584|0
35280|212321|0
35280|20766|0
35280|199116|0
35280|21409|0
35280|211448|0
35280|44141|0
35280|41114|0
35280|134187|0
35280|39271|0
35280|2072|0
35280|199248|0
35280|41090|0
35280|20756|0
35280|12409|0
35280|2486|0
35280|212424|0
35280|29608|0
35280|15436|0
35280|8309|0
35280|199758|0
35280|215596|0
35280|8839|0
35280|15826|0
35280|58308|0
35280|203554|0
35280|197922|0
35280|34863|0
35280|44842|0
35280|2280|0
35280|201699|0
35280|3259|0
35280|51326|0
35280|201939|0
35280|50620|0
35280|43142|0
35280|44000|0
35280|16189|0
35280|209323|0
35280|198545|0
35280|25358|0
35280|212576|0
35280|8304|0
35280|50903|0
35280|8399|0
35280|200748|0
35280|210232|0
35280|39104|0
35280|211925|0
35280|34727|0
35280|209627|0
35280|198111|0
35280|205010|0
35280|52075|0
35280|47820|0
35280|5410|0
35280|197422|0
35280|39444|0
35280|44788|0
35280|8487|0
35280|198335|0
35280|34177|0
35280|201080|0
35280|35426|0
35280|57468|0
35280|201376|0
35280|197696|0
35280|15401|0
35280|16101|0
35280|198792|0
35280|48426|0
35280|216239|0
35280|47866|0
35280|198551|0
35280|207181|0
35280|50624|0
29169|34019|-1
29169|20766|-1
29169|50902|-1
29169|203476|-1
29169|209453|-1
29169|8218|0
29169|47957|0
29169|209823|0
29169|50628|0
29169|29152|0
29169|198545|0
29169|52075|0
29169|34177|0
29169|201376|0
8218|34019|-1
8218|1301|-1
8218|2072|-1
8218|2094|-1
8218|2486|-1
8218|12516|-1
8218|12771|-1
8218|12807|-1
8218|15436|-1
8218|15826|-1
8218|15847|-1
8218|16101|-1
8218|16128|-1
8218|20672|-1
8218|20756|-1
8218|21247|-1
8218|25117|-1
8218|25358|-1
8218|25426|-1
8218|25593|-1
8218|28774|-1
8218|29513|-1
8218|29605|-1
8218|30972|-1
8218|31167|-1
8218|31221|-1
8218|31367|-1
8218|31660|-1
8218|34391|-1
8218|34749|-1
8218|34752|-1
8218|34970|-1
8218|35012|-1
8218|39495|-1
8218|41064|-1
8218|41090|-1
8218|41765|-1
8218|42487|-1
8218|43436|-1
8218|43702|-1
8218|43794|-1
8218|44902|-1
8218|44994|-1
8218|45050|-1
8218|47866|-1
8218|47957|-1
8218|48213|-1
8218|48594|-1
8218|49328|-1
8218|49463|-1
8218|49920|-1
8218|50474|-1
8218|50778|-1
8218|50858|-1
8218|51306|-1
8218|51588|-1
8218|51664|-1
8218|52127|-1
8218|56403|-1
8218|56455|-1
8218|57103|-1
8218|57468|-1
8218|57734|-1
8218|59518|-1
8218|59830|-1
8218|60331|-1
8218|60362|-1
8218|60427|-1
8218|61168|-1
8218|61221|-1
8218|64444|-1
8218|197133|-1
8218|198551|-1
8218|198706|-1
8218|199248|-1
8218|199397|-1
8218|199749|-1
8218|200077|-1
8218|200618|-1
8218|200783|-1
8218|201085|-1
8218|201246|-1
8218|201408|-1
8218|201605|-1
8218|201932|-1
8218|202236|-1
8218|202568|-1
8218|203683|-1
8218|203770|-1
8218|204273|-1
8218|204657|-1
8218|204818|-1
8218|204975|-1
8218|205263|-1
8218|205633|-1
8218|205919|-1
8218|205921|-1
8218|205992|-1
8218|206399|-1
8218|206856|-1
8218|206944|-1
8218|206958|-1
8218|207100|-1
8218|208014|-1
8218|208197|-1
8218|208199|-1
8218|208746|-1
8218|208773|-1
8218|209124|-1
8218|209468|-1
8218|209483|-1
8218|209852|-1
8218|210433|-1
8218|210492|-1
8218|211846|-1
8218|212530|-1
8218|212709|-1
8218|215781|-1
8218|44530|0
8218|2200|0
8218|15557|0
8218|9036|0
8218|5583|0
8218|12876|0
8218|35676|0
8218|209823|0
8218|24904|0
8218|211882|0
8218|56987|0
8218|60350|0
8218|41690|0
8218|12322|0
8218|50628|0
8218|197981|0
8218|215011|0
8218|20766|0
8218|204092|0
8218|31235|0
8218|8309|0
8218|8839|0
8218|43142|0
8218|8399|0
8218|52075|0
8218|5410|0
8218|44788|0
8218|34177|0
8218|198792|0
15557|3259|-1
15557|12565|-1
15557|12566|-1
15557|12670|-1
15557|12727|-1
15557|13223|-1
15557|29322|-1
15557|34235|-1
15557|34383|-1
15557|34949|-1
15557|35238|-1
15557|35632|-1
15557|39534|-1
15557|39847|-1
15557|41272|-1
15557|41334|-1
15557|41894|-1
15557|42117|-1
15557|42208|-1
15557|42449|-1
15557|42811|-1
15557|43698|-1
15557|43763|-1
15557|44297|-1
15557|45039|-1
15557|47206|-1
15557|47835|-1
15557|48125|-1
15557|48179|-1
15557|48613|-1
15557|48799|-1
15557|49011|-1
15557|49083|-1
15557|49112|-1
15557|49449|-1
15557|49540|-1
15557|49566|-1
15557|50172|-1
15557|50588|-1
15557|52039|-1
15557|56774|-1
15557|57584|-1
15557|58324|-1
15557|60032|-1
15557|60620|-1
15557|60686|-1
15557|60697|-1
15557|60855|-1
15557|61394|-1
15557|197369|-1
15557|199233|-1
15557|199579|-1
15557|199677|-1
15557|200245|-1
15557|201072|-1
15557|202249|-1
15557|203386|-1
15557|203984|-1
15557|204426|-1
15557|204835|-1
15557|205461|-1
15557|205746|-1
15557|205862|-1
15557|206865|-1
15557|207589|-1
15557|208128|-1
15557|208353|-1
15557|209027|-1
15557|210832|-1
15557|211556|-1
15557|212562|-1
15557|34019|0
15557|47957|0
15557|209823|0
15557|50628|0
15557|52075|0
15557|34177|0
34019|25057|-1
34019|31375|-1
34019|34958|-1
34019|35600|-1
34019|41526|-1
34019|44097|-1
34019|48879|-1
34019|51306|-1
34019|200162|-1
34019|201080|-1
34019|201281|-1
34019|202945|-1
34019|203432|-1
34019|204092|-1
34019|205816|-1
34019|207910|-1
34019|208627|-1
34019|209090|-1
34019|209523|-1
34019|212351|-1
34019|212783|-1
34019|2200|0
34019|35661|0
34019|48817|0
34019|212024|0
34019|206002|0
34019|47957|0
34019|30972|0
34019|47548|0
34019|198239|0
34019|44407|0
34019|9036|0
34019|41191|0
34019|5583|0
34019|33835|0
34019|197205|0
34019|57141|0
34019|47833|0
34019|44994|0
34019|199483|0
34019|49920|0
34019|12826|0
34019|12876|0
34019|197036|0
34019|29246|0
34019|25540|0
34019|34572|0
34019|12727|0
34019|42487|0
34019|210165|0
34019|34422|0
34019|35676|0
34019|200358|0
34019|56403|0
34019|215234|0
34019|29283|0
34019|210801|0
34019|202933|0
34019|197551|0
34019|204207|0
34019|41652|0
34019|50087|0
34019|213317|0
34019|49463|0
34019|197883|0
34019|39931|0
34019|39781|0
34019|41044|0
34019|60362|0
34019|61205|0
34019|39180|0
34019|42275|0
34019|203030|0
34019|50446|0
34019|47648|0
34019|60427|0
34019|57642|0
34019|42845|0
34019|2094|0
34019|203547|0
34019|35482|0
34019|209823|0
34019|43436|0
34019|24904|0
34019|50812|0
34019|211882|0
34019|212815|0
34019|43445|0
34019|42369|0
34019|201675|0
34019|16347|0
34019|206568|0
34019|56987|0
34019|20900|0
34019|52143|0
34019|202253|0
34019|31564|0
34019|35798|0
34019|60350|0
34019|199422|0
34019|21247|0
34019|41405|0
34019|59877|0
34019|201900|0
34019|6738|0
34019|62141|0
34019|49923|0
34019|29104|0
34019|35353|0
34019|25593|0
34019|50234|0
34019|41690|0
34019|47608|0
34019|16080|0
34019|210051|0
34019|206014|0
34019|211694|0
34019|44527|0
34019|34659|0
34019|20672|0
34019|200653|0
34019|50172|0
34019|39605|0
34019|208458|0
34019|12322|0
34019|43858|0
34019|200259|0
34019|50779|0
34019|201647|0
34019|42929|0
34019|49763|0
34019|205483|0
34019|201868|0
34019|197033|0
34019|197492|0
34019|58208|0
34019|24776|0
34019|57902|0
34019|15422|0
34019|51269|0
34019|20565|0
34019|204869|0
34019|31178|0
34019|59842|0
34019|49690|0
34019|8723|0
34019|205555|0
34019|209428|0
34019|57157|0
34019|199125|0
34019|31167|0
34019|28855|0
34019|58011|0
34019|57943|0
34019|44902|0
34019|39305|0
34019|205919|0
34019|51083|0
34019|205344|0
34019|205845|0
34019|50858|0
34019|57119|0
34019|29513|0
34019|198034|0
34019|41765|0
34019|60595|0
34019|50628|0
34019|39583|0
34019|207992|0
34019|197981|0
34019|48072|0
34019|209254|0
34019|203596|0
34019|199396|0
34019|8554|0
34019|59689|0
34019|28768|0
34019|50474|0
34019|44334|0
34019|1301|0
34019|215011|0
34019|60456|0
34019|210732|0
34019|47127|0
34019|62119|0
34019|57734|0
34019|16128|0
34019|20986|0
34019|51985|0
34019|211733|0
34019|62443|0
34019|29152|0
34019|201479|0
34019|12696|0
34019|35665|0
34019|49584|0
34019|49028|0
34019|212321|0
34019|20766|0
34019|210879|0
34019|41653|0
34019|199116|0
34019|21409|0
34019|211448|0
34019|44141|0
34019|41114|0
34019|39271|0
34019|2072|0
34019|199248|0
34019|198330|0
34019|31235|0
34019|41090|0
34019|20756|0
34019|12409|0
34019|2486|0
34019|2027|0
34019|212424|0
34019|29608|0
34019|15436|0
34019|209097|0
34019|8309|0
34019|211423|0
34019|199758|0
34019|215596|0
34019|51458|0
34019|8839|0
34019|198507|0
34019|15826|0
34019|58308|0
34019|203554|0
34019|197922|0
34019|34863|0
34019|211850|0
34019|44842|0
34019|2280|0
34019|201699|0
34019|205068|0
34019|3259|0
34019|51326|0
34019|201939|0
34019|50620|0
34019|43142|0
34019|206059|0
34019|44000|0
34019|48213|0
34019|16189|0
34019|39421|0
34019|209323|0
34019|198545|0
34019|12565|0
34019|25358|0
34019|64444|0
34019|212576|0
34019|61394|0
34019|8304|0
34019|50903|0
34019|206660|0
34019|8399|0
34019|200748|0
34019|210232|0
34019|39104|0
34019|211925|0
34019|34727|0
34019|203062|0
34019|209627|0
34019|198111|0
34019|205010|0
34019|52075|0
34019|203058|0
34019|47820|0
34019|5410|0
34019|197422|0
34019|39444|0
34019|44788|0
34019|33930|0
34019|8487|0
34019|42687|0
34019|199917|0
34019|206874|0
34019|198335|0
34019|34177|0
34019|49477|0
34019|208014|0
34019|35426|0
34019|57468|0
34019|201376|0
34019|197696|0
34019|15401|0
34019|198978|0
34019|16101|0
34019|198792|0
34019|48426|0
34019|216239|0
34019|47866|0
34019|198551|0
34019|197133|0
34019|207181|0
34019|201246|0
34019|209994|0
34019|50624|0
2200|775|-1
2200|776|-1
2200|781|-1
2200|789|-1
2200|1303|-1
2200|1307|-1
2200|1712|-1
2200|1715|-1
2200|1724|-1
2200|1935|-1
2200|1936|-1
2200|1938|-1
2200|1942|-1
2200|1945|-1
2200|2067|-1
2200|2072|-1
2200|2089|-1
2200|2103|-1
2200|2187|-1
2200|2202|-1
2200|2259|-1
2200|2263|-1
2200|2269|-1
2200|2426|-1
2200|2439|-1
2200|2445|-1
2200|2450|-1
2200|2457|-1
2200|2462|-1
2200|2486|-1
2200|29199|-1
2200|34542|-1
2200|44850|-1
2200|50897|-1
2200|51038|-1
2200|202321|-1
2200|47957|0
2200|209823|0
2200|50628|0
2200|204092|0
2200|198507|0
2200|52075|0
2200|34177|0
44530|3215|-1
44530|29075|-1
44530|29169|-1
44530|30781|-1
44530|34019|-1
44530|35661|-1
44530|8839|-1
44530|9036|-1
44530|20766|-1
44530|20986|-1
44530|30972|-1
44530|31564|-1
44530|34863|-1
44530|39781|-1
44530|41405|-1
44530|44141|-1
44530|44994|-1
44530|49028|-1
44530|49477|-1
44530|50474|-1
44530|52075|-1
44530|56987|-1
44530|60362|-1
44530|197133|-1
44530|197922|-1
44530|203596|-1
44530|206014|-1
44530|209523|-1
44530|47957|0
44530|209823|0
44530|50628|0
47160|34019|-1
47160|2027|-1
47160|34949|-1
47160|39421|-1
47160|62443|-1
47160|200259|-1
47160|203062|-1
47160|203500|-1
47160|203698|-1
47160|205259|-1
47160|205344|-1
47160|205669|-1
47160|207225|-1
47160|207849|-1
47160|207992|-1
47160|211850|-1
47160|213095|-1
47160|213873|-1
47160|214390|-1
47160|214404|-1
47160|47957|0
47160|204092|0
47160|34177|0
35661|62119|-1
35661|208529|-1
35661|209940|-1
35661|211868|-1
35661|47957|0
35661|209823|0
35661|50628|0
35661|204092|0
35661|52075|0
35661|34177|0
48817|35453|-1
48817|59852|-1
48817|200748|-1
48817|204344|-1
48817|208820|-1
48817|210601|-1
48817|34177|0
48817|50628|0
48817|209823|0
200748|209823|0
200748|50628|0
200748|34177|0
34177|35393|-1
34177|44494|-1
34177|44842|-1
34177|47835|-1
34177|48017|-1
34177|57297|-1
34177|57633|-1
34177|200836|-1
34177|204818|-1
34177|205746|-1
34177|207949|-1
34177|212731|-1
34177|47957|0
34177|30972|0
34177|47548|0
34177|44407|0
34177|9036|0
34177|41191|0
34177|5583|0
34177|33835|0
34177|197205|0
34177|47833|0
34177|44994|0
34177|199483|0
34177|49920|0
34177|12826|0
34177|12876|0
34177|25540|0
34177|34572|0
34177|42487|0
34177|210165|0
34177|34422|0
34177|35676|0
34177|56403|0
34177|2484|0
34177|29283|0
34177|197551|0
34177|204207|0
34177|41652|0
34177|50087|0
34177|197883|0
34177|39931|0
34177|41044|0
34177|60362|0
34177|61205|0
34177|39180|0
34177|50446|0
34177|47648|0
34177|42845|0
34177|2094|0
34177|203547|0
34177|209823|0
34177|50812|0
34177|211882|0
34177|212815|0
34177|201675|0
34177|16347|0
34177|206568|0
34177|56987|0
34177|20900|0
34177|31564|0
34177|35798|0
34177|60350|0
34177|21247|0
34177|41405|0
34177|59877|0
34177|6738|0
34177|29104|0
34177|25593|0
34177|50234|0
34177|41690|0
34177|47608|0
34177|16080|0
34177|210051|0
34177|34659|0
34177|200653|0
34177|50172|0
34177|39605|0
34177|12322|0
34177|43858|0
34177|42929|0
34177|49763|0
34177|205483|0
34177|201868|0
34177|197492|0
34177|58208|0
34177|57902|0
34177|51269|0
34177|31178|0
34177|49690|0
34177|8723|0
34177|205555|0
34177|57157|0
34177|28855|0
34177|58011|0
34177|44902|0
34177|39305|0
34177|205919|0
34177|50858|0
34177|29513|0
34177|198034|0
34177|50628|0
34177|207992|0
34177|197981|0
34177|209254|0
34177|203596|0
34177|199396|0
34177|8554|0
34177|202321|0
34177|44334|0
34177|57734|0
34177|16128|0
34177|20986|0
34177|51985|0
34177|211733|0
34177|12696|0
34177|35665|0
34177|212321|0
34177|20766|0
34177|41653|0
34177|199116|0
34177|21409|0
34177|211448|0
34177|44141|0
34177|41114|0
34177|39271|0
34177|2072|0
34177|199248|0
34177|41090|0
34177|20756|0
34177|12409|0
34177|2486|0
34177|2027|0
34177|212424|0
34177|29608|0
34177|15436|0
34177|209097|0
34177|8309|0
34177|215596|0
34177|8839|0
34177|15826|0
34177|203554|0
34177|34863|0
34177|2280|0
34177|201939|0
34177|50620|0
34177|43142|0
34177|44000|0
34177|48213|0
34177|16189|0
34177|209323|0
34177|198545|0
34177|25358|0
34177|8304|0
34177|50903|0
34177|210232|0
34177|39104|0
34177|34727|0
34177|52075|0
34177|47820|0
34177|5410|0
34177|197422|0
34177|199660|0
34177|44788|0
34177|33930|0
34177|8487|0
34177|42687|0
34177|198335|0
34177|15401|0
34177|47866|0
34177|197133|0
34177|35426|0
34177|50624|0
34177|57468|0
34177|197696|0
34177|198551|0
34177|198792|0
34177|201376|0
50628|35077|-1
50628|44097|-1
50628|202850|-1
50628|205344|-1
50628|205684|-1
50628|206914|-1
50628|207642|-1
50628|210745|-1
50628|212783|-1
50628|206002|0
50628|47957|0
50628|30972|0
50628|47548|0
50628|198239|0
50628|44407|0
50628|9036|0
50628|41191|0
50628|33835|0
50628|197205|0
50628|57141|0
50628|13273|0
50628|47833|0
50628|44994|0
50628|199483|0
50628|49920|0
50628|12826|0
50628|12876|0
50628|29246|0
50628|25540|0
50628|34572|0
50628|12727|0
50628|42487|0
50628|210165|0
50628|34422|0
50628|35676|0
50628|56403|0
50628|215234|0
50628|29283|0
50628|197551|0
50628|204207|0
50628|41652|0
50628|50087|0
50628|213317|0
50628|49463|0
50628|197883|0
50628|39931|0
50628|39781|0
50628|41044|0
50628|60362|0
50628|61205|0
50628|39180|0
50628|42275|0
50628|50446|0
50628|47648|0
50628|57642|0
50628|42845|0
50628|2094|0
50628|203547|0
50628|209823|0
50628|43436|0
50628|24904|0
50628|50812|0
50628|211882|0
50628|212815|0
50628|43445|0
50628|201675|0
50628|16347|0
50628|206568|0
50628|56987|0
50628|20900|0
50628|52143|0
50628|31564|0
50628|35798|0
50628|60350|0
50628|21247|0
50628|41405|0
50628|59877|0
50628|6738|0
50628|29104|0
50628|35353|0
50628|25593|0
50628|50234|0
50628|41690|0
50628|47608|0
50628|16080|0
50628|210051|0
50628|44527|0
50628|34659|0
50628|200653|0
50628|50172|0
50628|39605|0
50628|12322|0
50628|43858|0
50628|50779|0
50628|201647|0
50628|42929|0
50628|49763|0
50628|205483|0
50628|201868|0
50628|197033|0
50628|197492|0
50628|58208|0
50628|24776|0
50628|57902|0
50628|15422|0
50628|51269|0
50628|20565|0
50628|204869|0
50628|31178|0
50628|59842|0
50628|49690|0
50628|8723|0
50628|205555|0
50628|48518|0
50628|57157|0
50628|199125|0
50628|28855|0
50628|58011|0
50628|44902|0
50628|39305|0
50628|205919|0
50628|205845|0
50628|50858|0
50628|57119|0
50628|29513|0
50628|198034|0
50628|2027|0
50628|2072|0
50628|2280|0
50628|2486|0
50628|8554|0
50628|8839|0
50628|12409|0
50628|12696|0
50628|15401|0
50628|15826|0
50628|16101|0
50628|16128|0
50628|20756|0
50628|20766|0
50628|20986|0
50628|21409|0
50628|25358|0
50628|29608|0
50628|33930|0
50628|34863|0
50628|35426|0
50628|39104|0
50628|39271|0
50628|39444|0
50628|39583|0
50628|41114|0
50628|42687|0
50628|44000|0
50628|44141|0
50628|44842|0
50628|47127|0
50628|47820|0
50628|48426|0
50628|49477|0
50628|50620|0
50628|50624|0
50628|1301|0
50628|8304|0
50628|8309|0
50628|8399|0
50628|8487|0
50628|15436|0
50628|16189|0
50628|29152|0
50628|34727|0
50628|35600|0
50628|35665|0
50628|41090|0
50628|41653|0
50628|43142|0
50628|44334|0
50628|47866|0
50628|48213|0
50628|49584|0
50628|50903|0
50628|51985|0
50628|57734|0
50628|60456|0
50628|199116|0
50628|199660|0
50628|205010|0
50628|206059|0
50628|51326|0
50628|52075|0
50628|57468|0
50628|58308|0
50628|59689|0
50628|62119|0
50628|197133|0
50628|197422|0
50628|197696|0
50628|197922|0
50628|197981|0
50628|198111|0
50628|198335|0
50628|198545|0
50628|198551|0
50628|199248|0
50628|199396|0
50628|199758|0
50628|201080|0
50628|201376|0
50628|201699|0
50628|201939|0
50628|202321|0
50628|203554|0
50628|203596|0
50628|207992|0
50628|209097|0
50628|209254|0
50628|209323|0
50628|209523|0
50628|209627|0
50628|210232|0
50628|211448|0
50628|211733|0
50628|211925|0
50628|212321|0
50628|212424|0
50628|215596|0
50628|216239|0
209823|212024|0
209823|206002|0
209823|47957|0
209823|30972|0
209823|198239|0
209823|44407|0
209823|9036|0
209823|41191|0
209823|33835|0
209823|197205|0
209823|13273|0
209823|47833|0
209823|44994|0
209823|199483|0
209823|49920|0
209823|12826|0
209823|12876|0
209823|29246|0
209823|25540|0
209823|34572|0
209823|12727|0
209823|42487|0
209823|210165|0
209823|34422|0
209823|35676|0
209823|215234|0
209823|2484|0
209823|29283|0
209823|202933|0
209823|197551|0
209823|204207|0
209823|41652|0
209823|213317|0
209823|49463|0
209823|39931|0
209823|39781|0
209823|41044|0
209823|60362|0
209823|61205|0
209823|39180|0
209823|42275|0
209823|50446|0
209823|47648|0
209823|60427|0
209823|57642|0
209823|42845|0
209823|2094|0
209823|203547|0
209823|2027|0
209823|2072|0
209823|2486|0
209823|8554|0
209823|8723|0
209823|8839|0
209823|12322|0
209823|12409|0
209823|12696|0
209823|15401|0
209823|15422|0
209823|15826|0
209823|16080|0
209823|16101|0
209823|16128|0
209823|16347|0
209823|20565|0
209823|20756|0
209823|20766|0
209823|20986|0
209823|21409|0
209823|24776|0
209823|24904|0
209823|28855|0
209823|29104|0
209823|29608|0
209823|31178|0
209823|31235|0
209823|31564|0
209823|34659|0
209823|34863|0
209823|35426|0
209823|39104|0
209823|39271|0
209823|39444|0
209823|39583|0
209823|41114|0
209823|41405|0
209823|41690|0
209823|42929|0
209823|43436|0
209823|43445|0
209823|43858|0
209823|44000|0
209823|44141|0
209823|44842|0
209823|47127|0
209823|47608|0
209823|48426|0
209823|49028|0
209823|49763|0
209823|50172|0
209823|50474|0
209823|50620|0
209823|50624|0
209823|50858|0
209823|51269|0
209823|51326|0
209823|52075|0
209823|57119|0
209823|57157|0
209823|57468|0
209823|57902|0
209823|58011|0
209823|59689|0
209823|59842|0
209823|60350|0
209823|62119|0
209823|197033|0
209823|197422|0
209823|197492|0
209823|197696|0
209823|198111|0
209823|198335|0
209823|198545|0
209823|198551|0
209823|199125|0
209823|199248|0
209823|199396|0
209823|199758|0
209823|200653|0
209823|201080|0
209823|201675|0
209823|201699|0
209823|201868|0
209823|202321|0
209823|203554|0
209823|203596|0
209823|204092|0
209823|205068|0
209823|205555|0
209823|205919|0
209823|206568|0
209823|207910|0
209823|207992|0
209823|209090|0
209823|209097|0
209823|209254|0
209823|209323|0
209823|209523|0
209823|209627|0
209823|1301|0
209823|6738|0
209823|8304|0
209823|8309|0
209823|8399|0
209823|8487|0
209823|15436|0
209823|16189|0
209823|20900|0
209823|21247|0
209823|25593|0
209823|29152|0
209823|29513|0
209823|33930|0
209823|34727|0
209823|35600|0
209823|35798|0
209823|39305|0
209823|39605|0
209823|41090|0
209823|41653|0
209823|42687|0
209823|43142|0
209823|44097|0
209823|44334|0
209823|44902|0
209823|47866|0
209823|48213|0
209823|49477|0
209823|49584|0
209823|49690|0
209823|50234|0
209823|50779|0
209823|50812|0
209823|50903|0
209823|51985|0
209823|52143|0
209823|56987|0
209823|57734|0
209823|58208|0
209823|58308|0
209823|60456|0
209823|197133|0
209823|197922|0
209823|197981|0
209823|198034|0
209823|199116|0
209823|199660|0
209823|201647|0
209823|203062|0
209823|204869|0
209823|205344|0
209823|205845|0
209823|206014|0
209823|206059|0
209823|206660|0
209823|208627|0
209823|210732|0
209823|211448|0
209823|212815|0
209823|209994|0
209823|210051|0
209823|210232|0
209823|210879|0
209823|211733|0
209823|211882|0
209823|211925|0
209823|212321|0
209823|212424|0
209823|215011|0
209823|215596|0
209823|216239|0
212024|47957|0
47957|8677|-1
47957|2094|0
47957|2280|0
47957|5410|0
47957|5583|0
47957|6738|0
47957|8487|0
47957|8554|0
47957|8723|0
47957|8839|0
47957|9036|0
47957|12322|0
47957|12409|0
47957|12727|0
47957|12876|0
47957|15401|0
47957|15422|0
47957|16080|0
47957|16347|0
47957|20986|0
47957|21409|0
47957|24776|0
47957|24904|0
47957|25358|0
47957|25540|0
47957|28855|0
47957|29246|0
47957|29283|0
47957|29608|0
47957|30972|0
47957|31564|0
47957|33835|0
47957|34422|0
47957|34572|0
47957|34863|0
47957|35426|0
47957|35676|0
47957|39104|0
47957|39605|0
47957|41114|0
47957|41191|0
47957|41405|0
47957|41690|0
47957|43142|0
47957|43858|0
47957|44000|0
47957|44141|0
47957|44407|0
47957|44994|0
47957|45050|0
47957|47608|0
47957|47648|0
47957|8304|0
47957|8309|0
47957|15436|0
47957|16189|0
47957|20900|0
47957|25593|0
47957|29152|0
47957|34727|0
47957|35665|0
47957|39180|0
47957|41044|0
47957|42845|0
47957|44527|0
47957|44788|0
47957|44902|0
47957|49584|0
47957|49920|0
47957|51985|0
47957|56987|0
47957|57642|0
47957|60456|0
47957|199116|0
47957|205010|0
47957|205845|0
47957|212815|0
47957|48426|0
47957|49028|0
47957|49477|0
47957|50172|0
47957|50234|0
47957|50446|0
47957|50474|0
47957|50620|0
47957|50812|0
47957|51269|0
47957|52075|0
47957|57157|0
47957|57902|0
47957|58011|0
47957|59877|0
47957|60350|0
47957|60362|0
47957|61205|0
47957|197033|0
47957|197133|0
47957|197205|0
47957|197492|0
47957|197883|0
47957|197922|0
47957|197981|0
47957|198034|0
47957|198111|0
47957|198335|0
47957|198545|0
47957|198792|0
47957|199248|0
47957|199483|0
47957|199660|0
47957|200653|0
47957|201675|0
47957|201699|0
47957|201868|0
47957|201939|0
47957|202321|0
47957|203547|0
47957|203554|0
47957|203596|0
47957|204092|0
47957|205483|0
47957|205555|0
47957|205919|0
47957|206568|0
47957|209254|0
47957|209323|0
47957|209523|0
47957|210165|0
47957|211448|0
47957|211733|0
47957|211882|0
47957|211925|0
47957|212321|0
47957|215011|0
47957|215596|0
206002|204092|0
206002|52075|0
204092|201281|-1
204092|202945|-1
204092|206155|-1
204092|208567|-1
204092|208627|-1
204092|209559|-1
204092|30972|0
204092|9036|0
204092|210165|0
204092|2484|0
204092|210801|0
204092|202933|0
204092|41652|0
204092|50446|0
204092|42845|0
204092|211882|0
204092|201675|0
204092|56987|0
204092|208458|0
204092|12322|0
204092|43858|0
204092|200259|0
204092|207910|0
204092|57943|0
204092|211055|0
204092|41765|0
204092|50474|0
204092|215011|0
204092|62119|0
204092|211733|0
204092|62443|0
204092|20766|0
204092|210879|0
204092|49451|0
204092|198507|0
204092|2027|0
204092|8304|0
204092|8399|0
204092|8487|0
204092|15401|0
204092|31235|0
204092|39421|0
204092|41114|0
204092|42687|0
204092|52075|0
204092|197922|0
204092|198978|0
204092|199758|0
204092|203062|0
204092|205068|0
204092|206660|0
204092|209097|0
204092|211850|0
204092|209994|0
204092|215596|0
52075|47548|0
52075|44407|0
52075|9036|0
52075|33835|0
52075|197205|0
52075|199483|0
52075|12876|0
52075|25540|0
52075|210165|0
52075|34422|0
52075|35676|0
52075|215234|0
52075|2484|0
52075|29283|0
52075|197551|0
52075|204207|0
52075|41652|0
52075|213317|0
52075|197883|0
52075|41044|0
52075|39180|0
52075|42275|0
52075|50446|0
52075|47648|0
52075|42845|0
52075|2094|0
52075|203547|0
52075|42467|0
52075|24904|0
52075|50812|0
52075|211882|0
52075|212815|0
52075|43445|0
52075|16347|0
52075|206568|0
52075|56987|0
52075|20900|0
52075|31564|0
52075|60350|0
52075|59877|0
52075|6738|0
52075|41690|0
52075|47608|0
52075|16080|0
52075|210051|0
52075|200653|0
52075|50172|0
52075|39605|0
52075|12322|0
52075|43858|0
52075|205483|0
52075|201868|0
52075|197492|0
52075|57902|0
52075|51269|0
52075|31178|0
52075|8723|0
52075|205555|0
52075|57157|0
52075|28855|0
52075|58011|0
52075|197981|0
52075|209254|0
52075|8554|0
52075|202321|0
52075|50474|0
52075|215011|0
52075|62119|0
52075|20986|0
52075|51985|0
52075|211733|0
52075|12696|0
52075|35665|0
52075|212321|0
52075|20766|0
52075|199116|0
52075|21409|0
52075|211448|0
52075|44141|0
52075|41114|0
52075|199248|0
52075|12409|0
52075|212424|0
52075|29608|0
52075|15436|0
52075|8309|0
52075|199758|0
52075|203554|0
52075|197922|0
52075|34863|0
52075|2280|0
52075|201939|0
52075|50620|0
52075|43142|0
52075|44000|0
52075|16189|0
52075|198545|0
52075|25358|0
52075|8304|0
52075|39104|0
52075|34727|0
52075|203062|0
52075|15401|0
52075|47820|0
52075|5410|0
52075|8487|0
52075|47866|0
52075|49477|0
52075|197133|0
52075|197422|0
52075|198335|0
52075|199660|0
52075|201376|0
8677|5630|-1
8677|41233|-1
5410|12844|-1
8487|39480|-1
8487|41765|-1
8487|60718|-1
8487|197551|-1
8487|199275|-1
8487|199485|-1
8487|206656|-1
8487|206874|-1
8554|200435|-1
8554|204818|-1
8723|39241|-1
8839|200821|-1
9036|2027|0
9036|2484|0
9036|8304|0
9036|8309|0
9036|20766|0
9036|34422|0
9036|41090|0
9036|44141|0
9036|49463|0
9036|56987|0
9036|57734|0
9036|197981|0
9036|199125|0
12322|51207|-1
12322|210595|0
12727|208574|-1
12727|208719|-1
15401|42970|-1
15401|60595|-1
16080|34913|-1
16347|30839|-1
16347|31693|-1
16347|43311|-1
16347|45039|-1
16347|48732|-1
16347|49068|-1
16347|51038|-1
16347|51455|-1
16347|51806|-1
16347|57928|-1
16347|196633|-1
16347|197485|-1
16347|197778|-1
16347|199117|-1
16347|201659|-1
16347|206983|-1
16347|209925|-1
16347|210403|-1
16347|210666|-1
16347|211835|-1
16347|212208|-1
16347|43142|0
21409|41770|-1
21409|212292|-1
25358|50370|-1
25540|20529|-1
25540|39830|-1
25540|202381|-1
25540|202757|-1
25540|209525|-1
28855|51243|-1
29608|20766|-1
29608|42208|-1
29608|50982|-1
29608|196633|-1
29608|200162|-1
29608|201080|-1
29608|210664|-1
30972|44097|-1
30972|44334|-1
30972|212650|-1
31564|200906|-1
31564|212424|-1
34422|2027|0
34422|8304|0
34422|20766|0
34422|41090|0
34422|44141|0
34422|49463|0
34422|56987|0
34422|57734|0
34422|199125|0
34572|39830|-1
34863|197618|-1
39605|200271|-1
39605|200356|-1
41114|62038|-1
41114|210051|-1
41114|212832|-1
43142|50133|-1
43142|50818|-1
43142|60502|-1
43142|61026|-1
43142|56987|0
43858|213047|-1
44141|59911|-1
44141|197551|-1
44141|49463|0
44141|56987|0
44141|199125|0
44141|57734|0
44141|20766|0
44141|2027|0
44141|8304|0
44141|41090|0
44407|41291|-1
44407|44842|-1
44407|202066|-1
44407|203350|-1
44407|204897|-1
44407|207392|-1
44407|209475|-1
44407|212041|-1
44994|43531|0
47608|43249|-1
47608|200906|-1
47608|49451|0
8304|50234|-1
8304|197138|-1
8304|197914|-1
8304|2484|0
8304|49463|0
8304|56987|0
8304|199125|0
8304|197981|0
8304|57734|0
8304|20766|0
8304|41090|0
8304|2027|0
8304|8309|0
8309|15846|-1
8309|35353|-1
8309|39583|-1
8309|50954|-1
8309|56339|-1
8309|57951|-1
8309|58004|-1
8309|60532|-1
8309|203908|-1
8309|204596|-1
8309|206856|-1
8309|207410|-1
8309|209323|-1
8309|210879|-1
8309|213184|-1
8309|2484|0
8309|197981|0
20900|47233|-1
20900|50758|-1
20900|198340|-1
20900|204212|-1
20900|204516|-1
20900|204835|-1
20900|209483|-1
29152|43311|-1
29152|43436|-1
29152|57642|-1
29152|59721|-1
29152|200050|-1
29152|210891|-1
29152|211925|-1
29152|215639|-1
35665|199360|-1
35665|200906|-1
39180|35009|-1
39180|41332|-1
39180|41370|-1
39180|44726|-1
39180|47332|-1
39180|48140|-1
39180|50474|-1
39180|51458|-1
39180|57004|-1
39180|60502|-1
39180|60902|-1
39180|61394|-1
39180|199568|-1
39180|200621|-1
39180|201425|-1
39180|201479|-1
39180|201900|-1
39180|202096|-1
39180|202328|-1
39180|202546|-1
39180|203413|-1
39180|209760|-1
42845|43121|-1
42845|47977|-1
42845|198978|-1
42845|199117|-1
44527|3259|-1
44527|197505|-1
44902|208678|-1
49584|200741|-1
49584|209567|-1
51985|60641|-1
56987|51236|-1
56987|60983|-1
56987|61193|-1
56987|198126|-1
56987|209146|-1
56987|213317|-1
56987|215189|-1
56987|49463|0
56987|2027|0
56987|20766|0
56987|41090|0
56987|57734|0
56987|199125|0
60456|59853|-1
60456|208871|-1
205010|48134|-1
212815|47484|-1
212815|205021|-1
212815|209925|-1
212815|211448|-1
212815|214008|-1
212815|214961|-1
212815|215035|-1
212815|215663|-1
212815|215727|-1
212815|216193|-1
49028|47833|-1
49028|48213|-1
49028|48934|-1
49028|60902|-1
49028|64484|-1
49028|207435|-1
49028|207861|-1
49028|209766|-1
50446|212207|-1
51269|56992|-1
51269|200435|-1
51269|51706|0
57902|199199|-1
59877|203797|-1
59877|203901|-1
59877|208957|-1
59877|208963|-1
59877|209686|-1
59877|49451|0
197033|44821|-1
197033|60543|-1
197033|197653|-1
197033|201808|-1
197033|202755|-1
197033|205933|-1
197033|209479|-1
197133|20493|-1
197133|48744|-1
197133|60132|-1
197133|61236|-1
197133|201896|-1
197883|57284|-1
197981|2484|0
198545|41410|-1
198545|49504|-1
199248|210839|-1
199483|29092|-1
199660|205319|-1
201675|42687|-1
201675|208458|-1
201675|210518|-1
201675|213047|-1
211882|198985|-1
215596|35426|-1
215596|210339|-1
215596|214708|-1
44097|207910|-1
44097|208627|-1
44097|209559|-1
44334|48069|-1
198239|197732|-1
886|33392|0
33392|394485|-1
33392|396950|-1
212041|49619|-1
2027|44887|-1
2027|200259|-1
2027|206059|-1
2027|206983|-1
2027|207300|-1
2027|207372|-1
2027|209097|-1
2027|209295|-1
2027|210851|-1
2027|214563|-1
2027|215097|-1
2027|49463|0
2027|199125|0
2027|57734|0
2027|20766|0
2027|41090|0
20766|35616|-1
20766|48920|-1
20766|207324|-1
20766|207816|-1
20766|49463|0
20766|199125|0
20766|57734|0
20766|41090|0
41090|49463|0
41090|199125|0
41090|57734|0
49463|57734|0
49463|199125|0
57734|199125|0
51706|2094|-1
51706|15436|-1
51706|50172|-1
39886|30801|-1
39886|34704|-1
39886|34761|-1
39886|35184|-1
39886|42630|-1
39886|57103|-1
39886|57752|-1
35184|34761|-1
57752|34704|-1
57752|35101|-1
57752|198034|-1
57752|200245|-1
57752|204140|-1
205669|2263|-1
31221|51269|-1
31221|51664|-1
31221|205939|-1
31221|207100|-1
31221|209468|-1
31221|210255|-1
209468|204657|-1
43531|12536|-1
43531|29301|-1
43531|42929|-1
43531|43424|-1
43531|45050|-1
43531|50314|-1
43531|60737|-1
43531|197816|-1
43531|197981|-1
43531|199708|-1
43531|203544|-1
43531|209453|-1
43531|210232|-1
43531|60331|0
213313|47455|-1
12826|34993|-1
42487|204645|-1
29605|203361|-1
50618|197337|-1
212504|202827|-1
212504|206129|-1
1936|57284|-1
202933|204265|-1
31576|199396|-1
41652|39506|-1
1945|2060|-1
39781|9149|-1
39781|47314|-1
199749|49555|-1
199749|49881|-1
211858|205690|-1
42275|45021|-1
60427|57173|-1
60427|203770|-1
215035|213971|-1
48813|51888|-1
2072|2094|-1
2072|199255|-1
29104|24763|-1
34659|13193|-1
39444|202604|-1
39583|48310|-1
42929|44606|-1
57119|30919|-1
57119|201188|-1
59689|58308|-1
207992|61026|-1
209090|205690|-1
209090|207910|-1
1301|211310|-1
33930|44850|-1
33930|211317|-1
33930|214742|-1
35600|47612|-1
35600|56648|-1
39305|58208|-1
39305|60703|-1
39305|204887|-1
39305|215435|-1
41653|208069|-1
48213|211492|-1
50903|210403|-1
58208|60703|-1
204869|51075|-1
204869|206390|-1
204869|208195|-1
206014|49537|-1
208627|201281|-1
208627|202945|-1
208627|208567|-1
210879|48402|-1
210879|210855|-1
210879|210858|-1
216193|203679|-1
216193|207769|-1
216193|214154|-1
216193|215140|-1
31693|8565|-1
60983|199881|-1
60983|202328|-1
60983|202663|-1
60983|209255|-1
60983|209385|-1
203500|206398|-1
49451|200358|-1
49451|203432|-1
49451|203596|-1
49451|211423|-1
208226|210535|-1
208226|215435|-1
13193|57696|-1
200780|201072|-1
12844|3295|-1
12844|13193|-1
12844|34659|-1
12844|41473|-1
12844|44297|-1
12844|48799|-1
12844|49566|-1
12844|51038|-1
12844|57696|-1
12844|197573|-1
12844|202836|-1
12844|208820|-1
12844|210040|-1
200245|198575|-1
209920|31167|-1
31167|34572|-1
31167|39509|-1
31167|51128|-1
31167|57943|-1
31167|60718|-1
31167|198239|-1
31167|199485|-1
31167|202089|-1
31167|206874|-1
31167|209532|-1
31167|211858|-1
200162|205816|-1
205698|206310|-1
202089|208957|-1
396950|886|-1
205761|199142|-1
215140|203679|-1
1715|215928|-1
197816|204145|-1
39567|50547|-1
44494|42258|-1
205684|211854|-1
41765|49553|-1
41765|200607|-1
41765|209053|-1
201376|50474|-1
201376|60983|-1
201376|199881|-1
201376|202663|-1
201376|203500|-1
201376|209385|-1
61026|209095|-1
61026|210770|-1
203698|206967|-1
204818|48809|-1
28768|35667|-1
781|47300|-1
47600|201636|-1
47600|212298|-1
132418|50624|-1
60132|210118|-1
62443|41157|-1
62443|208705|-1
62443|215528|-1
59721|215639|-1
31367|21070|-1
198507|205669|-1
198507|208705|-1
211850|57373|-1
57179|35077|-1
57179|57348|-1
198330|197662|-1
198330|204046|-1
198330|209928|-1
209993|48072|-1
210806|210255|-1
210806|212933|-1
56339|208275|-1
56339|212489|-1
215114|199415|-1
215114|203674|-1
215114|203679|-1
215114|204613|-1
215114|211333|-1
215114|213382|-1
215114|213941|-1
215114|215599|-1
215114|216020|-1
215114|216155|-1
43619|199116|-1
43619|204515|-1
50124|200063|-1
50124|210030|-1
50124|212504|-1
50124|212948|-1
50124|215114|-1
50124|215599|-1
50124|216155|-1
210030|206696|-1
199275|206014|-1
43930|24843|-1
50818|61026|-1
50818|209095|-1
50818|210770|-1
50818|211978|-1
35238|20994|-1
39405|201828|-1
64444|61984|-1
208353|51870|-1
206120|44821|-1
206120|48732|-1
206120|197033|-1
206120|197653|-1
206120|201808|-1
206120|209479|-1
206120|209925|-1
198831|200063|-1
198831|207300|-1
198831|207449|-1
198831|207708|-1
198831|207769|-1
198831|210699|-1
198831|213517|-1
198831|214838|-1
198831|215140|-1
198831|215142|-1
198831|216075|-1
198831|216147|-1
12670|34970|-1
12670|49960|-1
12670|50779|-1
12670|197485|-1
12670|201900|-1
52073|52053|-1
52073|199415|-1
52073|216117|-1
52073|216222|-1
198825|209978|-1
198825|214029|-1
207181|205338|-1
43424|213394|-1
