# SCION combined ISD topology AU
#
# Format:
# provider_ASN|customer_ASN|-1
# peer_ASN1|peer_ASN2|0
137409|8888|-1
137409|134090|-1
137409|7578|-1
137409|9297|-1
137409|9301|-1
137409|9650|-1
137409|10083|-1
137409|10084|-1
137409|10214|-1
137409|17477|-1
137409|17635|-1
137409|24479|-1
137409|38826|-1
137409|55707|-1
137409|56081|-1
137409|56106|-1
137409|58434|-1
137409|58928|-1
137409|132405|-1
137409|132491|-1
137409|133206|-1
137409|134143|-1
137409|134160|-1
137409|134697|-1
137409|134980|-1
137409|135107|-1
137409|135895|-1
137409|136510|-1
137409|136582|-1
137409|136805|-1
137409|138521|-1
137409|139284|-1
137409|139466|-1
137409|140646|-1
137409|140885|-1
137409|140910|-1
137409|140956|-1
137409|141204|-1
137409|141353|-1
137409|142017|-1
137409|142064|-1
137409|142114|-1
137409|149446|-1
137409|150004|-1
137409|150419|-1
137409|151660|-1
137409|152595|-1
137409|152633|-1
137409|152699|-1
137409|154289|-1
137409|199959|-1
137409|4826|0
137409|7575|0
137409|7594|0
137409|38195|0
137409|38790|0
137409|4764|0
137409|7474|0
137409|7545|0
137409|9507|0
137409|17559|0
137409|24516|0
137409|38561|0
137409|45437|0
137409|58511|0
137409|63956|0
137409|136557|0
137409|140627|0
137409|23913|0
137409|134067|0
137409|142116|0
137409|137271|0
137409|17978|0
137409|24541|0
137409|50049|0
137409|137576|0
137409|152464|0
137409|140896|0
137409|24008|0
137409|148968|0
137409|136972|0
137409|132529|0
137409|17667|0
137409|38611|0
137409|133077|0
137409|38327|0
137409|57025|0
137409|133403|0
137409|132847|0
137409|58580|0
137409|9723|0
137409|17535|0
137409|56087|0
137409|7477|0
137409|140892|0
137409|142125|0
137409|134149|0
137409|138165|0
137409|137426|0
137409|140937|0
137409|134119|0
137409|149647|0
137409|139049|0
137409|151799|0
137409|141397|0
137409|38858|0
137409|17898|0
137409|133326|0
137409|58530|0
137409|58507|0
137409|55766|0
137409|134147|0
137409|133045|0
137409|132533|0
137409|151213|0
137409|135015|0
137409|153655|0
137409|147061|0
137409|133417|0
137409|24033|0
137409|135302|0
137409|134555|0
137409|150329|0
137409|132430|0
137409|9342|0
137409|10080|0
137409|133159|0
137409|9745|0
137409|131316|0
137409|135512|0
137409|45577|0
137409|38719|0
137409|135406|0
137409|58589|0
137409|136994|0
137409|38220|0
137409|9449|0
137409|45780|0
137409|138502|0
137409|38583|0
137409|142049|0
137409|55581|0
137409|153160|0
137409|23731|0
137409|153547|0
137409|133934|0
137409|45763|0
137409|58505|0
137409|9648|0
137409|153346|0
137409|45638|0
137409|139623|0
137409|38749|0
137409|24305|0
137409|132849|0
137409|9544|0
137409|132895|0
137409|55752|0
137409|136161|0
137409|45278|0
137409|63931|0
137409|38880|0
137409|132077|0
137409|2713|0
137409|7628|0
137409|58914|0
137409|4777|0
137409|58907|0
137409|63850|0
137409|137032|0
137409|38887|0
137409|17473|0
137409|135027|0
137409|146994|0
137409|4857|0
137409|56294|0
137409|18390|0
137409|45926|0
137409|140994|0
137409|136001|0
137409|149485|0
137409|140670|0
137409|136518|0
137409|24313|0
137409|137575|0
137409|38016|0
137409|56035|0
137409|55803|0
137409|18117|0
137409|4608|0
137409|133434|0
137409|7604|0
137409|139077|0
137409|133333|0
137409|31732|0
137409|135565|0
137409|133130|0
137409|17889|0
137409|137388|0
137409|58713|0
137409|135126|0
137409|137841|0
137409|153836|0
137409|23943|0
137409|133930|0
137409|45665|0
137409|45768|0
137409|136935|0
137409|17766|0
137409|58868|0
137409|7600|0
137409|56038|0
137409|38333|0
137409|38716|0
8888|4826|0
8888|63956|0
8888|38195|0
8888|9507|0
8888|7575|0
8888|136557|0
8888|4764|0
8888|7594|0
8888|24516|0
8888|45437|0
8888|58511|0
8888|134090|0
8888|23913|0
8888|45152|0
8888|9650|0
8888|134189|0
8888|138637|0
8888|148968|0
8888|58473|0
8888|55542|0
8888|132847|0
8888|9723|0
8888|7477|0
8888|38883|0
8888|55555|0
8888|17898|0
8888|133045|0
8888|24033|0
8888|133159|0
8888|38172|0
8888|151496|0
8888|45763|0
8888|140736|0
8888|132528|0
8888|55752|0
8888|63931|0
8888|38880|0
8888|136792|0
8888|134697|0
8888|140967|0
8888|58907|0
8888|38887|0
8888|18390|0
8888|136001|0
8888|38826|0
8888|24313|0
8888|55803|0
8888|4608|0
8888|133130|0
8888|135895|0
8888|135126|0
8888|133930|0
8888|45768|0
8888|55486|0
8888|17766|0
8888|38333|0
134090|64098|-1
134090|7647|-1
134090|38883|-1
134090|38887|-1
134090|55555|-1
134090|58907|-1
134090|59256|-1
134090|131214|-1
134090|134555|-1
134090|140074|-1
134090|140728|-1
134090|140933|-1
134090|140956|-1
134090|147000|-1
134090|149026|-1
134090|152590|-1
134090|153346|-1
134090|153809|-1
134090|154254|-1
134090|140627|0
134090|63956|0
134090|7575|0
134090|136557|0
134090|4764|0
134090|58511|0
134090|7594|0
134090|24516|0
134090|148968|0
134090|132847|0
134090|38880|0
134090|58941|0
134090|4608|0
134090|135895|0
4826|9336|-1
4826|64098|-1
4826|134090|-1
4826|4608|-1
4826|4778|-1
4826|7551|-1
4826|7635|-1
4826|9290|-1
4826|9301|-1
4826|9313|-1
4826|9328|-1
4826|9417|-1
4826|9443|-1
4826|9472|-1
4826|9519|-1
4826|9650|-1
4826|9672|-1
4826|9714|-1
4826|9723|-1
4826|9749|-1
4826|9792|-1
4826|9823|-1
4826|10083|-1
4826|10150|-1
4826|10213|-1
4826|10234|-1
4826|17461|-1
4826|17473|-1
4826|17477|-1
4826|17535|-1
4826|17632|-1
4826|17750|-1
4826|17802|-1
4826|17889|-1
4826|17918|-1
4826|17928|-1
4826|18036|-1
4826|18064|-1
4826|18108|-1
4826|18292|-1
4826|18349|-1
4826|18361|-1
4826|23722|-1
4826|23886|-1
4826|23907|-1
4826|23922|-1
4826|24017|-1
4826|24303|-1
4826|24480|-1
4826|24502|-1
4826|24541|-1
4826|24542|-1
4826|38050|-1
4826|38084|-1
4826|38172|-1
4826|38232|-1
4826|38263|-1
4826|38327|-1
4826|38456|-1
4826|38714|-1
4826|38749|-1
4826|38796|-1
4826|38804|-1
4826|38809|-1
4826|38813|-1
4826|38825|-1
4826|38826|-1
4826|38858|-1
4826|38859|-1
4826|38880|-1
4826|38883|-1
4826|38894|-1
4826|38905|-1
4826|38911|-1
4826|45118|-1
4826|45160|-1
4826|45186|-1
4826|45188|-1
4826|45192|-1
4826|45212|-1
4826|45226|-1
4826|45269|-1
4826|45270|-1
4826|45347|-1
4826|45427|-1
4826|45460|-1
4826|45510|-1
4826|45570|-1
4826|45577|-1
4826|45610|-1
4826|45626|-1
4826|45657|-1
4826|45780|-1
4826|45874|-1
4826|45875|-1
4826|45881|-1
4826|45912|-1
4826|45937|-1
4826|45947|-1
4826|45956|-1
4826|46014|-1
4826|55358|-1
4826|55365|-1
4826|55366|-1
4826|55419|-1
4826|55422|-1
4826|55444|-1
4826|55456|-1
4826|55527|-1
4826|55567|-1
4826|55581|-1
4826|55845|-1
4826|55848|-1
4826|55870|-1
4826|55876|-1
4826|55878|-1
4826|55884|-1
4826|55914|-1
4826|56038|-1
4826|56058|-1
4826|56270|-1
4826|56294|-1
4826|56307|-1
4826|58408|-1
4826|58464|-1
4826|58473|-1
4826|58533|-1
4826|58576|-1
4826|58580|-1
4826|58613|-1
4826|58723|-1
4826|58734|-1
4826|58735|-1
4826|58921|-1
4826|58922|-1
4826|58927|-1
4826|58989|-1
4826|59246|-1
4826|63850|-1
4826|64044|-1
4826|64090|-1
4826|131282|-1
4826|131480|-1
4826|131581|-1
4826|131998|-1
4826|132030|-1
4826|132094|-1
4826|132145|-1
4826|132205|-1
4826|132257|-1
4826|132269|-1
4826|132321|-1
4826|132433|-1
4826|132576|-1
4826|132581|-1
4826|132594|-1
4826|132620|-1
4826|132740|-1
4826|132789|-1
4826|132808|-1
4826|132852|-1
4826|132895|-1
4826|132896|-1
4826|132914|-1
4826|133015|-1
4826|133017|-1
4826|133040|-1
4826|133094|-1
4826|133116|-1
4826|133122|-1
4826|133156|-1
4826|133321|-1
4826|133417|-1
4826|133419|-1
4826|133438|-1
4826|133548|-1
4826|133603|-1
4826|133615|-1
4826|133787|-1
4826|133864|-1
4826|133873|-1
4826|133885|-1
4826|133940|-1
4826|133943|-1
4826|134070|-1
4826|134076|-1
4826|134119|-1
4826|134138|-1
4826|134164|-1
4826|134183|-1
4826|134369|-1
4826|134408|-1
4826|134456|-1
4826|134463|-1
4826|134472|-1
4826|134555|-1
4826|134584|-1
4826|134832|-1
4826|134844|-1
4826|135016|-1
4826|135088|-1
4826|135121|-1
4826|135126|-1
4826|135128|-1
4826|135287|-1
4826|135289|-1
4826|135301|-1
4826|135351|-1
4826|135359|-1
4826|135399|-1
4826|135512|-1
4826|135593|-1
4826|135634|-1
4826|135662|-1
4826|135675|-1
4826|135895|-1
4826|136001|-1
4826|136204|-1
4826|136218|-1
4826|136232|-1
4826|136241|-1
4826|136456|-1
4826|136490|-1
4826|136497|-1
4826|136518|-1
4826|136616|-1
4826|136623|-1
4826|136784|-1
4826|136812|-1
4826|136931|-1
4826|136943|-1
4826|137044|-1
4826|137192|-1
4826|137242|-1
4826|137421|-1
4826|137470|-1
4826|137525|-1
4826|137562|-1
4826|137822|-1
4826|137847|-1
4826|137852|-1
4826|137896|-1
4826|138013|-1
4826|138034|-1
4826|138173|-1
4826|138207|-1
4826|138209|-1
4826|138323|-1
4826|138661|-1
4826|138928|-1
4826|138940|-1
4826|138941|-1
4826|138977|-1
4826|139002|-1
4826|139006|-1
4826|139037|-1
4826|139049|-1
4826|139055|-1
4826|139193|-1
4826|139244|-1
4826|139337|-1
4826|139357|-1
4826|139583|-1
4826|139597|-1
4826|139666|-1
4826|139723|-1
4826|139845|-1
4826|139862|-1
4826|139890|-1
4826|139891|-1
4826|140062|-1
4826|140211|-1
4826|140325|-1
4826|140670|-1
4826|140736|-1
4826|140932|-1
4826|141043|-1
4826|141223|-1
4826|141422|-1
4826|141437|-1
4826|141684|-1
4826|141700|-1
4826|141749|-1
4826|142149|-1
4826|147037|-1
4826|147190|-1
4826|147304|-1
4826|149427|-1
4826|149834|-1
4826|150301|-1
4826|150333|-1
4826|150446|-1
4826|151321|-1
4826|151641|-1
4826|151831|-1
4826|151833|-1
4826|151846|-1
4826|152597|-1
4826|153042|-1
4826|153178|-1
4826|153184|-1
4826|153197|-1
4826|208063|-1
4826|213848|-1
4826|1221|0
4826|2764|0
4826|4764|0
4826|9280|0
4826|9507|0
4826|17559|0
4826|24516|0
4826|38195|0
4826|38561|0
4826|45437|0
4826|58511|0
4826|63956|0
4826|136557|0
4826|140627|0
4826|7575|0
4826|7594|0
4826|38790|0
4826|23913|0
4826|134067|0
4826|137271|0
4826|136805|0
4826|9297|0
4826|141992|0
4826|149851|0
4826|45152|0
4826|135107|0
4826|140646|0
4826|38572|0
4826|17978|0
4826|135425|0
4826|140099|0
4826|148968|0
4826|136972|0
4826|134980|0
4826|17635|0
4826|132529|0
4826|17667|0
4826|152595|0
4826|10214|0
4826|150004|0
4826|38611|0
4826|135415|0
4826|55542|0
4826|135060|0
4826|133403|0
4826|132847|0
4826|7477|0
4826|142125|0
4826|138165|0
4826|137426|0
4826|140937|0
4826|23871|0
4826|149647|0
4826|55575|0
4826|133389|0
4826|9408|0
4826|151799|0
4826|24479|0
4826|17898|0
4826|55707|0
4826|133326|0
4826|58530|0
4826|58507|0
4826|154329|0
4826|55766|0
4826|134147|0
4826|133045|0
4826|140583|0
4826|136914|0
4826|132533|0
4826|151213|0
4826|142017|0
4826|140637|0
4826|135015|0
4826|153655|0
4826|147061|0
4826|24033|0
4826|151203|0
4826|135302|0
4826|150329|0
4826|9342|0
4826|133159|0
4826|135421|0
4826|9745|0
4826|131316|0
4826|38719|0
4826|135406|0
4826|58589|0
4826|139466|0
4826|137399|0
4826|136994|0
4826|38220|0
4826|24476|0
4826|140231|0
4826|139279|0
4826|132405|0
4826|18255|0
4826|45931|0
4826|38583|0
4826|4851|0
4826|10084|0
4826|142049|0
4826|133206|0
4826|55819|0
4826|38438|0
4826|153160|0
4826|23731|0
4826|153547|0
4826|151496|0
4826|138657|0
4826|133934|0
4826|131270|0
4826|45763|0
4826|140051|0
4826|58505|0
4826|135668|0
4826|24395|0
4826|9648|0
4826|45852|0
4826|45638|0
4826|150746|0
4826|151976|0
4826|140910|0
4826|24305|0
4826|132849|0
4826|9544|0
4826|132528|0
4826|55752|0
4826|136161|0
4826|45278|0
4826|63931|0
4826|137065|0
4826|136792|0
4826|132077|0
4826|45671|0
4826|2713|0
4826|134697|0
4826|140967|0
4826|7628|0
4826|58914|0
4826|142276|0
4826|23747|0
4826|58907|0
4826|137032|0
4826|133189|0
4826|38887|0
4826|151660|0
4826|137042|0
4826|135027|0
4826|146994|0
4826|4857|0
4826|23669|0
4826|18390|0
4826|45926|0
4826|134160|0
4826|58941|0
4826|24313|0
4826|132309|0
4826|56035|0
4826|138027|0
4826|55803|0
4826|18117|0
4826|133434|0
4826|7604|0
4826|139077|0
4826|133333|0
4826|31732|0
4826|139649|0
4826|135565|0
4826|133130|0
4826|131476|0
4826|142596|0
4826|58713|0
4826|134143|0
4826|137841|0
4826|23943|0
4826|133930|0
4826|45665|0
4826|9652|0
4826|55486|0
4826|17766|0
4826|58868|0
4826|7600|0
4826|38333|0
4826|136398|0
4826|38716|0
7575|1851|-1
7575|4608|-1
7575|4822|-1
7575|6262|-1
7575|7573|-1
7575|7637|-1
7575|7645|-1
7575|9348|-1
7575|10079|-1
7575|10106|-1
7575|10148|-1
7575|17807|-1
7575|23719|-1
7575|23859|-1
7575|24014|-1
7575|24101|-1
7575|24313|-1
7575|24433|-1
7575|24434|-1
7575|24436|-1
7575|24437|-1
7575|24510|-1
7575|38076|-1
7575|38083|-1
7575|38474|-1
7575|45128|-1
7575|45213|-1
7575|45768|-1
7575|46069|-1
7575|55354|-1
7575|55773|-1
7575|56132|-1
7575|56210|-1
7575|58422|-1
7575|58582|-1
7575|58611|-1
7575|58686|-1
7575|58698|-1
7575|58877|-1
7575|59202|-1
7575|131294|-1
7575|132320|-1
7575|132868|-1
7575|132900|-1
7575|133091|-1
7575|133740|-1
7575|134096|-1
7575|134111|-1
7575|134115|-1
7575|134142|-1
7575|135164|-1
7575|135350|-1
7575|135892|-1
7575|135893|-1
7575|136013|-1
7575|136016|-1
7575|136135|-1
7575|136247|-1
7575|136408|-1
7575|136753|-1
7575|136912|-1
7575|137009|-1
7575|137073|-1
7575|137188|-1
7575|137400|-1
7575|137529|-1
7575|137837|-1
7575|137965|-1
7575|138017|-1
7575|138201|-1
7575|138390|-1
7575|138468|-1
7575|138477|-1
7575|138537|-1
7575|138945|-1
7575|139344|-1
7575|139700|-1
7575|139747|-1
7575|139868|-1
7575|140041|-1
7575|140623|-1
7575|140639|-1
7575|140735|-1
7575|140977|-1
7575|141402|-1
7575|142613|-1
7575|147013|-1
7575|147052|-1
7575|149164|-1
7575|149305|-1
7575|149872|-1
7575|151649|-1
7575|1221|0
7575|7545|0
7575|140627|0
7575|63956|0
7575|38195|0
7575|9507|0
7575|4764|0
7575|9280|0
7575|24516|0
7575|38561|0
7575|45437|0
7575|58511|0
7575|64098|0
7575|136557|0
7575|7594|0
7575|38790|0
7575|23913|0
7575|134067|0
7575|133483|0
7575|142116|0
7575|137271|0
7575|136805|0
7575|9297|0
7575|141992|0
7575|139357|0
7575|149851|0
7575|45152|0
7575|140646|0
7575|38572|0
7575|17978|0
7575|56307|0
7575|24541|0
7575|135526|0
7575|150446|0
7575|137562|0
7575|56199|0
7575|55878|0
7575|23667|0
7575|9650|0
7575|64006|0
7575|137576|0
7575|135425|0
7575|140099|0
7575|152464|0
7575|134189|0
7575|134832|0
7575|138637|0
7575|132476|0
7575|140896|0
7575|58989|0
7575|149026|0
7575|148968|0
7575|136972|0
7575|58473|0
7575|134980|0
7575|17635|0
7575|132529|0
7575|17667|0
7575|139597|0
7575|152595|0
7575|132094|0
7575|10214|0
7575|150004|0
7575|38611|0
7575|135415|0
7575|38327|0
7575|55542|0
7575|134844|0
7575|135060|0
7575|133403|0
7575|132847|0
7575|58580|0
7575|9723|0
7575|17535|0
7575|56087|0
7575|7477|0
7575|38883|0
7575|55555|0
7575|140892|0
7575|142125|0
7575|134149|0
7575|10083|0
7575|138165|0
7575|132491|0
7575|55567|0
7575|137426|0
7575|140937|0
7575|133615|0
7575|136900|0
7575|23871|0
7575|134119|0
7575|152183|0
7575|7546|0
7575|149647|0
7575|9795|0
7575|45118|0
7575|17477|0
7575|133389|0
7575|9408|0
7575|139049|0
7575|151799|0
7575|141397|0
7575|38858|0
7575|24479|0
7575|17898|0
7575|55707|0
7575|137847|0
7575|133326|0
7575|58530|0
7575|58507|0
7575|58921|0
7575|55766|0
7575|134147|0
7575|56123|0
7575|133045|0
7575|140583|0
7575|9749|0
7575|136914|0
7575|132533|0
7575|151213|0
7575|142017|0
7575|140637|0
7575|135015|0
7575|153655|0
7575|147061|0
7575|132808|0
7575|133417|0
7575|24033|0
7575|56106|0
7575|151203|0
7575|135302|0
7575|134555|0
7575|150329|0
7575|132430|0
7575|133120|0
7575|134688|0
7575|9519|0
7575|9342|0
7575|10080|0
7575|133159|0
7575|135421|0
7575|136784|0
7575|9745|0
7575|131316|0
7575|135512|0
7575|45577|0
7575|38719|0
7575|38172|0
7575|135406|0
7575|58589|0
7575|139466|0
7575|137399|0
7575|136994|0
7575|38220|0
7575|24476|0
7575|45510|0
7575|9449|0
7575|140231|0
7575|139279|0
7575|142588|0
7575|45780|0
7575|132405|0
7575|18255|0
7575|55359|0
7575|45931|0
7575|138502|0
7575|38583|0
7575|4851|0
7575|17732|0
7575|10084|0
7575|142049|0
7575|133206|0
7575|141746|0
7575|55581|0
7575|139288|0
7575|38438|0
7575|153160|0
7575|23731|0
7575|153547|0
7575|151496|0
7575|138657|0
7575|133934|0
7575|131270|0
7575|45763|0
7575|140051|0
7575|58505|0
7575|135668|0
7575|24395|0
7575|9648|0
7575|153346|0
7575|45852|0
7575|45638|0
7575|150746|0
7575|151976|0
7575|24303|0
7575|139623|0
7575|140910|0
7575|140736|0
7575|38456|0
7575|38749|0
7575|24305|0
7575|138209|0
7575|55366|0
7575|132849|0
7575|9544|0
7575|132848|0
7575|132895|0
7575|132528|0
7575|55752|0
7575|136161|0
7575|136741|0
7575|45278|0
7575|63931|0
7575|137065|0
7575|38880|0
7575|136792|0
7575|38084|0
7575|132077|0
7575|2713|0
7575|134697|0
7575|138466|0
7575|140967|0
7575|7628|0
7575|58914|0
7575|142276|0
7575|23747|0
7575|9301|0
7575|58907|0
7575|45240|0
7575|63850|0
7575|137032|0
7575|133189|0
7575|38887|0
7575|9313|0
7575|133122|0
7575|136204|0
7575|132789|0
7575|151660|0
7575|153971|0
7575|17473|0
7575|137042|0
7575|135027|0
7575|146994|0
7575|4857|0
7575|56294|0
7575|58464|0
7575|23669|0
7575|132394|0
7575|137896|0
7575|18390|0
7575|45926|0
7575|58927|0
7575|140994|0
7575|136001|0
7575|132448|0
7575|38826|0
7575|134160|0
7575|9328|0
7575|58941|0
7575|140670|0
7575|136518|0
7575|64044|0
7575|138654|0
7575|132309|0
7575|137575|0
7575|56035|0
7575|138027|0
7575|55803|0
7575|18117|0
7575|133434|0
7575|7604|0
7575|139077|0
7575|133333|0
7575|31732|0
7575|135565|0
7575|133130|0
7575|135895|0
7575|38541|0
7575|17889|0
7575|131476|0
7575|142596|0
7575|137388|0
7575|58713|0
7575|135126|0
7575|134143|0
7575|45269|0
7575|137841|0
7575|153836|0
7575|23943|0
7575|133930|0
7575|45665|0
7575|9652|0
7575|55486|0
7575|136935|0
7575|23854|0
7575|17766|0
7575|58868|0
7575|4778|0
7575|7600|0
7575|56038|0
7575|38333|0
7575|136398|0
7575|38716|0
7594|9336|-1
7594|17890|-1
7594|38298|-1
7594|58914|-1
7594|132113|-1
7594|134985|-1
7594|135027|-1
7594|136972|-1
7594|137958|-1
7594|138354|-1
7594|138589|-1
7594|139023|-1
7594|139077|-1
7594|141457|-1
7594|142125|-1
7594|152094|-1
7594|140627|0
7594|63956|0
7594|2764|0
7594|38195|0
7594|9507|0
7594|17559|0
7594|4764|0
7594|58511|0
7594|9280|0
7594|24516|0
7594|38561|0
7594|45437|0
7594|64098|0
7594|38790|0
7594|23913|0
7594|133483|0
7594|137271|0
7594|136805|0
7594|9297|0
7594|141992|0
7594|139357|0
7594|149851|0
7594|45152|0
7594|140646|0
7594|38572|0
7594|17978|0
7594|56307|0
7594|150446|0
7594|137562|0
7594|56199|0
7594|55878|0
7594|9650|0
7594|64006|0
7594|137576|0
7594|135425|0
7594|140099|0
7594|134189|0
7594|134832|0
7594|138637|0
7594|132476|0
7594|58989|0
7594|149026|0
7594|148968|0
7594|58473|0
7594|132529|0
7594|139597|0
7594|152595|0
7594|132094|0
7594|10214|0
7594|150004|0
7594|38611|0
7594|135415|0
7594|55542|0
7594|134844|0
7594|135060|0
7594|133403|0
7594|132847|0
7594|58580|0
7594|9723|0
7594|17535|0
7594|56087|0
7594|7477|0
7594|38883|0
7594|55555|0
7594|10083|0
7594|138165|0
7594|132491|0
7594|55567|0
7594|140937|0
7594|133615|0
7594|136900|0
7594|23871|0
7594|7546|0
7594|149647|0
7594|9795|0
7594|17477|0
7594|133389|0
7594|9408|0
7594|139049|0
7594|151799|0
7594|141397|0
7594|38858|0
7594|24479|0
7594|17898|0
7594|55707|0
7594|133326|0
7594|58530|0
7594|58507|0
7594|55766|0
7594|134147|0
7594|56123|0
7594|133045|0
7594|45881|0
7594|9749|0
7594|136914|0
7594|132533|0
7594|142017|0
7594|140637|0
7594|147061|0
7594|132808|0
7594|133417|0
7594|24033|0
7594|56106|0
7594|151203|0
7594|134555|0
7594|150329|0
7594|133120|0
7594|134688|0
7594|9519|0
7594|9342|0
7594|133159|0
7594|136784|0
7594|131316|0
7594|45577|0
7594|38719|0
7594|38172|0
7594|135406|0
7594|58589|0
7594|136994|0
7594|38220|0
7594|24476|0
7594|45510|0
7594|9449|0
7594|140231|0
7594|142588|0
7594|45780|0
7594|132405|0
7594|18255|0
7594|55359|0
7594|45931|0
7594|38583|0
7594|4851|0
7594|17732|0
7594|10084|0
7594|142049|0
7594|133206|0
7594|141746|0
7594|55581|0
7594|38438|0
7594|153160|0
7594|23731|0
7594|153547|0
7594|151496|0
7594|133934|0
7594|131270|0
7594|45763|0
7594|140051|0
7594|135668|0
7594|24395|0
7594|9648|0
7594|153346|0
7594|45852|0
7594|45638|0
7594|150746|0
7594|151976|0
7594|140910|0
7594|140736|0
7594|38456|0
7594|24305|0
7594|55366|0
7594|9544|0
7594|132895|0
7594|132528|0
7594|55752|0
7594|136161|0
7594|136741|0
7594|45278|0
7594|63931|0
7594|137065|0
7594|38880|0
7594|136792|0
7594|38084|0
7594|2713|0
7594|134697|0
7594|138466|0
7594|140967|0
7594|7628|0
7594|58907|0
7594|45240|0
7594|63850|0
7594|137032|0
7594|133189|0
7594|38887|0
7594|9313|0
7594|133122|0
7594|136204|0
7594|132789|0
7594|151660|0
7594|153971|0
7594|17473|0
7594|137042|0
7594|146994|0
7594|4857|0
7594|56294|0
7594|58464|0
7594|23669|0
7594|132394|0
7594|137896|0
7594|18390|0
7594|58927|0
7594|140994|0
7594|136001|0
7594|132448|0
7594|38826|0
7594|134160|0
7594|9328|0
7594|58941|0
7594|24313|0
7594|64044|0
7594|132309|0
7594|56035|0
7594|138027|0
7594|55803|0
7594|18117|0
7594|4608|0
7594|133434|0
7594|7604|0
7594|133333|0
7594|31732|0
7594|135565|0
7594|133130|0
7594|135895|0
7594|38541|0
7594|17889|0
7594|131476|0
7594|142596|0
7594|58713|0
7594|135126|0
7594|134143|0
7594|45269|0
7594|137841|0
7594|153836|0
7594|23943|0
7594|133930|0
7594|45665|0
7594|45768|0
7594|9652|0
7594|55486|0
7594|17766|0
7594|58868|0
7594|4778|0
7594|7600|0
7594|56038|0
7594|38333|0
7594|136398|0
38195|9280|-1
38195|10143|-1
38195|45437|-1
38195|7477|-1
38195|7585|-1
38195|9290|-1
38195|9519|-1
38195|9661|-1
38195|10234|-1
38195|17477|-1
38195|17766|-1
38195|17898|-1
38195|17983|-1
38195|18375|-1
38195|23747|-1
38195|24007|-1
38195|24233|-1
38195|38456|-1
38195|38534|-1
38195|38611|-1
38195|45510|-1
38195|45638|-1
38195|45671|-1
38195|55575|-1
38195|55752|-1
38195|55766|-1
38195|55803|-1
38195|56135|-1
38195|56178|-1
38195|56271|-1
38195|58505|-1
38195|58710|-1
38195|58868|-1
38195|63920|-1
38195|64006|-1
38195|131270|-1
38195|131455|-1
38195|131476|-1
38195|132007|-1
38195|132309|-1
38195|132789|-1
38195|133129|-1
38195|133159|-1
38195|133189|-1
38195|133382|-1
38195|133389|-1
38195|133534|-1
38195|133538|-1
38195|133553|-1
38195|133624|-1
38195|134143|-1
38195|134688|-1
38195|134980|-1
38195|135060|-1
38195|135526|-1
38195|136204|-1
38195|136398|-1
38195|136471|-1
38195|136612|-1
38195|136976|-1
38195|136994|-1
38195|137460|-1
38195|137534|-1
38195|138153|-1
38195|140099|-1
38195|140603|-1
38195|140643|-1
38195|141204|-1
38195|142596|-1
38195|150329|-1
38195|150419|-1
38195|151047|-1
38195|151203|-1
38195|153315|-1
38195|153472|-1
38195|140627|0
38195|63956|0
38195|4764|0
38195|24516|0
38195|58511|0
38195|136557|0
38195|148968|0
38195|132847|0
38195|38880|0
38195|58907|0
38195|58941|0
38195|4608|0
38195|135895|0
38195|38333|0
38790|9336|-1
38790|55573|-1
38790|140627|0
38790|63956|0
38790|136557|0
38790|4764|0
38790|58511|0
38790|24516|0
38790|148968|0
38790|132847|0
38790|38880|0
38790|58941|0
38790|4608|0
38790|135895|0
4764|9268|-1
4764|2713|-1
4764|7637|-1
4764|7703|-1
4764|9290|-1
4764|9382|-1
4764|9984|-1
4764|17667|-1
4764|17720|-1
4764|18111|-1
4764|18231|-1
4764|23863|-1
4764|24565|-1
4764|38333|-1
4764|38582|-1
4764|44354|-1
4764|45269|-1
4764|45270|-1
4764|45460|-1
4764|45763|-1
4764|45827|-1
4764|45873|-1
4764|45931|-1
4764|55564|-1
4764|55575|-1
4764|58545|-1
4764|58613|-1
4764|58634|-1
4764|58868|-1
4764|59246|-1
4764|63950|-1
4764|131312|-1
4764|131476|-1
4764|131999|-1
4764|132257|-1
4764|132581|-1
4764|132896|-1
4764|133080|-1
4764|133102|-1
4764|133143|-1
4764|133175|-1
4764|133418|-1
4764|133534|-1
4764|133582|-1
4764|133758|-1
4764|133853|-1
4764|134181|-1
4764|134563|-1
4764|135039|-1
4764|135168|-1
4764|135359|-1
4764|135668|-1
4764|136487|-1
4764|136609|-1
4764|136760|-1
4764|136812|-1
4764|136943|-1
4764|137049|-1
4764|137219|-1
4764|137251|-1
4764|137399|-1
4764|137411|-1
4764|137426|-1
4764|137442|-1
4764|137582|-1
4764|138015|-1
4764|138455|-1
4764|138502|-1
4764|138624|-1
4764|138633|-1
4764|138654|-1
4764|138945|-1
4764|138952|-1
4764|139222|-1
4764|139357|-1
4764|139466|-1
4764|139623|-1
4764|139664|-1
4764|139723|-1
4764|139756|-1
4764|139819|-1
4764|139845|-1
4764|139862|-1
4764|139909|-1
4764|140583|-1
4764|140603|-1
4764|140670|-1
4764|140702|-1
4764|140842|-1
4764|141002|-1
4764|141036|-1
4764|141360|-1
4764|141397|-1
4764|141727|-1
4764|142038|-1
4764|142283|-1
4764|149017|-1
4764|149782|-1
4764|149827|-1
4764|149998|-1
4764|150343|-1
4764|150427|-1
4764|150688|-1
4764|150710|-1
4764|150801|-1
4764|152133|-1
4764|153451|-1
4764|153598|-1
4764|153655|-1
4764|153720|-1
4764|154121|-1
4764|200557|-1
4764|140627|0
4764|63956|0
4764|9507|0
4764|17559|0
4764|136557|0
4764|24516|0
4764|38561|0
4764|45437|0
4764|9280|0
4764|58511|0
4764|64098|0
4764|23913|0
4764|134067|0
4764|133483|0
4764|142116|0
4764|137271|0
4764|136805|0
4764|9297|0
4764|141992|0
4764|149851|0
4764|45152|0
4764|135107|0
4764|140646|0
4764|38572|0
4764|17978|0
4764|56307|0
4764|24541|0
4764|150446|0
4764|137562|0
4764|56199|0
4764|55878|0
4764|9650|0
4764|64006|0
4764|137576|0
4764|135425|0
4764|140099|0
4764|152464|0
4764|134189|0
4764|134832|0
4764|138637|0
4764|132476|0
4764|140896|0
4764|24008|0
4764|58989|0
4764|149026|0
4764|148968|0
4764|136972|0
4764|58473|0
4764|134980|0
4764|17635|0
4764|132529|0
4764|152595|0
4764|132094|0
4764|10214|0
4764|150004|0
4764|38611|0
4764|135415|0
4764|38327|0
4764|55542|0
4764|134844|0
4764|135060|0
4764|133403|0
4764|132847|0
4764|58580|0
4764|9723|0
4764|17535|0
4764|56087|0
4764|7477|0
4764|38883|0
4764|55555|0
4764|140892|0
4764|142125|0
4764|10083|0
4764|138165|0
4764|132491|0
4764|55567|0
4764|140937|0
4764|136900|0
4764|23871|0
4764|134119|0
4764|152183|0
4764|7546|0
4764|149647|0
4764|9795|0
4764|45118|0
4764|17477|0
4764|133389|0
4764|9408|0
4764|139049|0
4764|151799|0
4764|38858|0
4764|24479|0
4764|17898|0
4764|55707|0
4764|137847|0
4764|133326|0
4764|58507|0
4764|58921|0
4764|55766|0
4764|134147|0
4764|56123|0
4764|133045|0
4764|9749|0
4764|136914|0
4764|132533|0
4764|151213|0
4764|142017|0
4764|140637|0
4764|135015|0
4764|133417|0
4764|24033|0
4764|56106|0
4764|151203|0
4764|135302|0
4764|134555|0
4764|150329|0
4764|132430|0
4764|133120|0
4764|134688|0
4764|9519|0
4764|9342|0
4764|10080|0
4764|133159|0
4764|136784|0
4764|9745|0
4764|131316|0
4764|135512|0
4764|45577|0
4764|38719|0
4764|38172|0
4764|135406|0
4764|136994|0
4764|38220|0
4764|24476|0
4764|9449|0
4764|140231|0
4764|142588|0
4764|45780|0
4764|132405|0
4764|18255|0
4764|55359|0
4764|38583|0
4764|4851|0
4764|17732|0
4764|10084|0
4764|142049|0
4764|133206|0
4764|141746|0
4764|55581|0
4764|139288|0
4764|38438|0
4764|153160|0
4764|23731|0
4764|153547|0
4764|151496|0
4764|138657|0
4764|131270|0
4764|140051|0
4764|58505|0
4764|24395|0
4764|9648|0
4764|153346|0
4764|45852|0
4764|45638|0
4764|150746|0
4764|151976|0
4764|24303|0
4764|140910|0
4764|140736|0
4764|38456|0
4764|38749|0
4764|24305|0
4764|138209|0
4764|55366|0
4764|132849|0
4764|9544|0
4764|132848|0
4764|132895|0
4764|132528|0
4764|55752|0
4764|136741|0
4764|45278|0
4764|63931|0
4764|137065|0
4764|38880|0
4764|136792|0
4764|38084|0
4764|132077|0
4764|134697|0
4764|138466|0
4764|140967|0
4764|7628|0
4764|58914|0
4764|142276|0
4764|23747|0
4764|9301|0
4764|58907|0
4764|45240|0
4764|63850|0
4764|137032|0
4764|133189|0
4764|38887|0
4764|9313|0
4764|133122|0
4764|136204|0
4764|132789|0
4764|151660|0
4764|153971|0
4764|17473|0
4764|137042|0
4764|135027|0
4764|146994|0
4764|4857|0
4764|56294|0
4764|58464|0
4764|23669|0
4764|132394|0
4764|137896|0
4764|18390|0
4764|45926|0
4764|58927|0
4764|140994|0
4764|136001|0
4764|132448|0
4764|38826|0
4764|134160|0
4764|9328|0
4764|58941|0
4764|136518|0
4764|24313|0
4764|64044|0
4764|132309|0
4764|137575|0
4764|56035|0
4764|138027|0
4764|55803|0
4764|18117|0
4764|4608|0
4764|133434|0
4764|7604|0
4764|139077|0
4764|31732|0
4764|135565|0
4764|133130|0
4764|135895|0
4764|38541|0
4764|17889|0
4764|142596|0
4764|137388|0
4764|58713|0
4764|135126|0
4764|134143|0
4764|137841|0
4764|135662|0
4764|153836|0
4764|23943|0
4764|133930|0
4764|45665|0
4764|45768|0
4764|9652|0
4764|55486|0
4764|136935|0
4764|23854|0
4764|17766|0
4764|4778|0
4764|7600|0
4764|56038|0
4764|136398|0
4764|38716|0
7474|9507|-1
7474|38195|-1
7474|38561|-1
7474|1851|-1
7474|2756|-1
7474|4804|-1
7474|7486|-1
7474|7600|-1
7474|9313|-1
7474|9328|-1
7474|9426|-1
7474|9463|-1
7474|9518|-1
7474|9723|-1
7474|9823|-1
7474|9983|-1
7474|10105|-1
7474|10128|-1
7474|10152|-1
7474|10218|-1
7474|10234|-1
7474|17496|-1
7474|17755|-1
7474|17802|-1
7474|17807|-1
7474|17898|-1
7474|17906|-1
7474|17978|-1
7474|17987|-1
7474|18220|-1
7474|18255|-1
7474|18292|-1
7474|18390|-1
7474|23871|-1
7474|23922|-1
7474|24069|-1
7474|24120|-1
7474|24315|-1
7474|24316|-1
7474|24338|-1
7474|24517|-1
7474|24543|-1
7474|37998|-1
7474|38050|-1
7474|38066|-1
7474|38295|-1
7474|38472|-1
7474|38572|-1
7474|38825|-1
7474|38882|-1
7474|45160|-1
7474|45211|-1
7474|45527|-1
7474|45583|-1
7474|45838|-1
7474|45852|-1
7474|45867|-1
7474|45947|-1
7474|55302|-1
7474|55366|-1
7474|55525|-1
7474|55542|-1
7474|55797|-1
7474|55848|-1
7474|56177|-1
7474|56265|-1
7474|58446|-1
7474|58507|-1
7474|58576|-1
7474|58735|-1
7474|131290|-1
7474|132020|-1
7474|132049|-1
7474|132256|-1
7474|132424|-1
7474|132728|-1
7474|132847|-1
7474|132909|-1
7474|133045|-1
7474|133061|-1
7474|133081|-1
7474|133085|-1
7474|133146|-1
7474|133321|-1
7474|133603|-1
7474|133737|-1
7474|133787|-1
7474|134081|-1
7474|134164|-1
7474|134747|-1
7474|134994|-1
7474|135399|-1
7474|135545|-1
7474|135609|-1
7474|135897|-1
7474|136008|-1
7474|136241|-1
7474|136392|-1
7474|136518|-1
7474|136539|-1
7474|137036|-1
7474|137227|-1
7474|137442|-1
7474|137968|-1
7474|138174|-1
7474|138180|-1
7474|138194|-1
7474|138363|-1
7474|138367|-1
7474|138455|-1
7474|138469|-1
7474|138483|-1
7474|138681|-1
7474|138977|-1
7474|139048|-1
7474|139352|-1
7474|139578|-1
7474|139665|-1
7474|139740|-1
7474|140503|-1
7474|140587|-1
7474|141161|-1
7474|141211|-1
7474|141749|-1
7474|147313|-1
7474|148968|-1
7474|152167|-1
7474|152302|-1
7474|152597|-1
7474|152908|-1
7474|153049|-1
7474|153467|-1
7474|136557|0
7474|24516|0
7474|38880|0
7545|2764|-1
7545|17559|-1
7545|45437|-1
7545|140627|-1
7545|4739|-1
7545|4749|-1
7545|7467|-1
7545|7628|-1
7545|9328|-1
7545|9749|-1
7545|9792|-1
7545|9880|-1
7545|9913|-1
7545|9942|-1
7545|10128|-1
7545|10129|-1
7545|10213|-1
7545|17461|-1
7545|17535|-1
7545|17728|-1
7545|17741|-1
7545|17756|-1
7545|17763|-1
7545|17766|-1
7545|17987|-1
7545|18361|-1
7545|18371|-1
7545|18375|-1
7545|23854|-1
7545|23943|-1
7545|23965|-1
7545|24017|-1
7545|24130|-1
7545|24338|-1
7545|24341|-1
7545|24541|-1
7545|24543|-1
7545|24565|-1
7545|38220|-1
7545|38242|-1
7545|38302|-1
7545|38549|-1
7545|38572|-1
7545|38582|-1
7545|38583|-1
7545|38803|-1
7545|38894|-1
7545|45118|-1
7545|45270|-1
7545|45434|-1
7545|45442|-1
7545|45577|-1
7545|45657|-1
7545|45665|-1
7545|45692|-1
7545|45793|-1
7545|45852|-1
7545|45874|-1
7545|45875|-1
7545|55328|-1
7545|55366|-1
7545|55400|-1
7545|55478|-1
7545|55506|-1
7545|55575|-1
7545|55580|-1
7545|55581|-1
7545|55762|-1
7545|55775|-1
7545|55871|-1
7545|55924|-1
7545|56057|-1
7545|56073|-1
7545|56123|-1
7545|56135|-1
7545|56199|-1
7545|56210|-1
7545|56294|-1
7545|56307|-1
7545|58372|-1
7545|58509|-1
7545|58545|-1
7545|58580|-1
7545|58634|-1
7545|58681|-1
7545|58696|-1
7545|58710|-1
7545|58713|-1
7545|58716|-1
7545|58734|-1
7545|58739|-1
7545|58907|-1
7545|58916|-1
7545|59339|-1
7545|59383|-1
7545|63919|-1
7545|63950|-1
7545|64090|-1
7545|131197|-1
7545|131214|-1
7545|131230|-1
7545|131268|-1
7545|131270|-1
7545|131295|-1
7545|131312|-1
7545|131455|-1
7545|131998|-1
7545|132020|-1
7545|132070|-1
7545|132093|-1
7545|132256|-1
7545|132476|-1
7545|132492|-1
7545|132532|-1
7545|132620|-1
7545|132626|-1
7545|132682|-1
7545|132728|-1
7545|132852|-1
7545|132868|-1
7545|132906|-1
7545|133030|-1
7545|133061|-1
7545|133094|-1
7545|133130|-1
7545|133138|-1
7545|133143|-1
7545|133146|-1
7545|133161|-1
7545|133216|-1
7545|133326|-1
7545|133403|-1
7545|133434|-1
7545|133501|-1
7545|133612|-1
7545|133737|-1
7545|133758|-1
7545|133940|-1
7545|133943|-1
7545|134101|-1
7545|134181|-1
7545|134183|-1
7545|134184|-1
7545|134584|-1
7545|134602|-1
7545|134678|-1
7545|134754|-1
7545|134778|-1
7545|134791|-1
7545|134832|-1
7545|135050|-1
7545|135118|-1
7545|135121|-1
7545|135127|-1
7545|135145|-1
7545|135165|-1
7545|135275|-1
7545|135321|-1
7545|135350|-1
7545|135359|-1
7545|135368|-1
7545|135415|-1
7545|135593|-1
7545|135627|-1
7545|135653|-1
7545|135656|-1
7545|135879|-1
7545|136006|-1
7545|136036|-1
7545|136132|-1
7545|136152|-1
7545|136203|-1
7545|136206|-1
7545|136386|-1
7545|136487|-1
7545|136490|-1
7545|136539|-1
7545|136572|-1
7545|136589|-1
7545|136731|-1
7545|136771|-1
7545|136900|-1
7545|136924|-1
7545|136988|-1
7545|137009|-1
7545|137010|-1
7545|137042|-1
7545|137079|-1
7545|137244|-1
7545|137529|-1
7545|137555|-1
7545|137814|-1
7545|137841|-1
7545|137893|-1
7545|137998|-1
7545|138002|-1
7545|138013|-1
7545|138017|-1
7545|138153|-1
7545|138165|-1
7545|138210|-1
7545|138216|-1
7545|138367|-1
7545|138372|-1
7545|138386|-1
7545|138563|-1
7545|138683|-1
7545|138940|-1
7545|138941|-1
7545|139000|-1
7545|139048|-1
7545|139084|-1
7545|139193|-1
7545|139246|-1
7545|139253|-1
7545|139273|-1
7545|139279|-1
7545|139578|-1
7545|139582|-1
7545|139633|-1
7545|139696|-1
7545|139843|-1
7545|139848|-1
7545|139868|-1
7545|139917|-1
7545|140062|-1
7545|140070|-1
7545|140099|-1
7545|140211|-1
7545|140325|-1
7545|140587|-1
7545|140842|-1
7545|140968|-1
7545|141043|-1
7545|141046|-1
7545|141161|-1
7545|141211|-1
7545|141392|-1
7545|141400|-1
7545|141401|-1
7545|141422|-1
7545|141727|-1
7545|141733|-1
7545|141885|-1
7545|142010|-1
7545|142042|-1
7545|142143|-1
7545|142411|-1
7545|142585|-1
7545|146967|-1
7545|147062|-1
7545|147069|-1
7545|147310|-1
7545|148968|-1
7545|149427|-1
7545|149488|-1
7545|149811|-1
7545|149814|-1
7545|149834|-1
7545|149998|-1
7545|150121|-1
7545|150421|-1
7545|150427|-1
7545|150710|-1
7545|151047|-1
7545|151332|-1
7545|151623|-1
7545|151831|-1
7545|152667|-1
7545|152683|-1
7545|153162|-1
7545|153364|-1
7545|153373|-1
7545|153472|-1
7545|153642|-1
7545|153643|-1
7545|154089|-1
7545|154301|-1
7545|132076|0
9507|7604|-1
9507|9745|-1
9507|10214|-1
9507|18065|-1
9507|23731|-1
9507|24305|-1
9507|24541|-1
9507|38242|-1
9507|38716|-1
9507|38830|-1
9507|38887|-1
9507|45838|-1
9507|45929|-1
9507|55543|-1
9507|55555|-1
9507|55884|-1
9507|56035|-1
9507|56087|-1
9507|58533|-1
9507|58589|-1
9507|132405|-1
9507|132789|-1
9507|133206|-1
9507|135015|-1
9507|135565|-1
9507|135634|-1
9507|135878|-1
9507|138657|-1
9507|139077|-1
9507|140268|-1
9507|140643|-1
9507|140896|-1
9507|140994|-1
9507|142049|-1
9507|149874|-1
9507|151213|-1
9507|151976|-1
9507|152641|-1
9507|154301|-1
9507|208063|-1
9507|140627|0
9507|63956|0
9507|24516|0
9507|136557|0
9507|58511|0
9507|148968|0
9507|132847|0
9507|38880|0
9507|4608|0
9507|135895|0
17559|7575|-1
17559|9792|-1
17559|138988|-1
17559|153397|-1
17559|140627|0
17559|63956|0
17559|136557|0
17559|24516|0
17559|58511|0
17559|148968|0
17559|132847|0
17559|38880|0
17559|58941|0
17559|4608|0
17559|135895|0
24516|17473|-1
24516|38716|-1
24516|45926|-1
24516|56073|-1
24516|63931|-1
24516|132245|-1
24516|132382|-1
24516|132397|-1
24516|132849|-1
24516|133161|-1
24516|133382|-1
24516|133434|-1
24516|134185|-1
24516|135027|-1
24516|135302|-1
24516|135406|-1
24516|135555|-1
24516|136577|-1
24516|137042|-1
24516|137060|-1
24516|137575|-1
24516|137576|-1
24516|139207|-1
24516|140051|-1
24516|140231|-1
24516|140382|-1
24516|140703|-1
24516|140730|-1
24516|141734|-1
24516|142426|-1
24516|149841|-1
24516|149851|-1
24516|151634|-1
24516|151799|-1
24516|152105|-1
24516|152183|-1
24516|152464|-1
24516|152682|-1
24516|152738|-1
24516|152882|-1
24516|153597|-1
24516|140627|0
24516|63956|0
24516|136557|0
24516|58511|0
24516|9280|0
24516|64098|0
24516|23913|0
24516|134067|0
24516|142116|0
24516|137271|0
24516|9297|0
24516|45152|0
24516|135107|0
24516|140646|0
24516|17978|0
24516|24541|0
24516|9650|0
24516|135425|0
24516|134189|0
24516|138637|0
24516|140896|0
24516|24008|0
24516|148968|0
24516|136972|0
24516|58473|0
24516|134980|0
24516|17635|0
24516|132094|0
24516|10214|0
24516|150004|0
24516|38327|0
24516|55542|0
24516|135060|0
24516|132847|0
24516|9723|0
24516|56087|0
24516|7477|0
24516|38883|0
24516|55555|0
24516|134149|0
24516|10083|0
24516|55567|0
24516|137426|0
24516|140937|0
24516|136900|0
24516|7546|0
24516|149647|0
24516|9795|0
24516|45118|0
24516|17477|0
24516|38858|0
24516|17898|0
24516|55707|0
24516|58507|0
24516|133045|0
24516|140583|0
24516|151213|0
24516|135015|0
24516|153655|0
24516|147061|0
24516|24033|0
24516|151203|0
24516|134555|0
24516|150329|0
24516|132430|0
24516|133120|0
24516|134688|0
24516|9519|0
24516|133159|0
24516|135421|0
24516|136784|0
24516|9745|0
24516|131316|0
24516|38719|0
24516|38172|0
24516|139466|0
24516|137399|0
24516|136994|0
24516|9449|0
24516|142588|0
24516|45780|0
24516|17732|0
24516|142049|0
24516|133206|0
24516|141746|0
24516|139288|0
24516|153160|0
24516|151496|0
24516|133934|0
24516|131270|0
24516|45763|0
24516|139873|0
24516|58505|0
24516|153346|0
24516|45638|0
24516|151976|0
24516|139623|0
24516|140910|0
24516|140736|0
24516|38456|0
24516|24305|0
24516|132528|0
24516|55752|0
24516|38880|0
24516|136792|0
24516|2713|0
24516|134697|0
24516|138466|0
24516|140967|0
24516|7628|0
24516|4777|0
24516|9301|0
24516|58907|0
24516|137032|0
24516|38887|0
24516|9313|0
24516|136204|0
24516|132789|0
24516|151660|0
24516|56294|0
24516|18390|0
24516|140994|0
24516|136001|0
24516|38826|0
24516|134160|0
24516|9328|0
24516|24313|0
24516|64044|0
24516|138654|0
24516|56035|0
24516|55803|0
24516|4608|0
24516|7604|0
24516|139077|0
24516|31732|0
24516|135565|0
24516|133130|0
24516|135895|0
24516|38541|0
24516|17889|0
24516|131476|0
24516|135126|0
24516|134143|0
24516|153836|0
24516|23943|0
24516|133930|0
24516|45768|0
24516|55486|0
24516|136935|0
24516|17766|0
24516|58868|0
24516|38333|0
38561|18117|-1
38561|24061|-1
38561|55845|-1
38561|132299|-1
38561|132392|-1
38561|133045|-1
38561|140627|0
38561|63956|0
38561|136557|0
38561|58511|0
38561|141992|0
38561|148968|0
38561|132847|0
38561|9723|0
38561|7477|0
38561|9749|0
38561|136914|0
38561|24033|0
38561|38438|0
38561|131270|0
38561|24395|0
38561|45852|0
38561|150746|0
38561|38880|0
38561|56294|0
38561|58941|0
38561|4608|0
38561|135895|0
38561|45665|0
45437|23669|-1
45437|23993|-1
45437|24092|-1
45437|38220|-1
45437|45871|-1
45437|63922|-1
45437|131478|-1
45437|132908|-1
45437|133120|-1
45437|133435|-1
45437|134160|-1
45437|134179|-1
45437|134503|-1
45437|139000|-1
45437|140885|-1
45437|149026|-1
45437|140627|0
45437|63956|0
45437|136557|0
45437|58511|0
45437|17978|0
45437|148968|0
45437|132847|0
45437|58580|0
45437|150329|0
45437|38719|0
45437|38880|0
45437|58941|0
45437|4608|0
45437|135895|0
58511|9280|-1
58511|7551|-1
58511|7628|-1
58511|9224|-1
58511|9461|-1
58511|17473|-1
58511|17889|-1
58511|24479|-1
58511|38172|-1
58511|38333|-1
58511|45447|-1
58511|45638|-1
58511|45780|-1
58511|55811|-1
58511|132072|-1
58511|132791|-1
58511|133196|-1
58511|133914|-1
58511|133930|-1
58511|134067|-1
58511|134242|-1
58511|134743|-1
58511|136045|-1
58511|136161|-1
58511|136805|-1
58511|137549|-1
58511|137863|-1
58511|140736|-1
58511|140891|-1
58511|140627|0
58511|63956|0
58511|2764|0
58511|136557|0
58511|64098|0
58511|23913|0
58511|133483|0
58511|142116|0
58511|137271|0
58511|9297|0
58511|141992|0
58511|139357|0
58511|149851|0
58511|135107|0
58511|140646|0
58511|38572|0
58511|17978|0
58511|56307|0
58511|24541|0
58511|150446|0
58511|137562|0
58511|55878|0
58511|9650|0
58511|64006|0
58511|137576|0
58511|135425|0
58511|140099|0
58511|152464|0
58511|134189|0
58511|134832|0
58511|140896|0
58511|24008|0
58511|58989|0
58511|149026|0
58511|148968|0
58511|136972|0
58511|134980|0
58511|17635|0
58511|132529|0
58511|17667|0
58511|139597|0
58511|152595|0
58511|10214|0
58511|38611|0
58511|135415|0
58511|38327|0
58511|55542|0
58511|134844|0
58511|135060|0
58511|133403|0
58511|132847|0
58511|58580|0
58511|9723|0
58511|17535|0
58511|56087|0
58511|7477|0
58511|38883|0
58511|55555|0
58511|142125|0
58511|134149|0
58511|10083|0
58511|138165|0
58511|132491|0
58511|137426|0
58511|140937|0
58511|133615|0
58511|23871|0
58511|134119|0
58511|152183|0
58511|7546|0
58511|45118|0
58511|17477|0
58511|133389|0
58511|9408|0
58511|139049|0
58511|151799|0
58511|141397|0
58511|38858|0
58511|17898|0
58511|55707|0
58511|137847|0
58511|58530|0
58511|58507|0
58511|58921|0
58511|154329|0
58511|55766|0
58511|56123|0
58511|133045|0
58511|140583|0
58511|9749|0
58511|136914|0
58511|132533|0
58511|151213|0
58511|142017|0
58511|140637|0
58511|135015|0
58511|153655|0
58511|147061|0
58511|132808|0
58511|133417|0
58511|24033|0
58511|56106|0
58511|151203|0
58511|135302|0
58511|134555|0
58511|150329|0
58511|132430|0
58511|133120|0
58511|134688|0
58511|9519|0
58511|9342|0
58511|133159|0
58511|135421|0
58511|136784|0
58511|9745|0
58511|131316|0
58511|135512|0
58511|45577|0
58511|38719|0
58511|135406|0
58511|58589|0
58511|139466|0
58511|137399|0
58511|136994|0
58511|38220|0
58511|24476|0
58511|140231|0
58511|139279|0
58511|142588|0
58511|132405|0
58511|18255|0
58511|55359|0
58511|45931|0
58511|138502|0
58511|38583|0
58511|4851|0
58511|10084|0
58511|133206|0
58511|55581|0
58511|139288|0
58511|38438|0
58511|23731|0
58511|151496|0
58511|138657|0
58511|133934|0
58511|131270|0
58511|45763|0
58511|140051|0
58511|58505|0
58511|135668|0
58511|24395|0
58511|9648|0
58511|153346|0
58511|45852|0
58511|150746|0
58511|151976|0
58511|24303|0
58511|139623|0
58511|141204|0
58511|140910|0
58511|38749|0
58511|24305|0
58511|138209|0
58511|55366|0
58511|132849|0
58511|9544|0
58511|132848|0
58511|132895|0
58511|55752|0
58511|136741|0
58511|131455|0
58511|45278|0
58511|63931|0
58511|137065|0
58511|38880|0
58511|38084|0
58511|45671|0
58511|2713|0
58511|134697|0
58511|138466|0
58511|58914|0
58511|142276|0
58511|4777|0
58511|23747|0
58511|9301|0
58511|58907|0
58511|45240|0
58511|63850|0
58511|137032|0
58511|133189|0
58511|9313|0
58511|133122|0
58511|136204|0
58511|132789|0
58511|151660|0
58511|153971|0
58511|137042|0
58511|135027|0
58511|146994|0
58511|4857|0
58511|56294|0
58511|58464|0
58511|23669|0
58511|132394|0
58511|137896|0
58511|18390|0
58511|45926|0
58511|58927|0
58511|140994|0
58511|136001|0
58511|132448|0
58511|38826|0
58511|134160|0
58511|9328|0
58511|58941|0
58511|140670|0
58511|136518|0
58511|24313|0
58511|64044|0
58511|138654|0
58511|132309|0
58511|137575|0
58511|38016|0
58511|56035|0
58511|138027|0
58511|55803|0
58511|18117|0
58511|4608|0
58511|7604|0
58511|139077|0
58511|133333|0
58511|31732|0
58511|139649|0
58511|135565|0
58511|133130|0
58511|135895|0
58511|38541|0
58511|131476|0
58511|10207|0
58511|137388|0
58511|58713|0
58511|135126|0
58511|134143|0
58511|45269|0
58511|23943|0
58511|45665|0
58511|45768|0
58511|9652|0
58511|55486|0
58511|136935|0
58511|17766|0
58511|58868|0
58511|4778|0
58511|7600|0
58511|56038|0
58511|136398|0
58511|38716|0
63956|9652|-1
63956|9667|-1
63956|18036|-1
63956|24033|-1
63956|24446|-1
63956|55359|-1
63956|56087|-1
63956|56123|-1
63956|56199|-1
63956|58940|-1
63956|59356|-1
63956|132834|-1
63956|133480|-1
63956|134143|-1
63956|134441|-1
63956|136001|-1
63956|137455|-1
63956|137958|-1
63956|138525|-1
63956|138637|-1
63956|140576|-1
63956|140729|-1
63956|142059|-1
63956|150162|-1
63956|153971|-1
63956|1221|0
63956|140627|0
63956|9280|0
63956|136557|0
63956|64098|0
63956|23913|0
63956|133483|0
63956|136805|0
63956|9297|0
63956|141992|0
63956|139357|0
63956|149851|0
63956|140646|0
63956|38572|0
63956|17978|0
63956|56307|0
63956|24541|0
63956|150446|0
63956|137562|0
63956|55878|0
63956|9650|0
63956|64006|0
63956|135425|0
63956|140099|0
63956|152464|0
63956|134189|0
63956|134832|0
63956|132476|0
63956|140896|0
63956|58989|0
63956|149026|0
63956|148968|0
63956|136972|0
63956|58473|0
63956|134980|0
63956|17635|0
63956|132529|0
63956|139597|0
63956|152595|0
63956|132094|0
63956|10214|0
63956|38611|0
63956|135415|0
63956|38327|0
63956|55542|0
63956|134844|0
63956|135060|0
63956|133403|0
63956|132847|0
63956|58580|0
63956|9723|0
63956|17535|0
63956|7477|0
63956|38883|0
63956|55555|0
63956|142125|0
63956|10083|0
63956|138165|0
63956|132491|0
63956|55567|0
63956|140937|0
63956|133615|0
63956|136900|0
63956|23871|0
63956|134119|0
63956|7546|0
63956|9795|0
63956|45118|0
63956|17477|0
63956|133389|0
63956|9408|0
63956|139049|0
63956|151799|0
63956|141397|0
63956|38858|0
63956|24479|0
63956|17898|0
63956|55707|0
63956|137847|0
63956|133326|0
63956|58530|0
63956|58507|0
63956|58921|0
63956|55766|0
63956|134147|0
63956|133045|0
63956|140583|0
63956|9749|0
63956|136914|0
63956|132533|0
63956|142017|0
63956|140637|0
63956|135015|0
63956|147061|0
63956|132808|0
63956|133417|0
63956|56106|0
63956|151203|0
63956|135302|0
63956|134555|0
63956|133120|0
63956|134688|0
63956|9519|0
63956|9342|0
63956|133159|0
63956|136784|0
63956|9745|0
63956|131316|0
63956|135512|0
63956|45577|0
63956|38719|0
63956|38172|0
63956|135406|0
63956|58589|0
63956|136994|0
63956|38220|0
63956|24476|0
63956|45510|0
63956|140231|0
63956|139279|0
63956|45780|0
63956|132405|0
63956|18255|0
63956|45931|0
63956|138502|0
63956|38583|0
63956|4851|0
63956|17732|0
63956|10084|0
63956|133206|0
63956|141746|0
63956|55581|0
63956|38438|0
63956|23731|0
63956|151496|0
63956|138657|0
63956|133934|0
63956|131270|0
63956|45763|0
63956|140051|0
63956|58505|0
63956|135668|0
63956|24395|0
63956|9648|0
63956|45852|0
63956|45638|0
63956|150746|0
63956|151976|0
63956|24303|0
63956|140910|0
63956|140736|0
63956|38456|0
63956|38749|0
63956|24305|0
63956|138209|0
63956|55366|0
63956|132849|0
63956|9544|0
63956|132848|0
63956|132895|0
63956|132528|0
63956|55752|0
63956|136161|0
63956|45278|0
63956|63931|0
63956|137065|0
63956|38880|0
63956|136792|0
63956|38084|0
63956|132077|0
63956|134697|0
63956|138466|0
63956|140967|0
63956|7628|0
63956|58914|0
63956|142276|0
63956|23747|0
63956|9301|0
63956|58907|0
63956|45240|0
63956|63850|0
63956|137032|0
63956|133189|0
63956|38887|0
63956|9313|0
63956|133122|0
63956|136204|0
63956|151660|0
63956|17473|0
63956|137042|0
63956|135027|0
63956|146994|0
63956|4857|0
63956|56294|0
63956|58464|0
63956|23669|0
63956|132394|0
63956|137896|0
63956|18390|0
63956|45926|0
63956|58927|0
63956|140994|0
63956|132448|0
63956|38826|0
63956|134160|0
63956|9328|0
63956|58941|0
63956|136518|0
63956|24313|0
63956|64044|0
63956|132309|0
63956|137575|0
63956|56035|0
63956|138027|0
63956|55803|0
63956|18117|0
63956|4608|0
63956|133434|0
63956|7604|0
63956|139077|0
63956|133333|0
63956|133130|0
63956|135895|0
63956|38541|0
63956|17889|0
63956|131476|0
63956|142596|0
63956|137388|0
63956|58713|0
63956|135126|0
63956|45269|0
63956|137841|0
63956|23943|0
63956|133930|0
63956|45768|0
63956|55486|0
63956|136935|0
63956|23854|0
63956|17766|0
63956|58868|0
63956|4778|0
63956|7600|0
63956|56038|0
63956|38333|0
63956|136398|0
63956|38716|0
136557|7594|-1
136557|4851|-1
136557|7546|-1
136557|10080|-1
136557|24305|-1
136557|31732|-1
136557|37988|-1
136557|58750|-1
136557|131476|-1
136557|132403|-1
136557|136935|-1
136557|137399|-1
136557|137575|-1
136557|137576|-1
136557|139288|-1
136557|139623|-1
136557|140892|-1
136557|140896|-1
136557|140994|-1
136557|141397|-1
136557|142116|-1
136557|142610|-1
136557|149043|-1
136557|152094|-1
136557|152464|-1
136557|152852|-1
136557|152882|-1
136557|152900|-1
136557|153346|-1
136557|153547|-1
136557|153613|-1
136557|153836|-1
136557|1221|0
136557|140627|0
136557|9280|0
136557|64098|0
136557|23913|0
136557|134067|0
136557|137271|0
136557|136805|0
136557|9297|0
136557|45152|0
136557|135107|0
136557|140646|0
136557|17978|0
136557|24541|0
136557|9650|0
136557|135425|0
136557|134189|0
136557|138637|0
136557|24008|0
136557|149026|0
136557|148968|0
136557|136972|0
136557|58473|0
136557|134980|0
136557|17635|0
136557|132529|0
136557|17667|0
136557|152595|0
136557|132094|0
136557|10214|0
136557|150004|0
136557|38611|0
136557|38327|0
136557|55542|0
136557|135060|0
136557|133403|0
136557|132847|0
136557|58580|0
136557|9723|0
136557|17535|0
136557|56087|0
136557|7477|0
136557|38883|0
136557|55555|0
136557|142125|0
136557|10083|0
136557|138165|0
136557|132491|0
136557|55567|0
136557|137426|0
136557|140937|0
136557|136900|0
136557|134119|0
136557|152183|0
136557|149647|0
136557|9795|0
136557|45118|0
136557|17477|0
136557|139049|0
136557|151799|0
136557|38858|0
136557|24479|0
136557|17898|0
136557|55707|0
136557|133326|0
136557|58530|0
136557|58507|0
136557|55766|0
136557|133045|0
136557|140583|0
136557|9749|0
136557|132533|0
136557|151213|0
136557|142017|0
136557|135015|0
136557|153655|0
136557|147061|0
136557|132808|0
136557|133417|0
136557|24033|0
136557|151203|0
136557|135302|0
136557|134555|0
136557|150329|0
136557|132430|0
136557|133120|0
136557|134688|0
136557|9519|0
136557|9342|0
136557|133159|0
136557|136784|0
136557|9745|0
136557|131316|0
136557|135512|0
136557|45577|0
136557|38719|0
136557|38172|0
136557|135406|0
136557|58589|0
136557|139466|0
136557|136994|0
136557|38220|0
136557|142588|0
136557|45780|0
136557|132405|0
136557|38583|0
136557|10084|0
136557|133206|0
136557|141746|0
136557|55581|0
136557|23731|0
136557|151496|0
136557|133934|0
136557|131270|0
136557|45763|0
136557|140051|0
136557|58505|0
136557|9648|0
136557|45638|0
136557|151976|0
136557|24303|0
136557|140910|0
136557|140736|0
136557|38456|0
136557|38749|0
136557|55366|0
136557|132849|0
136557|9544|0
136557|132895|0
136557|132528|0
136557|55752|0
136557|136161|0
136557|45278|0
136557|63931|0
136557|38880|0
136557|136792|0
136557|38084|0
136557|132077|0
136557|2713|0
136557|134697|0
136557|138466|0
136557|140967|0
136557|7628|0
136557|58914|0
136557|23747|0
136557|9301|0
136557|58907|0
136557|63850|0
136557|137032|0
136557|133189|0
136557|9313|0
136557|136204|0
136557|132789|0
136557|151660|0
136557|17473|0
136557|135027|0
136557|146994|0
136557|4857|0
136557|56294|0
136557|18390|0
136557|45926|0
136557|58927|0
136557|136001|0
136557|132448|0
136557|38826|0
136557|134160|0
136557|9328|0
136557|140670|0
136557|136518|0
136557|24313|0
136557|64044|0
136557|138654|0
136557|56035|0
136557|55803|0
136557|18117|0
136557|4608|0
136557|7604|0
136557|139077|0
136557|133333|0
136557|135565|0
136557|133130|0
136557|135895|0
136557|38541|0
136557|17889|0
136557|137388|0
136557|58713|0
136557|135126|0
136557|134143|0
136557|45269|0
136557|23943|0
136557|133930|0
136557|45665|0
136557|45768|0
136557|9652|0
136557|55486|0
136557|17766|0
136557|58868|0
136557|7600|0
136557|56038|0
136557|38333|0
136557|38716|0
140627|7546|-1
140627|9291|-1
140627|9449|-1
140627|132269|-1
140627|132394|-1
140627|151413|-1
140627|9280|0
140627|23913|0
140627|137271|0
140627|136805|0
140627|141992|0
140627|140646|0
140627|38572|0
140627|17978|0
140627|135526|0
140627|56199|0
140627|9650|0
140627|137576|0
140627|149026|0
140627|148968|0
140627|136972|0
140627|132529|0
140627|152595|0
140627|10214|0
140627|150004|0
140627|38611|0
140627|135415|0
140627|135060|0
140627|133403|0
140627|132847|0
140627|58580|0
140627|9723|0
140627|17535|0
140627|56087|0
140627|7477|0
140627|38883|0
140627|55555|0
140627|142125|0
140627|138165|0
140627|140937|0
140627|23871|0
140627|149647|0
140627|133389|0
140627|9408|0
140627|151799|0
140627|141397|0
140627|38858|0
140627|24479|0
140627|17898|0
140627|55707|0
140627|133326|0
140627|58530|0
140627|58507|0
140627|55766|0
140627|134147|0
140627|56123|0
140627|133045|0
140627|9749|0
140627|132533|0
140627|142017|0
140627|147061|0
140627|24033|0
140627|151203|0
140627|134555|0
140627|150329|0
140627|9342|0
140627|133159|0
140627|131316|0
140627|45577|0
140627|38719|0
140627|135406|0
140627|58589|0
140627|136994|0
140627|38220|0
140627|139279|0
140627|142588|0
140627|45780|0
140627|132405|0
140627|18255|0
140627|55359|0
140627|38583|0
140627|4851|0
140627|10084|0
140627|142049|0
140627|133206|0
140627|55581|0
140627|153160|0
140627|23731|0
140627|153547|0
140627|138657|0
140627|133934|0
140627|45763|0
140627|140051|0
140627|24395|0
140627|9648|0
140627|153346|0
140627|45852|0
140627|45638|0
140627|150746|0
140627|151976|0
140627|140910|0
140627|24305|0
140627|9544|0
140627|55752|0
140627|136161|0
140627|136741|0
140627|45278|0
140627|63931|0
140627|137065|0
140627|38880|0
140627|2713|0
140627|134697|0
140627|7628|0
140627|58914|0
140627|4777|0
140627|58907|0
140627|63850|0
140627|137032|0
140627|133189|0
140627|38887|0
140627|132789|0
140627|151660|0
140627|17473|0
140627|137042|0
140627|135027|0
140627|146994|0
140627|4857|0
140627|56294|0
140627|18390|0
140627|140994|0
140627|136001|0
140627|38826|0
140627|134160|0
140627|23918|0
140627|24313|0
140627|132309|0
140627|56035|0
140627|55803|0
140627|18117|0
140627|4608|0
140627|133434|0
140627|7604|0
140627|139077|0
140627|133333|0
140627|31732|0
140627|135565|0
140627|133130|0
140627|135895|0
140627|17889|0
140627|142596|0
140627|58713|0
140627|135126|0
140627|134143|0
140627|137841|0
140627|153836|0
140627|23943|0
140627|133930|0
140627|45665|0
140627|45768|0
140627|9652|0
140627|17766|0
140627|58868|0
140627|7600|0
140627|56038|0
140627|38333|0
1221|2764|-1
1221|4764|-1
1221|7474|-1
1221|9507|-1
1221|24516|-1
1221|38195|-1
1221|38561|-1
1221|45437|-1
1221|58511|-1
1221|140627|-1
1221|4608|-1
1221|4801|-1
1221|4825|-1
1221|9342|-1
1221|9408|-1
1221|9417|-1
1221|9426|-1
1221|9518|-1
1221|9544|-1
1221|9880|-1
1221|9893|-1
1221|9912|-1
1221|10105|-1
1221|10235|-1
1221|18055|-1
1221|18165|-1
1221|18191|-1
1221|18361|-1
1221|18431|-1
1221|23918|-1
1221|23921|-1
1221|23938|-1
1221|23943|-1
1221|24007|-1
1221|24017|-1
1221|24069|-1
1221|24120|-1
1221|24303|-1
1221|24313|-1
1221|24316|-1
1221|24463|-1
1221|24476|-1
1221|37978|-1
1221|37990|-1
1221|38049|-1
1221|38066|-1
1221|38232|-1
1221|38236|-1
1221|38302|-1
1221|38327|-1
1221|38438|-1
1221|38447|-1
1221|38472|-1
1221|38714|-1
1221|38804|-1
1221|38813|-1
1221|38858|-1
1221|38903|-1
1221|45160|-1
1221|45207|-1
1221|45589|-1
1221|45610|-1
1221|45626|-1
1221|45744|-1
1221|45763|-1
1221|45824|-1
1221|45852|-1
1221|45867|-1
1221|45926|-1
1221|45931|-1
1221|45949|-1
1221|45956|-1
1221|46014|-1
1221|55302|-1
1221|55365|-1
1221|55366|-1
1221|55478|-1
1221|55506|-1
1221|55525|-1
1221|55542|-1
1221|56076|-1
1221|56105|-1
1221|56177|-1
1221|56271|-1
1221|56294|-1
1221|58418|-1
1221|58869|-1
1221|59206|-1
1221|59262|-1
1221|59267|-1
1221|59330|-1
1221|63850|-1
1221|131197|-1
1221|131225|-1
1221|131290|-1
1221|131581|-1
1221|131999|-1
1221|132029|-1
1221|132077|-1
1221|132102|-1
1221|132162|-1
1221|132257|-1
1221|132321|-1
1221|132370|-1
1221|132484|-1
1221|132492|-1
1221|132594|-1
1221|132616|-1
1221|132619|-1
1221|132703|-1
1221|132789|-1
1221|132812|-1
1221|132847|-1
1221|133081|-1
1221|133403|-1
1221|133417|-1
1221|133853|-1
1221|133930|-1
1221|133934|-1
1221|134080|-1
1221|134408|-1
1221|134463|-1
1221|134498|-1
1221|134555|-1
1221|134678|-1
1221|134679|-1
1221|134725|-1
1221|134747|-1
1221|134787|-1
1221|134984|-1
1221|134994|-1
1221|135016|-1
1221|135039|-1
1221|135415|-1
1221|135565|-1
1221|135574|-1
1221|135609|-1
1221|135612|-1
1221|135668|-1
1221|135879|-1
1221|135887|-1
1221|136008|-1
1221|136154|-1
1221|136388|-1
1221|136508|-1
1221|136521|-1
1221|136522|-1
1221|136585|-1
1221|136615|-1
1221|136935|-1
1221|136954|-1
1221|136988|-1
1221|137010|-1
1221|137044|-1
1221|137070|-1
1221|137192|-1
1221|137204|-1
1221|137230|-1
1221|137234|-1
1221|137442|-1
1221|137470|-1
1221|137525|-1
1221|137555|-1
1221|137847|-1
1221|137864|-1
1221|137896|-1
1221|137903|-1
1221|137924|-1
1221|137968|-1
1221|138027|-1
1221|138165|-1
1221|138186|-1
1221|138206|-1
1221|138209|-1
1221|138214|-1
1221|138484|-1
1221|138511|-1
1221|139289|-1
1221|139356|-1
1221|139465|-1
1221|139583|-1
1221|139615|-1
1221|139661|-1
1221|139700|-1
1221|139745|-1
1221|139777|-1
1221|139785|-1
1221|139848|-1
1221|140070|-1
1221|140603|-1
1221|140694|-1
1221|141229|-1
1221|141365|-1
1221|141392|-1
1221|142114|-1
1221|142283|-1
1221|149017|-1
1221|149515|-1
1221|150115|-1
1221|150121|-1
1221|150421|-1
1221|150680|-1
1221|151321|-1
1221|151641|-1
1221|151822|-1
1221|152167|-1
1221|152175|-1
1221|152588|-1
1221|152667|-1
1221|152670|-1
1221|153467|-1
1221|153642|-1
1221|153814|-1
1221|132528|0
1221|38880|0
2764|7474|-1
2764|17559|-1
2764|38561|-1
2764|4739|-1
2764|4857|-1
2764|9421|-1
2764|9648|-1
2764|9672|-1
2764|10152|-1
2764|17983|-1
2764|18117|-1
2764|18371|-1
2764|24517|-1
2764|38216|-1
2764|38724|-1
2764|38749|-1
2764|38880|-1
2764|38883|-1
2764|45207|-1
2764|45460|-1
2764|45827|-1
2764|55486|-1
2764|55871|-1
2764|56131|-1
2764|56135|-1
2764|56206|-1
2764|56263|-1
2764|56294|-1
2764|59383|-1
2764|132309|-1
2764|132394|-1
2764|132473|-1
2764|132611|-1
2764|132852|-1
2764|133061|-1
2764|133403|-1
2764|133509|-1
2764|133864|-1
2764|134754|-1
2764|136391|-1
2764|136734|-1
2764|139084|-1
2764|141727|-1
2764|152683|-1
2764|9746|0
2764|17766|0
9336|38724|-1
9336|55573|-1
9336|58606|-1
9336|132848|-1
9336|134093|-1
9336|135336|-1
9336|135513|-1
9336|135516|-1
9336|137227|-1
9336|137898|-1
9336|138466|-1
64098|45158|-1
64098|55581|-1
64098|132491|-1
64098|133736|-1
64098|138466|-1
64098|148968|0
64098|132847|0
64098|38880|0
64098|4608|0
9280|18345|-1
9280|38887|-1
9280|45671|-1
9280|45873|-1
9280|55707|-1
9280|59356|-1
9280|132324|-1
9280|141000|-1
9280|153160|-1
9280|153836|-1
9280|153954|-1
9280|148968|0
9280|132847|0
9280|38880|0
9280|58941|0
9280|4608|0
9280|135895|0
10143|4749|-1
10143|9290|-1
10143|9544|-1
10143|24065|-1
10143|24341|-1
10143|45797|-1
10143|55762|-1
10143|55845|-1
10143|56287|-1
10143|133143|-1
10143|134709|-1
10143|134791|-1
10143|136201|-1
10143|136423|-1
10143|136900|-1
10143|136924|-1
10143|137032|-1
10143|138210|-1
10143|138214|-1
10143|138624|-1
10143|139315|-1
10143|139581|-1
10143|139740|-1
10143|141743|-1
10143|151964|-1
10143|152181|-1
10143|153197|-1
141682|7575|-1
9268|4851|-1
9268|38038|-1
9268|45481|-1
9268|45570|-1
9268|55328|-1
9268|55467|-1
9268|56072|-1
9268|58509|-1
9268|58530|-1
9268|58533|-1
9268|58589|-1
9268|58634|-1
9268|58644|-1
9268|58928|-1
9268|59339|-1
9268|132584|-1
9268|132808|-1
9268|133217|-1
9268|133333|-1
9268|133413|-1
9268|133615|-1
9268|133627|-1
9268|133934|-1
9268|134218|-1
9268|135520|-1
9268|135583|-1
9268|136812|-1
9268|138028|-1
9268|138354|-1
9268|138503|-1
9268|139221|-1
9268|139597|-1
9268|140702|-1
9268|141165|-1
9268|147061|-1
9268|150146|-1
9268|136161|0
9268|132789|0
23913|4608|0
23913|38880|0
23913|58941|0
23913|132847|0
23913|135895|0
23913|148968|0
4608|18366|-1
4608|18367|-1
4608|18368|-1
4608|18369|-1
4608|45192|-1
4608|131074|-1
4608|136805|0
4608|141992|0
4608|45152|0
4608|38572|0
4608|17978|0
4608|9650|0
4608|134189|0
4608|138637|0
4608|148968|0
4608|136972|0
4608|58473|0
4608|132529|0
4608|132094|0
4608|150004|0
4608|38611|0
4608|135415|0
4608|38327|0
4608|55542|0
4608|135060|0
4608|133403|0
4608|132847|0
4608|58580|0
4608|9723|0
4608|17535|0
4608|56087|0
4608|7477|0
4608|38883|0
4608|55555|0
4608|142125|0
4608|10083|0
4608|132491|0
4608|140937|0
4608|136900|0
4608|23871|0
4608|7546|0
4608|149647|0
4608|9795|0
4608|9408|0
4608|38858|0
4608|24479|0
4608|17898|0
4608|55707|0
4608|58507|0
4608|133045|0
4608|9749|0
4608|136914|0
4608|147061|0
4608|132808|0
4608|24033|0
4608|134555|0
4608|133120|0
4608|9519|0
4608|9342|0
4608|133159|0
4608|136784|0
4608|38719|0
4608|38172|0
4608|136994|0
4608|38220|0
4608|24476|0
4608|9449|0
4608|45780|0
4608|132405|0
4608|18255|0
4608|38583|0
4608|4851|0
4608|10084|0
4608|141746|0
4608|55581|0
4608|38438|0
4608|153547|0
4608|151496|0
4608|133934|0
4608|131270|0
4608|45763|0
4608|24395|0
4608|45852|0
4608|150746|0
4608|140736|0
4608|38456|0
4608|24305|0
4608|132528|0
4608|55752|0
4608|63931|0
4608|137065|0
4608|38880|0
4608|136792|0
4608|134697|0
4608|138466|0
4608|140967|0
4608|58914|0
4608|4777|0
4608|137032|0
4608|133189|0
4608|38887|0
4608|9313|0
4608|136204|0
4608|151660|0
4608|135027|0
4608|4857|0
4608|56294|0
4608|18390|0
4608|136001|0
4608|38826|0
4608|134160|0
4608|9328|0
4608|24313|0
4608|64044|0
4608|138027|0
4608|55803|0
4608|7600|0
4608|9652|0
4608|17766|0
4608|17889|0
4608|23943|0
4608|38333|0
4608|38541|0
4608|45768|0
4608|55486|0
4608|56038|0
4608|58868|0
4608|131476|0
4608|133130|0
4608|133333|0
4608|133930|0
4608|134143|0
4608|135126|0
4608|135895|0
4608|139077|0
38880|45426|-1
38880|55359|-1
38880|58915|-1
38880|58940|-1
38880|132533|-1
38880|133104|-1
38880|136577|-1
38880|133483|0
38880|136805|0
38880|9297|0
38880|141992|0
38880|139357|0
38880|149851|0
38880|45152|0
38880|135107|0
38880|140646|0
38880|17978|0
38880|56307|0
38880|137562|0
38880|56199|0
38880|9650|0
38880|64006|0
38880|135425|0
38880|140099|0
38880|134189|0
38880|134832|0
38880|138637|0
38880|132476|0
38880|24008|0
38880|58989|0
38880|149026|0
38880|148968|0
38880|136972|0
38880|58473|0
38880|132529|0
38880|139597|0
38880|152595|0
38880|132094|0
38880|10214|0
38880|38611|0
38880|55542|0
38880|134844|0
38880|135060|0
38880|133403|0
38880|132847|0
38880|58580|0
38880|9723|0
38880|17535|0
38880|56087|0
38880|7477|0
38880|38883|0
38880|55555|0
38880|10083|0
38880|138165|0
38880|132491|0
38880|55567|0
38880|140937|0
38880|133615|0
38880|136900|0
38880|23871|0
38880|9795|0
38880|17477|0
38880|133389|0
38880|139049|0
38880|141397|0
38880|38858|0
38880|24479|0
38880|17898|0
38880|55707|0
38880|133326|0
38880|58530|0
38880|58507|0
38880|55766|0
38880|134147|0
38880|56123|0
38880|133045|0
38880|9749|0
38880|136914|0
38880|142017|0
38880|140637|0
38880|147061|0
38880|132808|0
38880|133417|0
38880|24033|0
38880|56106|0
38880|151203|0
38880|134555|0
38880|150329|0
38880|133120|0
38880|134688|0
38880|9519|0
38880|9342|0
38880|133159|0
38880|136784|0
38880|131316|0
38880|45577|0
38880|38719|0
38880|38172|0
38880|135406|0
38880|58589|0
38880|136994|0
38880|38220|0
38880|24476|0
38880|140231|0
38880|142588|0
38880|45780|0
38880|132405|0
38880|18255|0
38880|45931|0
38880|38583|0
38880|10084|0
38880|133206|0
38880|141746|0
38880|55581|0
38880|38438|0
38880|23731|0
38880|151496|0
38880|133934|0
38880|131270|0
38880|45763|0
38880|140051|0
38880|135668|0
38880|24395|0
38880|9648|0
38880|45852|0
38880|45638|0
38880|150746|0
38880|151976|0
38880|140736|0
38880|38456|0
38880|55366|0
38880|9544|0
38880|132848|0
38880|132895|0
38880|132528|0
38880|55752|0
38880|136161|0
38880|136741|0
38880|45278|0
38880|63931|0
38880|4778|0
38880|23918|0
38880|4857|0
38880|7600|0
38880|7604|0
38880|7628|0
38880|9313|0
38880|9328|0
38880|9652|0
38880|17473|0
38880|17766|0
38880|17889|0
38880|18117|0
38880|18390|0
38880|23669|0
38880|23943|0
38880|24313|0
38880|38084|0
38880|38333|0
38880|38541|0
38880|38826|0
38880|38887|0
38880|45240|0
38880|45269|0
38880|45768|0
38880|55486|0
38880|56038|0
38880|56294|0
38880|58464|0
38880|58713|0
38880|58868|0
38880|58907|0
38880|58914|0
38880|58927|0
38880|63850|0
38880|64044|0
38880|131476|0
38880|132448|0
38880|133189|0
38880|133333|0
38880|133434|0
38880|133930|0
38880|134143|0
38880|134697|0
38880|135027|0
38880|135126|0
38880|135895|0
38880|136001|0
38880|136204|0
38880|136398|0
38880|136792|0
38880|137042|0
38880|137841|0
38880|137896|0
38880|138027|0
38880|138466|0
38880|140967|0
38880|140994|0
38880|142596|0
38880|146994|0
38880|151660|0
38880|153971|0
38880|45665|0
38880|55803|0
38880|132394|0
38880|133130|0
38880|139077|0
58941|9297|-1
58941|136805|0
58941|141992|0
58941|149851|0
58941|140646|0
58941|56199|0
58941|9650|0
58941|135425|0
58941|140099|0
58941|136972|0
58941|132529|0
58941|10214|0
58941|38611|0
58941|135060|0
58941|133403|0
58941|132847|0
58941|58580|0
58941|17535|0
58941|56087|0
58941|7477|0
58941|140937|0
58941|23871|0
58941|133389|0
58941|38858|0
58941|24479|0
58941|58530|0
58941|58507|0
58941|9749|0
58941|136914|0
58941|147061|0
58941|132808|0
58941|151203|0
58941|134555|0
58941|9342|0
58941|133159|0
58941|38719|0
58941|58589|0
58941|136994|0
58941|38220|0
58941|24476|0
58941|140231|0
58941|45780|0
58941|132405|0
58941|45931|0
58941|38583|0
58941|55581|0
58941|38438|0
58941|131270|0
58941|45763|0
58941|135668|0
58941|24395|0
58941|45852|0
58941|45638|0
58941|150746|0
58941|132895|0
58941|136161|0
58941|136741|0
58941|7628|0
58941|58907|0
58941|133189|0
58941|153971|0
58941|135027|0
58941|4857|0
58941|56294|0
58941|23669|0
58941|18390|0
58941|7600|0
58941|7604|0
58941|9652|0
58941|23854|0
58941|23943|0
58941|38333|0
58941|55803|0
58941|58868|0
58941|134143|0
58941|136398|0
58941|138027|0
58941|139077|0
132847|24463|-1
132847|45208|-1
132847|45278|-1
132847|55923|-1
132847|56074|-1
132847|56284|-1
132847|58716|-1
132847|132330|-1
132847|141046|-1
132847|149516|-1
132847|134067|0
132847|133483|0
132847|142116|0
132847|137271|0
132847|136805|0
132847|9297|0
132847|141992|0
132847|139357|0
132847|149851|0
132847|45152|0
132847|135107|0
132847|140646|0
132847|38572|0
132847|17978|0
132847|56307|0
132847|150446|0
132847|137562|0
132847|56199|0
132847|153972|0
132847|55878|0
132847|9650|0
132847|64006|0
132847|137576|0
132847|135425|0
132847|140099|0
132847|152464|0
132847|134189|0
132847|134832|0
132847|138637|0
132847|132476|0
132847|24008|0
132847|58989|0
132847|149026|0
132847|148968|0
132847|136972|0
132847|58473|0
132847|134980|0
132847|17635|0
132847|132529|0
132847|17667|0
132847|139597|0
132847|152595|0
132847|132094|0
132847|10214|0
132847|38611|0
132847|135415|0
132847|38327|0
132847|55542|0
132847|134844|0
132847|135060|0
132847|133403|0
132847|17732|0
132847|23871|0
132847|55766|0
132847|55803|0
132847|132394|0
132847|2713|0
132847|4778|0
132847|4851|0
132847|4857|0
132847|7477|0
132847|7546|0
132847|7600|0
132847|7604|0
132847|7628|0
132847|9301|0
132847|9313|0
132847|9328|0
132847|9342|0
132847|9408|0
132847|9519|0
132847|9544|0
132847|9648|0
132847|9652|0
132847|9723|0
132847|9749|0
132847|9795|0
132847|10080|0
132847|10083|0
132847|10084|0
132847|17473|0
132847|17477|0
132847|17535|0
132847|17766|0
132847|17889|0
132847|17898|0
132847|18117|0
132847|18255|0
132847|18390|0
132847|23669|0
132847|23731|0
132847|23747|0
132847|23943|0
132847|24033|0
132847|24303|0
132847|24305|0
132847|24313|0
132847|24395|0
132847|24476|0
132847|24479|0
132847|31732|0
132847|38084|0
132847|38172|0
132847|38220|0
132847|38333|0
132847|38438|0
132847|38456|0
132847|38541|0
132847|38583|0
132847|38719|0
132847|38749|0
132847|38826|0
132847|38858|0
132847|38883|0
132847|38887|0
132847|45240|0
132847|45269|0
132847|45510|0
132847|45577|0
132847|45638|0
132847|45665|0
132847|45763|0
132847|45768|0
132847|45780|0
132847|45852|0
132847|45931|0
132847|55359|0
132847|55366|0
132847|55486|0
132847|55555|0
132847|55567|0
132847|55581|0
132847|55707|0
132847|55752|0
132847|56035|0
132847|56038|0
132847|56087|0
132847|56106|0
132847|56123|0
132847|56294|0
132847|58464|0
132847|58505|0
132847|58507|0
132847|58530|0
132847|58580|0
132847|58589|0
132847|58713|0
132847|58868|0
132847|58907|0
132847|58914|0
132847|58927|0
132847|63850|0
132847|63931|0
132847|64044|0
132847|131270|0
132847|131316|0
132847|131476|0
132847|132077|0
132847|132309|0
132847|132405|0
132847|132448|0
132847|132491|0
132847|132528|0
132847|132533|0
132847|132789|0
132847|132808|0
132847|132848|0
132847|132895|0
132847|133045|0
132847|133120|0
132847|133122|0
132847|133130|0
132847|133159|0
132847|133189|0
132847|133206|0
132847|133326|0
132847|133333|0
132847|133389|0
132847|133434|0
132847|133615|0
132847|133930|0
132847|133934|0
132847|134119|0
132847|134143|0
132847|134147|0
132847|134149|0
132847|134160|0
132847|134555|0
132847|134688|0
132847|134697|0
132847|135027|0
132847|135126|0
132847|135406|0
132847|135512|0
132847|135565|0
132847|135668|0
132847|135895|0
132847|136001|0
132847|136161|0
132847|136204|0
132847|136398|0
132847|136518|0
132847|136741|0
132847|136784|0
132847|136792|0
132847|136900|0
132847|136994|0
132847|137032|0
132847|137042|0
132847|137065|0
132847|137388|0
132847|137575|0
132847|137841|0
132847|137896|0
132847|138027|0
132847|138165|0
132847|138466|0
132847|138502|0
132847|138657|0
132847|139049|0
132847|139077|0
132847|139279|0
132847|139288|0
132847|139466|0
132847|139623|0
132847|140051|0
132847|140231|0
132847|140583|0
132847|140637|0
132847|140670|0
132847|140736|0
132847|140892|0
132847|140910|0
132847|140937|0
132847|140967|0
132847|140994|0
132847|141397|0
132847|141746|0
132847|142017|0
132847|142049|0
132847|142125|0
132847|142588|0
132847|142596|0
132847|146994|0
132847|147061|0
132847|150329|0
132847|150746|0
132847|151203|0
132847|151213|0
132847|151496|0
132847|151660|0
132847|151799|0
132847|151976|0
132847|152183|0
132847|153160|0
132847|153346|0
132847|153655|0
132847|153836|0
132847|153971|0
132847|133417|0
132847|136914|0
135895|139737|-1
135895|141468|-1
135895|153381|-1
135895|133483|0
135895|136805|0
135895|9297|0
135895|141992|0
135895|149851|0
135895|45152|0
135895|140646|0
135895|56307|0
135895|137562|0
135895|56199|0
135895|9650|0
135895|64006|0
135895|135425|0
135895|140099|0
135895|134189|0
135895|138637|0
135895|132476|0
135895|58989|0
135895|148968|0
135895|136972|0
135895|58473|0
135895|132529|0
135895|139597|0
135895|132094|0
135895|10214|0
135895|38611|0
135895|55542|0
135895|135060|0
135895|133403|0
135895|58580|0
135895|9723|0
135895|17535|0
135895|56087|0
135895|7477|0
135895|38883|0
135895|55555|0
135895|10083|0
135895|138165|0
135895|55567|0
135895|140937|0
135895|133615|0
135895|136900|0
135895|23871|0
135895|9795|0
135895|17477|0
135895|133389|0
135895|38858|0
135895|24479|0
135895|17898|0
135895|55707|0
135895|58530|0
135895|58507|0
135895|133045|0
135895|9749|0
135895|136914|0
135895|132533|0
135895|140637|0
135895|147061|0
135895|132808|0
135895|24033|0
135895|151203|0
135895|134555|0
135895|133120|0
135895|134688|0
135895|9519|0
135895|9342|0
135895|133159|0
135895|131316|0
135895|38719|0
135895|38172|0
135895|58589|0
135895|136994|0
135895|38220|0
135895|24476|0
135895|140231|0
135895|45780|0
135895|132405|0
135895|18255|0
135895|45931|0
135895|38583|0
135895|17732|0
135895|10084|0
135895|133206|0
135895|141746|0
135895|55581|0
135895|38438|0
135895|151496|0
135895|133934|0
135895|131270|0
135895|45763|0
135895|135668|0
135895|24395|0
135895|9648|0
135895|45852|0
135895|45638|0
135895|150746|0
135895|140736|0
135895|38456|0
135895|132895|0
135895|132528|0
135895|55752|0
135895|136161|0
135895|136741|0
135895|63931|0
135895|136792|0
135895|38084|0
135895|134697|0
135895|138466|0
135895|140967|0
135895|7628|0
135895|58907|0
135895|133189|0
135895|38887|0
135895|9313|0
135895|136204|0
135895|151660|0
135895|153971|0
135895|17473|0
135895|135027|0
135895|146994|0
135895|4857|0
135895|56294|0
135895|58464|0
135895|23669|0
135895|132394|0
135895|137896|0
135895|18390|0
135895|136001|0
135895|38826|0
135895|9328|0
135895|24313|0
135895|64044|0
135895|138027|0
135895|55803|0
135895|7604|0
135895|139077|0
135895|133130|0
135895|4778|0
135895|9652|0
135895|7600|0
135895|17766|0
135895|17889|0
135895|23943|0
135895|38333|0
135895|38541|0
135895|45269|0
135895|45768|0
135895|55486|0
135895|56038|0
135895|58713|0
135895|58868|0
135895|131476|0
135895|133930|0
135895|134143|0
135895|135126|0
135895|136398|0
148968|38038|-1
148968|59204|-1
148968|59339|-1
148968|132823|-1
148968|134087|-1
148968|136431|-1
148968|139355|-1
148968|142125|-1
148968|149515|-1
148968|151079|-1
148968|152332|-1
148968|134067|0
148968|133483|0
148968|142116|0
148968|137271|0
148968|136805|0
148968|141992|0
148968|139357|0
148968|149851|0
148968|45152|0
148968|135107|0
148968|140646|0
148968|38572|0
148968|56307|0
148968|24541|0
148968|150446|0
148968|137562|0
148968|56199|0
148968|55878|0
148968|9650|0
148968|64006|0
148968|137576|0
148968|135425|0
148968|140099|0
148968|134189|0
148968|134832|0
148968|138637|0
148968|132476|0
148968|140896|0
148968|24008|0
148968|58989|0
148968|4778|0
148968|4851|0
148968|9328|0
148968|9519|0
148968|9745|0
148968|17635|0
148968|17732|0
148968|23871|0
148968|55803|0
148968|58473|0
148968|58580|0
148968|132394|0
148968|132405|0
148968|133045|0
148968|133120|0
148968|133130|0
148968|133206|0
148968|136784|0
148968|136792|0
148968|136900|0
148968|136914|0
148968|137042|0
148968|139077|0
148968|140583|0
148968|2713|0
148968|4857|0
148968|7477|0
148968|7546|0
148968|7600|0
148968|7604|0
148968|7628|0
148968|9301|0
148968|9313|0
148968|9342|0
148968|9408|0
148968|9652|0
148968|9723|0
148968|9749|0
148968|9795|0
148968|10083|0
148968|10207|0
148968|10214|0
148968|17477|0
148968|17535|0
148968|17766|0
148968|17889|0
148968|17898|0
148968|18255|0
148968|18390|0
148968|23669|0
148968|23854|0
148968|23943|0
148968|24033|0
148968|24303|0
148968|24305|0
148968|24313|0
148968|24395|0
148968|24476|0
148968|24479|0
148968|31732|0
148968|38084|0
148968|38172|0
148968|38220|0
148968|38327|0
148968|38333|0
148968|38438|0
148968|38456|0
148968|38541|0
148968|38583|0
148968|38611|0
148968|38716|0
148968|38719|0
148968|38826|0
148968|38858|0
148968|38883|0
148968|38887|0
148968|45118|0
148968|45240|0
148968|45269|0
148968|45510|0
148968|45638|0
148968|45763|0
148968|45780|0
148968|45852|0
148968|45926|0
148968|45931|0
148968|55359|0
148968|55366|0
148968|55486|0
148968|55542|0
148968|55555|0
148968|55567|0
148968|55581|0
148968|55707|0
148968|55752|0
148968|56035|0
148968|56038|0
148968|56087|0
148968|56123|0
148968|56294|0
148968|58464|0
148968|58505|0
148968|58507|0
148968|58530|0
148968|58589|0
148968|58868|0
148968|58907|0
148968|58921|0
148968|63931|0
148968|64044|0
148968|131270|0
148968|131476|0
148968|132094|0
148968|132309|0
148968|132430|0
148968|132528|0
148968|132529|0
148968|132533|0
148968|132789|0
148968|132808|0
148968|132848|0
148968|132849|0
148968|132895|0
148968|133122|0
148968|133159|0
148968|133189|0
148968|133389|0
148968|133403|0
148968|133615|0
148968|133930|0
148968|133934|0
148968|134143|0
148968|134149|0
148968|134160|0
148968|134555|0
148968|134688|0
148968|134697|0
148968|134844|0
148968|134980|0
148968|135015|0
148968|135027|0
148968|135060|0
148968|135126|0
148968|135302|0
148968|135406|0
148968|135415|0
148968|135421|0
148968|135565|0
148968|135668|0
148968|136001|0
148968|136161|0
148968|136204|0
148968|136398|0
148968|136741|0
148968|136935|0
148968|136972|0
148968|136994|0
148968|137032|0
148968|137065|0
148968|137399|0
148968|137426|0
148968|137847|0
148968|137896|0
148968|138027|0
148968|138209|0
148968|138466|0
148968|138654|0
148968|138657|0
148968|139279|0
148968|139597|0
148968|139623|0
148968|139649|0
148968|140051|0
148968|140231|0
148968|140637|0
148968|140736|0
148968|140910|0
148968|140937|0
148968|140967|0
148968|140994|0
148968|141746|0
148968|142049|0
148968|142276|0
148968|142588|0
148968|147061|0
148968|150329|0
148968|150746|0
148968|151203|0
148968|151496|0
148968|151660|0
148968|151976|0
148968|153160|0
148968|153346|0
148968|153836|0
148968|153971|0
148968|154329|0
148968|151799|0
38809|9509|-1
38809|17434|-1
38809|18220|-1
38809|18431|-1
38809|45226|-1
38809|56135|-1
38809|58409|-1
38809|133930|-1
38809|138681|-1
38809|140065|-1
38809|141468|-1
38809|152164|-1
133930|140086|-1
132245|149852|-1
9297|55419|-1
9297|135425|-1
9297|148968|-1
9297|140670|0
9297|140892|0
9297|149515|0
135425|137244|-1
140670|140672|-1
140646|152590|-1
17978|4777|0
17978|38719|0
17978|58580|0
17978|150329|0
4777|18366|-1
4777|18367|-1
4777|18368|-1
4777|18369|-1
4777|45192|-1
4777|56294|0
4777|58907|0
38719|58580|0
38719|150329|0
58580|38829|-1
58580|134680|-1
58580|139736|-1
58580|150329|0
24541|58740|-1
63839|9297|-1
139869|150354|-1
24437|55813|-1
45158|38549|-1
45158|131214|-1
45158|132691|-1
45158|132836|-1
45158|135612|-1
45158|135672|-1
45158|136240|-1
45158|142422|-1
45158|150672|-1
9650|63983|-1
9650|135396|-1
4802|9543|-1
133612|18291|-1
147182|136788|-1
142125|152893|-1
4851|23727|-1
4851|56057|-1
4851|58929|-1
4851|132498|-1
4851|139279|-1
4851|150438|-1
9328|17562|-1
9519|38541|-1
17635|133116|-1
17635|133212|-1
17732|17918|-1
17732|56307|-1
23871|24338|-1
55803|38719|-1
58473|131182|-1
132405|132448|-1
132405|133093|-1
133045|133885|-1
133045|139777|-1
133206|134217|-1
133206|138572|-1
139077|138657|-1
7477|24395|-1
7546|9449|-1
7546|9888|-1
7546|37990|-1
7600|56037|-1
7604|38830|-1
7604|58606|-1
7604|132873|-1
7604|133431|-1
7604|133958|-1
7604|134427|-1
7604|135015|-1
7604|138654|-1
7628|132077|-1
7628|132136|-1
7628|138583|-1
9301|152175|-1
9313|58644|-1
9313|132718|-1
9652|45665|-1
9652|136741|-1
9652|134143|0
9723|17741|-1
9723|45912|-1
9723|45937|-1
9723|58750|-1
9723|131225|-1
9723|132102|-1
9723|132309|-1
9723|133859|-1
9723|133876|-1
9723|134163|-1
9723|134459|-1
9723|134688|-1
9723|135153|-1
9723|135294|-1
9723|137536|-1
9723|138680|-1
9723|141044|-1
9723|142143|-1
9723|150127|-1
9723|150798|-1
9723|151047|-1
9749|23943|-1
10083|152175|-1
10083|153035|-1
10214|133895|-1
17477|37993|-1
17477|55920|-1
17477|58418|-1
17477|132368|-1
17477|134984|-1
17477|135585|-1
17477|136497|-1
17477|136792|-1
17477|137863|-1
17477|140637|-1
17766|38465|-1
17766|45171|-1
17766|133510|-1
17766|137025|-1
17889|134203|-1
17898|9738|-1
18390|153177|-1
24479|17750|-1
24479|136154|-1
24479|137924|-1
24479|140064|-1
24479|140598|-1
24479|141353|-1
38084|153162|-1
38220|10145|-1
38220|17481|-1
38220|56106|-1
38220|58605|-1
38220|133044|-1
38220|135326|-1
38220|137271|-1
38220|138592|-1
38220|140646|-1
38220|140876|-1
38611|45852|-1
38716|135302|-1
38826|132221|-1
38826|137060|-1
38826|141746|-1
38883|9479|-1
38883|58927|-1
38883|132448|-1
38883|137250|-1
38883|139671|-1
38887|134147|-1
38887|138466|-1
38887|154167|-1
45269|134555|0
45763|45594|-1
45763|134139|-1
45780|132476|-1
45926|45797|-1
45926|139873|-1
55567|24110|-1
55567|55521|-1
55581|38905|-1
55581|133415|-1
55581|136799|-1
55581|139582|-1
55707|56199|-1
55707|131292|-1
55707|131316|-1
56038|133050|-1
56123|55491|-1
56123|152908|-1
56294|134733|-1
56294|136254|-1
56294|141036|-1
56294|147182|-1
56294|149061|-1
58505|132849|-1
58505|151799|-1
58505|153336|-1
58507|17978|-1
58868|140880|-1
58907|133159|0
131270|38835|-1
131476|151603|-1
132789|136161|-1
132789|136973|-1
132808|4647|-1
132808|141719|-1
132849|139603|-1
133403|133624|-1
133403|136580|-1
133403|139869|-1
133615|133939|-1
133934|45577|-1
133934|151842|-1
134143|24322|-1
134143|63842|-1
134143|131316|-1
134143|138214|-1
134143|138637|-1
134143|138700|-1
134143|139592|-1
134143|142588|-1
134143|152097|-1
134143|152604|-1
134143|153042|-1
134143|153748|-1
134143|154127|-1
134160|142022|-1
134555|7471|-1
134555|133120|-1
134555|133901|-1
134555|136228|-1
134555|137433|-1
134555|138488|-1
134555|141002|-1
134555|149018|-1
134555|149814|-1
134688|132430|-1
134688|137426|-1
134688|137881|-1
134688|138654|-1
134980|138583|-1
135027|153547|-1
135060|10023|-1
135060|17906|-1
135060|24315|-1
135060|38583|-1
135060|45797|-1
135060|134507|-1
135060|134949|-1
135060|137199|-1
135060|140678|-1
135060|141403|-1
135060|149647|-1
136204|55736|-1
136741|147062|-1
137399|135421|-1
138466|7716|-1
138466|56038|-1
138466|133749|-1
138466|135106|-1
138466|140505|-1
138466|152183|-1
138657|137057|-1
139597|132859|-1
139623|136183|-1
139623|139248|-1
140736|132906|-1
140736|149018|-1
140736|149784|-1
140736|153050|-1
140910|154050|-1
140967|137950|-1
140994|139288|-1
153160|133394|-1
151799|139751|-1
151799|151952|-1
7551|45577|-1
45577|10207|-1
131074|24021|-1
37978|38474|-1
59267|140724|-1
149647|56182|-1
149647|151413|-1
55923|132473|-1
55923|135332|-1
55766|55506|-1
55766|133876|-1
55766|133914|-1
55766|137569|-1
17473|133053|-1
17473|141989|-1
17473|153355|-1
18117|136804|-1
56106|45152|-1
58713|135336|-1
133434|135885|-1
135512|138502|-1
139745|38012|-1
59256|133126|-1
59256|152472|-1
132834|138637|-1
132581|45162|-1
63919|59267|-1
63919|142422|-1
37990|9449|-1
151413|135559|-1
18345|131476|-1
18345|133434|-1
18345|136432|-1
18345|137841|-1
18345|142049|-1
18345|142596|-1
18345|146963|-1
18345|149025|-1
18345|149997|-1
18345|152699|-1
56132|132158|-1
9738|132049|-1
9738|137192|-1
9738|147313|-1
9738|153049|-1
45881|135168|-1
4739|4802|-1
4739|7718|-1
4739|18371|-1
4739|134229|-1
132072|17551|-1
132072|134141|-1
132072|134711|-1
132072|136000|-1
132072|137549|-1
132072|139360|-1
132072|139627|-1
9913|141403|-1
150162|133730|-1
37988|199840|-1
37988|200227|-1
135516|138332|-1
135516|141359|-1
56178|132315|-1
56178|138653|-1
142064|214344|-1
24233|134081|-1
55811|133326|-1
55811|139002|-1
141457|139279|-1
7578|136510|0
59330|45457|-1
23918|18117|-1
23918|24061|-1
23918|55845|-1
23918|132299|-1
23918|132392|-1
23918|133045|-1
45671|4858|-1
45671|45577|-1
45671|55707|-1
45671|56199|-1
45671|137473|-1
45671|138498|-1
45671|142059|-1
45671|147309|-1
55736|136397|-1
55736|136735|-1
55736|150305|-1
24436|9517|-1
132292|132029|-1
10105|17463|-1
132584|131214|-1
17562|132492|-1
17562|139736|-1
9942|17668|-1
133480|138002|-1
133480|149047|-1
152900|140999|-1
135321|142293|-1
24017|55731|-1
134138|56263|-1
134138|138503|-1
134138|152693|-1
