# SCION combined ISD topology CH
#
# Format:
# provider_ASN|customer_ASN|-1
# peer_ASN1|peer_ASN2|0
3303|8758|-1
3303|15600|-1
3303|29222|-1
3303|8300|-1
3303|8803|-1
3303|9042|-1
3303|12333|-1
3303|12511|-1
3303|12620|-1
3303|12649|-1
3303|12651|-1
3303|12750|-1
3303|12776|-1
3303|12928|-1
3303|13267|-1
3303|13283|-1
3303|15398|-1
3303|15517|-1
3303|15532|-1
3303|15547|-1
3303|15623|-1
3303|15796|-1
3303|16114|-1
3303|20743|-1
3303|20988|-1
3303|21040|-1
3303|21222|-1
3303|24951|-1
3303|24952|-1
3303|25090|-1
3303|25275|-1
3303|25289|-1
3303|25598|-1
3303|28916|-1
3303|29058|-1
3303|29166|-1
3303|29500|-1
3303|30786|-1
3303|31097|-1
3303|31141|-1
3303|31736|-1
3303|33965|-1
3303|34261|-1
3303|34532|-1
3303|35276|-1
3303|39132|-1
3303|39166|-1
3303|39671|-1
3303|39932|-1
3303|41294|-1
3303|41503|-1
3303|41521|-1
3303|41768|-1
3303|42760|-1
3303|43127|-1
3303|43440|-1
3303|43828|-1
3303|44346|-1
3303|44888|-1
3303|47299|-1
3303|47302|-1
3303|47538|-1
3303|47617|-1
3303|48038|-1
3303|48138|-1
3303|48482|-1
3303|48590|-1
3303|48885|-1
3303|49446|-1
3303|50110|-1
3303|50117|-1
3303|50277|-1
3303|50350|-1
3303|50476|-1
3303|50598|-1
3303|50609|-1
3303|50734|-1
3303|50849|-1
3303|51778|-1
3303|51877|-1
3303|59414|-1
3303|60059|-1
3303|60420|-1
3303|60486|-1
3303|196722|-1
3303|197380|-1
3303|197689|-1
3303|198175|-1
3303|198808|-1
3303|199802|-1
3303|199811|-1
3303|200308|-1
3303|200417|-1
3303|200544|-1
3303|200815|-1
3303|200987|-1
3303|201365|-1
3303|201436|-1
3303|201590|-1
3303|201621|-1
3303|201870|-1
3303|202360|-1
3303|202452|-1
3303|203104|-1
3303|203384|-1
3303|203732|-1
3303|204095|-1
3303|204483|-1
3303|204510|-1
3303|204572|-1
3303|204697|-1
3303|204783|-1
3303|204970|-1
3303|205073|-1
3303|205218|-1
3303|205678|-1
3303|205815|-1
3303|206147|-1
3303|206225|-1
3303|206261|-1
3303|206466|-1
3303|206790|-1
3303|206794|-1
3303|207482|-1
3303|208065|-1
3303|208305|-1
3303|208381|-1
3303|208813|-1
3303|208836|-1
3303|208980|-1
3303|209494|-1
3303|209822|-1
3303|209848|-1
3303|209880|-1
3303|210998|-1
3303|211197|-1
3303|212777|-1
3303|212823|-1
3303|212920|-1
3303|213011|-1
3303|213076|-1
3303|214163|-1
3303|214274|-1
3303|214756|-1
3303|215044|-1
3303|215278|-1
3303|215891|-1
3303|216381|-1
3303|216434|-1
3303|1836|0
3303|6730|0
3303|25091|0
3303|34927|0
3303|13030|0
3303|15576|0
3303|12350|0
3303|198385|0
3303|9044|0
3303|51873|0
3303|59905|0
3303|51395|0
3303|200759|0
3303|12387|0
3303|39764|0
3303|31424|0
3303|43284|0
3303|59622|0
3303|13250|0
3303|15675|0
3303|31004|0
3303|559|0
3303|198249|0
3303|24585|0
3303|34288|0
3303|8302|0
3303|6893|0
3303|51907|0
3303|49983|0
3303|58057|0
3303|60284|0
8758|20612|-1
8758|29691|-1
8758|35712|-1
8758|42085|-1
8758|42128|-1
8758|42760|-1
8758|48027|-1
8758|51395|-1
8758|51798|-1
8758|196621|-1
8758|199403|-1
8758|199533|-1
8758|199819|-1
8758|204478|-1
8758|206492|-1
8758|207733|-1
8758|208378|-1
8758|209886|-1
8758|210036|-1
8758|211096|-1
8758|211174|-1
8758|211837|-1
8758|215044|-1
8758|215217|-1
8758|34927|0
8758|25091|0
8758|58299|0
8758|8298|0
8758|58115|0
8758|1836|0
8758|15600|0
8758|29222|0
8758|47176|0
8758|61174|0
8758|204178|0
8758|12350|0
8758|58280|0
8758|199662|0
8758|198385|0
8758|62371|0
8758|21040|0
8758|21232|0
8758|12333|0
8758|198951|0
8758|41549|0
8758|51262|0
8758|51154|0
8758|206616|0
8758|50598|0
8758|24889|0
8758|48461|0
8758|48971|0
8758|9044|0
8758|51873|0
8758|60486|0
8758|50837|0
8758|62035|0
8758|59905|0
8758|15623|0
8758|61423|0
8758|6772|0
8758|43440|0
8758|204631|0
8758|203434|0
8758|57777|0
8758|41913|0
8758|200759|0
8758|41655|0
8758|12387|0
8758|15398|0
8758|39764|0
8758|205678|0
8758|31424|0
8758|43284|0
8758|200544|0
8758|59622|0
8758|24951|0
8758|51786|0
8758|199554|0
8758|13250|0
8758|12553|0
8758|52183|0
8758|210752|0
8758|211452|0
8758|31736|0
8758|9100|0
8758|25375|0
8758|33965|0
8758|47617|0
8758|208731|0
8758|8821|0
8758|59891|0
8758|47302|0
8758|39419|0
8758|61287|0
8758|16242|0
8758|559|0
8758|25598|0
8758|35360|0
8758|35793|0
8758|198249|0
8758|203969|0
8758|29655|0
8758|34960|0
8758|62044|0
8758|212865|0
8758|24585|0
8758|41872|0
8758|25563|0
8758|8803|0
8758|34288|0
8758|61232|0
8758|20932|0
8758|15517|0
8758|202032|0
8758|8302|0
8758|51768|0
8758|31662|0
8758|6776|0
8758|12307|0
8758|6775|0
8758|9092|0
8758|34578|0
8758|15547|0
8758|60804|0
8758|29097|0
8758|51776|0
8758|61098|0
8758|207335|0
8758|33845|0
8758|199562|0
8758|20893|0
8758|51907|0
8758|42346|0
8758|49983|0
8758|48885|0
8758|25435|0
8758|3250|0
8758|199811|0
8758|30786|0
8758|59414|0
8758|196810|0
8758|58057|0
8758|15796|0
15600|8821|-1
15600|42346|-1
15600|13030|0
15600|25091|0
15600|58299|0
15600|1836|0
15600|29222|0
15600|12350|0
15600|21232|0
15600|9044|0
15600|51873|0
15600|15623|0
15600|29691|0
15600|59891|0
15600|559|0
15600|34288|0
15600|20932|0
15600|15547|0
29222|513|-1
29222|207688|-1
29222|34927|0
29222|13030|0
29222|25091|0
29222|58299|0
29222|8298|0
29222|58115|0
29222|15576|0
29222|1836|0
29222|47176|0
29222|12347|0
29222|61174|0
29222|204178|0
29222|12350|0
29222|58280|0
29222|199662|0
29222|198385|0
29222|62371|0
29222|21040|0
29222|21232|0
29222|12333|0
29222|41549|0
29222|49489|0
29222|51262|0
29222|51154|0
29222|24889|0
29222|48971|0
29222|9044|0
29222|51873|0
29222|60486|0
29222|50837|0
29222|62035|0
29222|59905|0
29222|15623|0
29222|61423|0
29222|6772|0
29222|43440|0
29222|204631|0
29222|203434|0
29222|51395|0
29222|57777|0
29222|41913|0
29222|200759|0
29222|41655|0
29222|12387|0
29222|15398|0
29222|39764|0
29222|31424|0
29222|43284|0
29222|24951|0
29222|51786|0
29222|199554|0
29222|13250|0
29222|12553|0
29222|52183|0
29222|31736|0
29222|206492|0
29222|9100|0
29222|34554|0
29222|25375|0
29222|33965|0
29222|208731|0
29222|8821|0
29222|35202|0
29222|29691|0
29222|59891|0
29222|47302|0
29222|39419|0
29222|61287|0
29222|16242|0
29222|559|0
29222|20612|0
29222|35360|0
29222|198249|0
29222|203969|0
29222|29655|0
29222|210036|0
29222|62044|0
29222|212865|0
29222|41872|0
29222|28875|0
29222|34288|0
29222|61232|0
29222|20932|0
29222|15517|0
29222|202032|0
29222|8302|0
29222|31662|0
29222|6776|0
29222|12307|0
29222|6775|0
29222|9092|0
29222|15547|0
29222|60804|0
29222|57118|0
29222|61098|0
29222|33845|0
29222|199562|0
29222|20893|0
29222|51907|0
29222|60129|0
29222|42346|0
29222|49983|0
29222|48885|0
29222|3250|0
29222|199811|0
29222|30786|0
29222|59414|0
29222|58057|0
29222|15796|0
1836|25598|-1
1836|35276|-1
1836|35793|-1
1836|41577|-1
1836|43477|-1
1836|43549|-1
1836|50405|-1
1836|50734|-1
1836|58057|-1
1836|60115|-1
1836|197202|-1
1836|197742|-1
1836|199567|-1
1836|200107|-1
1836|200888|-1
1836|201329|-1
1836|204970|-1
1836|205067|-1
1836|206492|-1
1836|208921|-1
1836|210346|-1
1836|211197|-1
1836|214700|-1
1836|34927|0
1836|13030|0
1836|25091|0
1836|58299|0
1836|8298|0
1836|58115|0
1836|15576|0
1836|47176|0
1836|61174|0
1836|204178|0
1836|12350|0
1836|199662|0
1836|198385|0
1836|62371|0
1836|21040|0
1836|21232|0
1836|12333|0
1836|198951|0
1836|41549|0
1836|51262|0
1836|51154|0
1836|206616|0
1836|50598|0
1836|48971|0
1836|9044|0
1836|51873|0
1836|60486|0
1836|50837|0
1836|59905|0
1836|15623|0
1836|61423|0
1836|43440|0
1836|203434|0
1836|51395|0
1836|57777|0
1836|41913|0
1836|200759|0
1836|12387|0
1836|15398|0
1836|39764|0
1836|205678|0
1836|43284|0
1836|200544|0
1836|59622|0
1836|24951|0
1836|51786|0
1836|199554|0
1836|13250|0
1836|12553|0
1836|34554|0
1836|47617|0
1836|208731|0
1836|8821|0
1836|29691|0
1836|59891|0
1836|39419|0
1836|61287|0
1836|559|0
1836|20612|0
1836|35360|0
1836|196621|0
1836|29655|0
1836|215044|0
1836|62044|0
1836|212865|0
1836|25563|0
1836|8803|0
1836|34288|0
1836|61232|0
1836|20932|0
1836|15517|0
1836|202032|0
1836|8302|0
1836|51768|0
1836|31662|0
1836|12307|0
1836|6775|0
1836|9092|0
1836|34578|0
1836|15547|0
1836|29097|0
1836|207335|0
1836|33845|0
1836|199562|0
1836|20893|0
1836|51907|0
1836|42346|0
1836|48885|0
1836|25435|0
1836|30786|0
1836|59414|0
1836|196810|0
1836|15796|0
6730|8758|-1
6730|513|-1
6730|6772|-1
6730|6893|-1
6730|8302|-1
6730|8414|-1
6730|8453|-1
6730|8659|-1
6730|8803|-1
6730|8821|-1
6730|8883|-1
6730|9042|-1
6730|9108|-1
6730|12387|-1
6730|12651|-1
6730|12928|-1
6730|13250|-1
6730|13267|-1
6730|15532|-1
6730|15575|-1
6730|15585|-1
6730|15623|-1
6730|15661|-1
6730|15675|-1
6730|16267|-1
6730|20743|-1
6730|21040|-1
6730|21047|-1
6730|21222|-1
6730|21405|-1
6730|21466|-1
6730|24585|-1
6730|24889|-1
6730|25021|-1
6730|25164|-1
6730|25375|-1
6730|25563|-1
6730|25598|-1
6730|28749|-1
6730|28810|-1
6730|28916|-1
6730|28928|-1
6730|29058|-1
6730|29097|-1
6730|29296|-1
6730|29356|-1
6730|29617|-1
6730|29641|-1
6730|29691|-1
6730|30786|-1
6730|30934|-1
6730|30973|-1
6730|31004|-1
6730|31051|-1
6730|31052|-1
6730|31097|-1
6730|33845|-1
6730|34146|-1
6730|34261|-1
6730|34271|-1
6730|34514|-1
6730|34532|-1
6730|34578|-1
6730|35240|-1
6730|35396|-1
6730|39166|-1
6730|39212|-1
6730|39419|-1
6730|39457|-1
6730|39624|-1
6730|39750|-1
6730|41481|-1
6730|41590|-1
6730|41655|-1
6730|42168|-1
6730|43107|-1
6730|43127|-1
6730|43291|-1
6730|43549|-1
6730|43828|-1
6730|44346|-1
6730|44885|-1
6730|44938|-1
6730|47538|-1
6730|47649|-1
6730|48218|-1
6730|48258|-1
6730|48307|-1
6730|48482|-1
6730|48540|-1
6730|48849|-1
6730|48857|-1
6730|49071|-1
6730|49457|-1
6730|49489|-1
6730|49520|-1
6730|49525|-1
6730|49642|-1
6730|49938|-1
6730|49983|-1
6730|50136|-1
6730|50170|-1
6730|50185|-1
6730|50476|-1
6730|50805|-1
6730|51423|-1
6730|51907|-1
6730|51934|-1
6730|52183|-1
6730|56743|-1
6730|57559|-1
6730|57676|-1
6730|57987|-1
6730|58260|-1
6730|60059|-1
6730|60115|-1
6730|61970|-1
6730|64442|-1
6730|196651|-1
6730|196722|-1
6730|196810|-1
6730|197352|-1
6730|197380|-1
6730|197525|-1
6730|197689|-1
6730|197742|-1
6730|198172|-1
6730|198534|-1
6730|198808|-1
6730|199047|-1
6730|199225|-1
6730|199554|-1
6730|199562|-1
6730|199802|-1
6730|200417|-1
6730|200713|-1
6730|200759|-1
6730|200925|-1
6730|200987|-1
6730|201319|-1
6730|201481|-1
6730|201586|-1
6730|202032|-1
6730|202035|-1
6730|203130|-1
6730|203153|-1
6730|203384|-1
6730|203639|-1
6730|203732|-1
6730|203892|-1
6730|204095|-1
6730|204510|-1
6730|204594|-1
6730|204697|-1
6730|204783|-1
6730|205377|-1
6730|205815|-1
6730|206137|-1
6730|206214|-1
6730|206466|-1
6730|206567|-1
6730|206662|-1
6730|206790|-1
6730|206857|-1
6730|206891|-1
6730|206969|-1
6730|207271|-1
6730|207335|-1
6730|208316|-1
6730|208378|-1
6730|208650|-1
6730|208813|-1
6730|208948|-1
6730|208980|-1
6730|209822|-1
6730|210018|-1
6730|210308|-1
6730|210378|-1
6730|210500|-1
6730|211452|-1
6730|211540|-1
6730|211565|-1
6730|213011|-1
6730|213081|-1
6730|213270|-1
6730|213924|-1
6730|214163|-1
6730|214217|-1
6730|214700|-1
6730|214898|-1
6730|216381|-1
6730|216434|-1
6730|13030|0
6730|25091|0
6730|12350|0
6730|50837|0
6730|559|0
6730|62044|0
6730|48885|0
6730|15796|0
25091|8298|-1
25091|513|-1
25091|6893|-1
25091|15675|-1
25091|20582|-1
25091|21217|-1
25091|21449|-1
25091|31592|-1
25091|34310|-1
25091|35360|-1
25091|39419|-1
25091|41003|-1
25091|41766|-1
25091|41906|-1
25091|43440|-1
25091|47271|-1
25091|49114|-1
25091|49642|-1
25091|50277|-1
25091|50837|-1
25091|56395|-1
25091|56798|-1
25091|58326|-1
25091|60129|-1
25091|60785|-1
25091|60804|-1
25091|60901|-1
25091|61970|-1
25091|62035|-1
25091|62139|-1
25091|64426|-1
25091|64431|-1
25091|196810|-1
25091|199562|-1
25091|199662|-1
25091|199811|-1
25091|200759|-1
25091|201199|-1
25091|202452|-1
25091|210983|-1
25091|213298|-1
25091|34927|0
25091|13030|0
25091|15576|0
25091|47176|0
25091|50869|0
25091|58115|0
25091|58299|0
25091|12347|0
25091|61174|0
25091|204178|0
25091|12350|0
25091|58280|0
25091|198385|0
25091|62371|0
25091|21040|0
25091|21232|0
25091|12333|0
25091|198951|0
25091|41549|0
25091|49489|0
25091|51262|0
25091|51154|0
25091|206616|0
25091|50598|0
25091|24889|0
25091|48461|0
25091|48971|0
25091|9044|0
25091|51873|0
25091|60486|0
25091|59905|0
25091|15623|0
25091|61423|0
25091|6772|0
25091|204631|0
25091|203434|0
25091|51395|0
25091|57777|0
25091|41913|0
25091|41655|0
25091|12387|0
25091|15398|0
25091|39764|0
25091|205678|0
25091|31424|0
25091|43284|0
25091|200544|0
25091|24951|0
25091|51786|0
25091|199554|0
25091|13250|0
25091|12553|0
25091|52183|0
25091|210752|0
25091|31736|0
25091|206492|0
25091|9100|0
25091|34554|0
25091|25375|0
25091|204333|0
25091|33965|0
25091|47617|0
25091|208731|0
25091|8821|0
25091|35202|0
25091|29691|0
25091|59891|0
25091|47302|0
25091|61287|0
25091|49457|0
25091|16242|0
25091|41051|0
25091|559|0
25091|20612|0
25091|34800|0
25091|35793|0
25091|198249|0
25091|203969|0
25091|196621|0
25091|59812|0
25091|29655|0
25091|215044|0
25091|62044|0
25091|212865|0
25091|24585|0
25091|41872|0
25091|28875|0
25091|42760|0
25091|25563|0
25091|34288|0
25091|61232|0
25091|47194|0
25091|15517|0
25091|202032|0
25091|8302|0
25091|51768|0
25091|31662|0
25091|6776|0
25091|12307|0
25091|6775|0
25091|204082|0
25091|9092|0
25091|34578|0
25091|15547|0
25091|51776|0
25091|57118|0
25091|61098|0
25091|207335|0
25091|33845|0
25091|20893|0
25091|51907|0
25091|209898|0
25091|42346|0
25091|49983|0
25091|57965|0
25091|48885|0
25091|25435|0
25091|3250|0
25091|30786|0
25091|59414|0
25091|58057|0
25091|208608|0
25091|15796|0
34927|209533|-1
34927|12307|-1
34927|57521|-1
34927|59812|-1
34927|60265|-1
34927|203218|-1
34927|204631|-1
34927|205929|-1
34927|207149|-1
34927|212378|-1
34927|8298|0
34927|13030|0
34927|15576|0
34927|47176|0
34927|47498|0
34927|50869|0
34927|58115|0
34927|58299|0
34927|61174|0
34927|204178|0
34927|58280|0
34927|199662|0
34927|198385|0
34927|62371|0
34927|21040|0
34927|213929|0
34927|21232|0
34927|12333|0
34927|198951|0
34927|41549|0
34927|51262|0
34927|51154|0
34927|206616|0
34927|50598|0
34927|24889|0
34927|48971|0
34927|9044|0
34927|51873|0
34927|60486|0
34927|50837|0
34927|59905|0
34927|15623|0
34927|61423|0
34927|43440|0
34927|203434|0
34927|51395|0
34927|57777|0
34927|41913|0
34927|200759|0
34927|12387|0
34927|15398|0
34927|39764|0
34927|205678|0
34927|31424|0
34927|43284|0
34927|200544|0
34927|24951|0
34927|51786|0
34927|199554|0
34927|13250|0
34927|12553|0
34927|210752|0
34927|206492|0
34927|34554|0
34927|204333|0
34927|47617|0
34927|208731|0
34927|8821|0
34927|35202|0
34927|29691|0
34927|59891|0
34927|39419|0
34927|61287|0
34927|41051|0
34927|559|0
34927|25598|0
34927|20612|0
34927|34800|0
34927|35360|0
34927|35793|0
34927|198249|0
34927|196621|0
34927|29655|0
34927|215044|0
34927|62044|0
34927|212865|0
34927|25563|0
34927|34288|0
34927|61232|0
34927|20932|0
34927|15517|0
34927|202032|0
34927|8302|0
34927|51768|0
34927|31662|0
34927|6775|0
34927|9092|0
34927|34578|0
34927|15547|0
34927|51776|0
34927|61098|0
34927|207335|0
34927|33845|0
34927|199562|0
34927|20893|0
34927|51907|0
34927|209898|0
34927|42346|0
34927|57965|0
34927|48885|0
34927|25435|0
34927|30786|0
34927|59414|0
34927|196810|0
34927|58057|0
34927|208608|0
34927|15796|0
13030|47176|-1
13030|58299|-1
13030|3250|-1
13030|6772|-1
13030|6775|-1
13030|6776|-1
13030|8271|-1
13030|9108|-1
13030|16111|-1
13030|16221|-1
13030|16242|-1
13030|20988|-1
13030|21232|-1
13030|24585|-1
13030|24889|-1
13030|25164|-1
13030|25375|-1
13030|29097|-1
13030|29691|-1
13030|31424|-1
13030|31662|-1
13030|31736|-1
13030|33965|-1
13030|34182|-1
13030|34514|-1
13030|34960|-1
13030|35206|-1
13030|35507|-1
13030|35518|-1
13030|35663|-1
13030|39212|-1
13030|39671|-1
13030|39764|-1
13030|41481|-1
13030|41655|-1
13030|42059|-1
13030|42357|-1
13030|42500|-1
13030|42760|-1
13030|43284|-1
13030|43393|-1
13030|43735|-1
13030|44238|-1
13030|44468|-1
13030|44776|-1
13030|47302|-1
13030|47506|-1
13030|47649|-1
13030|48218|-1
13030|48263|-1
13030|48461|-1
13030|49520|-1
13030|49983|-1
13030|50255|-1
13030|50997|-1
13030|51395|-1
13030|52183|-1
13030|57521|-1
13030|59414|-1
13030|59810|-1
13030|59891|-1
13030|60728|-1
13030|60804|-1
13030|60901|-1
13030|61098|-1
13030|61287|-1
13030|62035|-1
13030|64442|-1
13030|197988|-1
13030|198249|-1
13030|199003|-1
13030|199533|-1
13030|199811|-1
13030|200759|-1
13030|200925|-1
13030|200979|-1
13030|201590|-1
13030|203718|-1
13030|203882|-1
13030|204082|-1
13030|204631|-1
13030|205377|-1
13030|205737|-1
13030|205747|-1
13030|205959|-1
13030|206201|-1
13030|206291|-1
13030|206484|-1
13030|206522|-1
13030|206567|-1
13030|207143|-1
13030|208224|-1
13030|208731|-1
13030|209042|-1
13030|209346|-1
13030|209886|-1
13030|210231|-1
13030|210500|-1
13030|210602|-1
13030|210983|-1
13030|211452|-1
13030|211540|-1
13030|211861|-1
13030|213059|-1
13030|213196|-1
13030|213298|-1
13030|213929|-1
13030|214060|-1
13030|214815|-1
13030|215217|-1
13030|215852|-1
13030|216381|-1
13030|8298|0
13030|12350|0
13030|198385|0
13030|21040|0
13030|12333|0
13030|206616|0
13030|21190|0
13030|48971|0
13030|9044|0
13030|60486|0
13030|15623|0
13030|61423|0
13030|41913|0
13030|12387|0
13030|24951|0
13030|51786|0
13030|13250|0
13030|513|0
13030|204333|0
13030|559|0
13030|2613|0
13030|29655|0
13030|62044|0
13030|8803|0
13030|34288|0
13030|61232|0
13030|20932|0
13030|15517|0
13030|202032|0
13030|8302|0
13030|211096|0
13030|15547|0
13030|6893|0
13030|33845|0
13030|20893|0
13030|42346|0
13030|48885|0
13030|15796|0
15576|8758|-1
15576|47176|-1
15576|15716|-1
15576|21232|-1
15576|24585|-1
15576|25353|-1
15576|25598|-1
15576|33845|-1
15576|34288|-1
15576|34578|-1
15576|35635|-1
15576|39265|-1
15576|41632|-1
15576|41872|-1
15576|42810|-1
15576|43800|-1
15576|43906|-1
15576|44879|-1
15576|47469|-1
15576|47617|-1
15576|51529|-1
15576|51768|-1
15576|51907|-1
15576|60311|-1
15576|61287|-1
15576|196621|-1
15576|198326|-1
15576|198385|-1
15576|198951|-1
15576|199819|-1
15576|200544|-1
15576|200647|-1
15576|201134|-1
15576|201416|-1
15576|202714|-1
15576|203434|-1
15576|205029|-1
15576|206616|-1
15576|210861|-1
15576|58299|0
15576|8298|0
15576|58115|0
15576|12350|0
15576|9044|0
15576|51873|0
15576|15623|0
15576|57777|0
15576|41913|0
15576|51786|0
15576|513|0
15576|29691|0
15576|59891|0
15576|559|0
15576|20612|0
15576|35793|0
15576|62044|0
15576|20932|0
15576|202032|0
15576|12307|0
15576|15547|0
15576|61098|0
15576|6893|0
15576|59414|0
15576|58057|0
8298|50869|-1
8298|57777|-1
8298|210036|-1
8298|212323|-1
8298|47176|0
8298|58115|0
8298|61174|0
8298|204178|0
8298|58280|0
8298|199662|0
8298|198385|0
8298|62371|0
8298|21040|0
8298|213929|0
8298|21232|0
8298|12333|0
8298|198951|0
8298|41549|0
8298|51262|0
8298|51154|0
8298|206616|0
8298|50598|0
8298|48971|0
8298|9044|0
8298|51873|0
8298|60486|0
8298|50837|0
8298|59905|0
8298|15623|0
8298|61423|0
8298|43440|0
8298|203434|0
8298|51395|0
8298|41913|0
8298|200759|0
8298|12387|0
8298|15398|0
8298|39764|0
8298|205678|0
8298|43284|0
8298|200544|0
8298|24951|0
8298|51786|0
8298|199554|0
8298|13250|0
8298|12553|0
8298|210752|0
8298|206492|0
8298|34554|0
8298|204333|0
8298|47617|0
8298|208731|0
8298|8821|0
8298|29691|0
8298|59891|0
8298|39419|0
8298|61287|0
8298|559|0
8298|25598|0
8298|20612|0
8298|34800|0
8298|35793|0
8298|203218|0
8298|196621|0
8298|29655|0
8298|215044|0
8298|62044|0
8298|212865|0
8298|25563|0
8298|34288|0
8298|61232|0
8298|47194|0
8298|20932|0
8298|15517|0
8298|202032|0
8298|8302|0
8298|51768|0
8298|31662|0
8298|12307|0
8298|6775|0
8298|9092|0
8298|34578|0
8298|15547|0
8298|29097|0
8298|51776|0
8298|207335|0
8298|33845|0
8298|199562|0
8298|20893|0
8298|51907|0
8298|209898|0
8298|42346|0
8298|57965|0
8298|48885|0
8298|25435|0
8298|30786|0
8298|59414|0
8298|196810|0
8298|58057|0
8298|208608|0
8298|15796|0
47176|21217|-1
47176|21466|-1
47176|33849|-1
47176|51778|-1
47176|198635|-1
47176|206123|-1
47176|210468|-1
47176|210736|-1
47176|212629|-1
47176|214274|-1
47176|215278|-1
47176|58299|0
47176|198385|0
47176|21232|0
47176|51873|0
47176|15623|0
47176|57777|0
47176|51786|0
47176|513|0
47176|29691|0
47176|59891|0
47176|559|0
47176|20612|0
47176|34288|0
47176|20932|0
47176|202032|0
47176|12307|0
47176|15547|0
47176|59414|0
47176|58057|0
47498|50869|-1
47498|35202|-1
47498|57521|-1
47498|203218|-1
47498|213929|-1
50869|2613|-1
50869|6893|-1
50869|12307|-1
50869|35202|-1
50869|35360|-1
50869|58280|-1
50869|204082|-1
50869|210036|-1
50869|211452|-1
50869|58299|0
50869|213929|0
50869|48971|0
50869|57777|0
50869|58057|0
58115|2613|-1
58115|6893|-1
58115|20612|-1
58115|20932|-1
58115|21232|-1
58115|29691|-1
58115|42357|-1
58115|48390|-1
58115|49457|-1
58115|50963|-1
58115|51786|-1
58115|51873|-1
58115|59414|-1
58115|59891|-1
58115|202032|-1
58115|211096|-1
58115|211174|-1
58115|211452|-1
58115|58299|0
58115|198385|0
58115|41549|0
58115|9044|0
58115|50837|0
58115|15623|0
58115|61423|0
58115|43440|0
58115|41913|0
58115|43284|0
58115|559|0
58115|29655|0
58115|212865|0
58115|34288|0
58115|12307|0
58115|6775|0
58115|15547|0
58115|58057|0
58299|8298|-1
58299|28859|-1
58299|35206|-1
58299|41051|-1
58299|48971|-1
58299|58280|-1
58299|59812|-1
58299|203969|-1
58299|205929|-1
58299|212944|-1
58299|12347|0
58299|61174|0
58299|204178|0
58299|12350|0
58299|199662|0
58299|198385|0
58299|62371|0
58299|21040|0
58299|213929|0
58299|21232|0
58299|12333|0
58299|198951|0
58299|41549|0
58299|49489|0
58299|42032|0
58299|51262|0
58299|51154|0
58299|206616|0
58299|50598|0
58299|24889|0
58299|48461|0
58299|9044|0
58299|51873|0
58299|60486|0
58299|50837|0
58299|62035|0
58299|59905|0
58299|15623|0
58299|61423|0
58299|6772|0
58299|43440|0
58299|204631|0
58299|203434|0
58299|51395|0
58299|57777|0
58299|41913|0
58299|200759|0
58299|41655|0
58299|12387|0
58299|15398|0
58299|39764|0
58299|205678|0
58299|31424|0
58299|43284|0
58299|200544|0
58299|24951|0
58299|51786|0
58299|199554|0
58299|13250|0
58299|12553|0
58299|52183|0
58299|210752|0
58299|31736|0
58299|206492|0
58299|9100|0
58299|34554|0
58299|25375|0
58299|204333|0
58299|33965|0
58299|47617|0
58299|208731|0
58299|8821|0
58299|35202|0
58299|29691|0
58299|59891|0
58299|47302|0
58299|39419|0
58299|61287|0
58299|16242|0
58299|559|0
58299|25598|0
58299|20612|0
58299|34800|0
58299|35360|0
58299|35793|0
58299|198249|0
58299|203218|0
58299|196621|0
58299|29655|0
58299|210036|0
58299|215044|0
58299|34960|0
58299|62044|0
58299|212865|0
58299|24585|0
58299|41872|0
58299|28875|0
58299|42760|0
58299|25563|0
58299|8803|0
58299|34288|0
58299|61232|0
58299|47194|0
58299|20932|0
58299|15517|0
58299|202032|0
58299|8302|0
58299|51768|0
58299|31662|0
58299|6776|0
58299|12307|0
58299|6775|0
58299|204082|0
58299|9092|0
58299|34578|0
58299|15547|0
58299|60804|0
58299|29097|0
58299|51776|0
58299|57118|0
58299|61098|0
58299|207335|0
58299|33845|0
58299|199562|0
58299|20893|0
58299|51907|0
58299|209898|0
58299|42346|0
58299|49983|0
58299|57521|0
58299|48885|0
58299|25435|0
58299|3250|0
58299|199811|0
58299|30786|0
58299|59414|0
58299|196810|0
58299|58057|0
58299|208608|0
58299|15796|0
41290|198385|0
198385|21190|-1
198385|25090|-1
198385|41562|-1
198385|42357|-1
198385|199229|-1
198385|203882|-1
198385|204082|-1
198385|207646|-1
198385|207758|-1
198385|12347|0
198385|61174|0
198385|204178|0
198385|12350|0
198385|58280|0
198385|559|0
198385|2613|0
198385|3250|0
198385|6772|0
198385|6775|0
198385|6776|0
198385|6893|0
198385|8302|0
198385|8821|0
198385|9044|0
198385|9092|0
198385|9100|0
198385|12387|0
198385|12553|0
198385|13250|0
198385|15398|0
198385|15517|0
198385|15547|0
198385|15623|0
198385|15796|0
198385|16242|0
198385|20612|0
198385|20893|0
198385|20932|0
198385|21040|0
198385|21232|0
198385|24585|0
198385|24889|0
198385|24951|0
198385|25375|0
198385|25435|0
198385|25563|0
198385|28875|0
198385|29655|0
198385|29691|0
198385|30786|0
198385|31424|0
198385|31662|0
198385|31736|0
198385|33845|0
198385|33965|0
198385|34288|0
198385|34554|0
198385|34578|0
198385|34960|0
198385|35202|0
198385|35793|0
198385|39764|0
198385|41549|0
198385|41655|0
198385|41872|0
198385|41913|0
198385|42346|0
198385|42760|0
198385|43284|0
198385|43440|0
198385|47302|0
198385|47617|0
198385|48461|0
198385|48885|0
198385|48971|0
198385|49457|0
198385|49489|0
198385|49983|0
198385|50598|0
198385|50963|0
198385|51154|0
198385|51262|0
198385|51395|0
198385|51768|0
198385|51786|0
198385|51907|0
198385|52183|0
198385|57118|0
198385|57777|0
198385|57965|0
198385|58057|0
198385|59414|0
198385|59891|0
198385|59905|0
198385|60486|0
198385|61098|0
198385|61232|0
198385|61287|0
198385|61423|0
198385|62044|0
198385|62371|0
198385|196621|0
198385|198249|0
198385|12307|0
198385|12333|0
198385|48390|0
198385|51873|0
198385|206616|0
198385|198951|0
198385|199554|0
198385|200544|0
198385|200759|0
198385|202032|0
198385|203434|0
198385|203969|0
198385|204631|0
198385|205678|0
198385|206492|0
198385|207335|0
198385|208731|0
198385|210036|0
198385|212865|0
198385|215044|0
12347|559|0
12347|12307|0
12347|51873|0
12347|59414|0
12347|12350|0
12347|15547|0
12347|15623|0
12347|20612|0
12347|20932|0
12347|21232|0
12347|34288|0
12347|51786|0
12347|57777|0
12347|58057|0
559|25021|-1
559|196722|-1
559|200233|-1
559|202123|-1
559|205218|-1
559|213196|-1
559|61174|0
559|204178|0
559|12350|0
559|58280|0
559|199662|0
559|62371|0
559|21040|0
559|21232|0
559|12333|0
559|198951|0
559|41549|0
559|49489|0
559|51262|0
559|51154|0
559|206616|0
559|50598|0
559|24889|0
559|48461|0
559|48971|0
559|9044|0
559|51873|0
559|60486|0
559|50837|0
559|62035|0
559|59905|0
559|15623|0
559|61423|0
559|6772|0
559|43440|0
559|204631|0
559|203434|0
559|51395|0
559|57777|0
559|41913|0
559|200759|0
559|41655|0
559|12387|0
559|15398|0
559|39764|0
559|8271|0
559|205678|0
559|31424|0
559|43284|0
559|200544|0
559|24951|0
559|51786|0
559|199554|0
559|13250|0
559|12553|0
559|52183|0
559|513|0
559|210752|0
559|31736|0
559|206492|0
559|9100|0
559|34554|0
559|25375|0
559|33965|0
559|47617|0
559|208731|0
559|8821|0
559|35202|0
559|29691|0
559|59891|0
559|47302|0
559|39419|0
559|61287|0
559|16242|0
559|3250|0
559|6775|0
559|6776|0
559|9092|0
559|12307|0
559|15547|0
559|20612|0
559|20893|0
559|24585|0
559|25435|0
559|25563|0
559|25598|0
559|28875|0
559|30786|0
559|31662|0
559|33845|0
559|34288|0
559|35360|0
559|35793|0
559|42346|0
559|49983|0
559|51768|0
559|51907|0
559|57118|0
559|59414|0
559|61098|0
559|61232|0
559|62044|0
559|196621|0
559|199562|0
559|202032|0
559|203969|0
559|207335|0
559|210036|0
559|215044|0
559|8302|0
559|15517|0
559|15796|0
559|20932|0
559|29655|0
559|34578|0
559|41872|0
559|42760|0
559|48885|0
559|51776|0
559|58057|0
559|60129|0
559|60284|0
559|60804|0
559|196810|0
559|198249|0
559|199811|0
559|212865|0
12307|28875|-1
12307|35202|-1
12307|42032|-1
12307|61174|0
12307|204178|0
12307|58280|0
12307|199662|0
12307|62371|0
12307|21040|0
12307|213929|0
12307|21232|0
12307|12333|0
12307|198951|0
12307|41549|0
12307|49489|0
12307|51262|0
12307|206616|0
12307|50598|0
12307|24889|0
12307|48461|0
12307|48971|0
12307|9044|0
12307|51873|0
12307|60486|0
12307|50837|0
12307|62035|0
12307|59905|0
12307|15623|0
12307|61423|0
12307|6772|0
12307|43440|0
12307|204631|0
12307|203434|0
12307|51395|0
12307|57777|0
12307|41913|0
12307|200759|0
12307|41655|0
12307|12387|0
12307|15398|0
12307|39764|0
12307|205678|0
12307|31424|0
12307|43284|0
12307|200544|0
12307|24951|0
12307|51786|0
12307|199554|0
12307|13250|0
12307|12553|0
12307|52183|0
12307|31736|0
12307|206492|0
12307|9100|0
12307|34554|0
12307|25375|0
12307|205929|0
12307|33965|0
12307|47617|0
12307|208731|0
12307|8821|0
12307|59891|0
12307|47302|0
12307|39419|0
12307|61287|0
12307|16242|0
12307|41051|0
12307|25598|0
12307|20612|0
12307|35360|0
12307|35793|0
12307|198249|0
12307|203969|0
12307|196621|0
12307|59812|0
12307|29655|0
12307|215044|0
12307|62044|0
12307|212865|0
12307|24585|0
12307|41872|0
12307|42760|0
12307|25563|0
12307|34288|0
12307|61232|0
12307|20932|0
12307|15517|0
12307|202032|0
12307|8302|0
12307|51768|0
12307|31662|0
12307|6776|0
12307|3250|0
12307|6775|0
12307|9092|0
12307|15547|0
12307|15796|0
12307|20893|0
12307|25435|0
12307|30786|0
12307|33845|0
12307|34578|0
12307|42346|0
12307|48885|0
12307|49983|0
12307|51907|0
12307|57118|0
12307|58057|0
12307|59414|0
12307|60804|0
12307|61098|0
12307|196810|0
12307|199562|0
12307|199811|0
12307|204082|0
12307|207335|0
51873|61174|0
51873|204178|0
51873|12350|0
51873|58280|0
51873|199662|0
51873|62371|0
51873|21232|0
51873|198951|0
51873|41549|0
51873|49489|0
51873|51262|0
51873|206616|0
51873|48461|0
51873|48971|0
51873|9044|0
51873|3250|0
51873|6772|0
51873|6775|0
51873|6776|0
51873|8302|0
51873|8803|0
51873|8821|0
51873|9092|0
51873|9100|0
51873|12387|0
51873|12553|0
51873|13250|0
51873|15517|0
51873|15547|0
51873|15623|0
51873|16242|0
51873|20612|0
51873|20893|0
51873|20932|0
51873|24951|0
51873|25375|0
51873|25435|0
51873|25563|0
51873|28875|0
51873|29097|0
51873|29655|0
51873|29691|0
51873|31424|0
51873|31662|0
51873|31736|0
51873|33845|0
51873|33965|0
51873|34288|0
51873|34554|0
51873|34578|0
51873|35202|0
51873|35360|0
51873|35793|0
51873|39419|0
51873|39764|0
51873|41655|0
51873|41913|0
51873|42346|0
51873|43284|0
51873|43440|0
51873|48885|0
51873|49983|0
51873|50837|0
51873|51395|0
51873|51768|0
51873|51786|0
51873|51907|0
51873|52183|0
51873|57118|0
51873|57777|0
51873|58057|0
51873|59414|0
51873|59891|0
51873|59905|0
51873|60486|0
51873|60804|0
51873|61098|0
51873|61287|0
51873|61423|0
51873|62035|0
51873|62044|0
51873|196621|0
51873|196810|0
51873|198249|0
51873|199554|0
51873|199562|0
51873|199811|0
51873|200759|0
51873|202032|0
51873|203434|0
51873|203969|0
51873|204631|0
51873|206492|0
51873|207335|0
51873|208731|0
51873|210036|0
51873|212865|0
59414|21124|-1
59414|58222|-1
59414|203434|-1
59414|214867|-1
59414|61174|0
59414|204178|0
59414|12350|0
59414|58280|0
59414|199662|0
59414|62371|0
59414|21040|0
59414|21232|0
59414|12333|0
59414|198951|0
59414|41549|0
59414|49489|0
59414|51262|0
59414|206616|0
59414|50598|0
59414|24889|0
59414|48461|0
59414|48971|0
59414|9044|0
59414|60486|0
59414|50837|0
59414|62035|0
59414|59905|0
59414|15623|0
59414|61423|0
59414|6772|0
59414|43440|0
59414|204631|0
59414|51395|0
59414|57777|0
59414|41913|0
59414|200759|0
59414|41655|0
59414|12387|0
59414|15398|0
59414|39764|0
59414|205678|0
59414|31424|0
59414|43284|0
59414|200544|0
59414|24951|0
59414|51786|0
59414|199554|0
59414|13250|0
59414|12553|0
59414|52183|0
59414|31736|0
59414|206492|0
59414|9100|0
59414|34554|0
59414|25375|0
59414|33965|0
59414|47617|0
59414|208731|0
59414|8821|0
59414|35202|0
59414|29691|0
59414|59891|0
59414|47302|0
59414|39419|0
59414|61287|0
59414|16242|0
59414|25598|0
59414|20612|0
59414|35360|0
59414|35793|0
59414|198249|0
59414|203969|0
59414|196621|0
59414|29655|0
59414|210036|0
59414|215044|0
59414|62044|0
59414|212865|0
59414|24585|0
59414|41872|0
59414|28875|0
59414|42760|0
59414|25563|0
59414|34288|0
59414|61232|0
59414|20932|0
59414|15517|0
59414|202032|0
59414|8302|0
59414|51768|0
59414|31662|0
59414|6776|0
59414|6775|0
59414|9092|0
59414|34578|0
59414|15547|0
59414|60804|0
59414|57118|0
59414|61098|0
59414|207335|0
59414|33845|0
59414|199562|0
59414|20893|0
59414|51907|0
59414|42346|0
59414|49983|0
59414|48885|0
59414|25435|0
59414|3250|0
59414|199811|0
59414|30786|0
59414|15796|0
59414|58057|0
59414|196810|0
12350|3334|-1
12350|60199|-1
12350|201586|-1
12350|203153|-1
12350|205393|-1
12350|215825|-1
12350|513|0
12350|3250|0
12350|6772|0
12350|6776|0
12350|8803|0
12350|8821|0
12350|9044|0
12350|12333|0
12350|12387|0
12350|13250|0
12350|15547|0
12350|20893|0
12350|21232|0
12350|24889|0
12350|25563|0
12350|28875|0
12350|29097|0
12350|29691|0
12350|31662|0
12350|31736|0
12350|33845|0
12350|33965|0
12350|34288|0
12350|35518|0
12350|41549|0
12350|41913|0
12350|42346|0
12350|49489|0
12350|49983|0
12350|61232|0
12350|62371|0
12350|196621|0
12350|201228|0
12350|202032|0
12350|15517|0
12350|15623|0
12350|15796|0
12350|20932|0
12350|21449|0
12350|24951|0
12350|25375|0
12350|29655|0
12350|31424|0
12350|34554|0
12350|34578|0
12350|34960|0
12350|39764|0
12350|47302|0
12350|48885|0
12350|50837|0
12350|51395|0
12350|58280|0
12350|59891|0
12350|60129|0
15547|31124|-1
15547|34781|-1
15547|39440|-1
15547|39544|-1
15547|206857|-1
15547|211182|-1
15547|61174|0
15547|204178|0
15547|58280|0
15547|62371|0
15547|21040|0
15547|21232|0
15547|49113|0
15547|12333|0
15547|198951|0
15547|41549|0
15547|49489|0
15547|51154|0
15547|206616|0
15547|24889|0
15547|48971|0
15547|9044|0
15547|60486|0
15547|50837|0
15547|59905|0
15547|15623|0
15547|61423|0
15547|6772|0
15547|43440|0
15547|203434|0
15547|51395|0
15547|57777|0
15547|41913|0
15547|200759|0
15547|12387|0
15547|15398|0
15547|39764|0
15547|205678|0
15547|31424|0
15547|43284|0
15547|200544|0
15547|24951|0
15547|51786|0
15547|199554|0
15547|13250|0
15547|12553|0
15547|513|0
15547|31736|0
15547|206492|0
15547|9100|0
15547|34554|0
15547|33965|0
15547|47617|0
15547|208731|0
15547|8821|0
15547|35202|0
15547|29691|0
15547|59891|0
15547|61287|0
15547|16242|0
15547|20612|0
15547|35793|0
15547|2613|0
15547|203969|0
15547|196621|0
15547|29655|0
15547|210036|0
15547|215044|0
15547|62044|0
15547|212865|0
15547|28875|0
15547|25563|0
15547|34288|0
15547|20932|0
15547|202032|0
15547|8302|0
15547|51768|0
15547|31662|0
15547|6775|0
15547|9092|0
15547|34578|0
15547|30786|0
15547|33845|0
15547|42346|0
15547|51907|0
15547|57118|0
15547|57965|0
15547|15796|0
15547|48885|0
15547|51776|0
15547|58057|0
15547|60129|0
15547|60804|0
15547|61098|0
15547|199811|0
15623|6732|-1
15623|31051|-1
15623|35712|-1
15623|43107|-1
15623|43291|-1
15623|50805|-1
15623|51786|-1
15623|61232|-1
15623|201228|-1
15623|202451|-1
15623|206214|-1
15623|206779|-1
15623|208065|-1
15623|209346|-1
15623|211861|-1
15623|214060|-1
15623|216381|-1
15623|61174|0
15623|204178|0
15623|58280|0
15623|199662|0
15623|62371|0
15623|21040|0
15623|21232|0
15623|12333|0
15623|198951|0
15623|41549|0
15623|49489|0
15623|51262|0
15623|206616|0
15623|50598|0
15623|24889|0
15623|48461|0
15623|48971|0
15623|9044|0
15623|60486|0
15623|50837|0
15623|62035|0
15623|59905|0
15623|8302|0
15623|3250|0
15623|6772|0
15623|6775|0
15623|6776|0
15623|8271|0
15623|8803|0
15623|8821|0
15623|9092|0
15623|9100|0
15623|12387|0
15623|12553|0
15623|15398|0
15623|15517|0
15623|16242|0
15623|20612|0
15623|20893|0
15623|24585|0
15623|25435|0
15623|25563|0
15623|25598|0
15623|28875|0
15623|29097|0
15623|29691|0
15623|30786|0
15623|31662|0
15623|31736|0
15623|33845|0
15623|33965|0
15623|34288|0
15623|35202|0
15623|35360|0
15623|35793|0
15623|39419|0
15623|39764|0
15623|41655|0
15623|41913|0
15623|42346|0
15623|42760|0
15623|43284|0
15623|43440|0
15623|47617|0
15623|49983|0
15623|51768|0
15623|51907|0
15623|52183|0
15623|57118|0
15623|57777|0
15623|59891|0
15623|61098|0
15623|61287|0
15623|62044|0
15623|196621|0
15623|199554|0
15623|199562|0
15623|200759|0
15623|202032|0
15623|203969|0
15623|204631|0
15623|207335|0
15623|208731|0
15623|210036|0
15623|215044|0
15623|15796|0
15623|20932|0
15623|24951|0
15623|25375|0
15623|29655|0
15623|31424|0
15623|34554|0
15623|34578|0
15623|41872|0
15623|47302|0
15623|48885|0
15623|51395|0
15623|58057|0
15623|60804|0
15623|61423|0
15623|196810|0
15623|198249|0
15623|199811|0
15623|200544|0
15623|203434|0
15623|206492|0
15623|212865|0
20612|61174|0
20612|204178|0
20612|58280|0
20612|199662|0
20612|62371|0
20612|21040|0
20612|21232|0
20612|12333|0
20612|198951|0
20612|41549|0
20612|49489|0
20612|51262|0
20612|206616|0
20612|50598|0
20612|24889|0
20612|48461|0
20612|48971|0
20612|9044|0
20612|60486|0
20612|50837|0
20612|62035|0
20612|59905|0
20612|61423|0
20612|6772|0
20612|43440|0
20612|204631|0
20612|203434|0
20612|51395|0
20612|57777|0
20612|41913|0
20612|200759|0
20612|41655|0
20612|12387|0
20612|15398|0
20612|39764|0
20612|205678|0
20612|31424|0
20612|43284|0
20612|200544|0
20612|24951|0
20612|51786|0
20612|199554|0
20612|13250|0
20612|12553|0
20612|52183|0
20612|31736|0
20612|206492|0
20612|9100|0
20612|34554|0
20612|25375|0
20612|33965|0
20612|47617|0
20612|208731|0
20612|8821|0
20612|35202|0
20612|29691|0
20612|59891|0
20612|47302|0
20612|39419|0
20612|61287|0
20612|16242|0
20612|25598|0
20612|6775|0
20612|8302|0
20612|15517|0
20612|15796|0
20612|3250|0
20612|6776|0
20612|9092|0
20612|20893|0
20612|25435|0
20612|28875|0
20612|30786|0
20612|31662|0
20612|33845|0
20612|34288|0
20612|35793|0
20612|42346|0
20612|49983|0
20612|51907|0
20612|57118|0
20612|61232|0
20612|62044|0
20612|196621|0
20612|199562|0
20612|202032|0
20612|203969|0
20612|207335|0
20612|215044|0
20612|20932|0
20612|24585|0
20612|25563|0
20612|29655|0
20612|34578|0
20612|35360|0
20612|41872|0
20612|42760|0
20612|48885|0
20612|51768|0
20612|58057|0
20612|60804|0
20612|61098|0
20612|196810|0
20612|198249|0
20612|199811|0
20612|210036|0
20612|212865|0
20932|15361|-1
20932|16114|-1
20932|21217|-1
20932|28749|-1
20932|39381|-1
20932|47299|-1
20932|212920|-1
20932|61174|0
20932|204178|0
20932|58280|0
20932|199662|0
20932|62371|0
20932|21040|0
20932|21232|0
20932|12333|0
20932|198951|0
20932|41549|0
20932|49489|0
20932|51262|0
20932|51154|0
20932|206616|0
20932|50598|0
20932|24889|0
20932|48461|0
20932|48971|0
20932|9044|0
20932|60486|0
20932|50837|0
20932|62035|0
20932|59905|0
20932|61423|0
20932|6772|0
20932|43440|0
20932|204631|0
20932|203434|0
20932|51395|0
20932|57777|0
20932|41913|0
20932|200759|0
20932|41655|0
20932|12387|0
20932|15398|0
20932|39764|0
20932|8271|0
20932|205678|0
20932|31424|0
20932|43284|0
20932|200544|0
20932|24951|0
20932|51786|0
20932|199554|0
20932|13250|0
20932|12553|0
20932|52183|0
20932|513|0
20932|210752|0
20932|31736|0
20932|206492|0
20932|9100|0
20932|34554|0
20932|25375|0
20932|33965|0
20932|47617|0
20932|208731|0
20932|8821|0
20932|35202|0
20932|29691|0
20932|59891|0
20932|47302|0
20932|39419|0
20932|61287|0
20932|16242|0
20932|25598|0
20932|35360|0
20932|35793|0
20932|198249|0
20932|203969|0
20932|196621|0
20932|29655|0
20932|210036|0
20932|215044|0
20932|34960|0
20932|62044|0
20932|212865|0
20932|24585|0
20932|41872|0
20932|28875|0
20932|42760|0
20932|25563|0
20932|34288|0
20932|61232|0
20932|8302|0
20932|15796|0
20932|3250|0
20932|6775|0
20932|6776|0
20932|9092|0
20932|15517|0
20932|20893|0
20932|25435|0
20932|30786|0
20932|31662|0
20932|33845|0
20932|34578|0
20932|42346|0
20932|48885|0
20932|49983|0
20932|51768|0
20932|51907|0
20932|57118|0
20932|57965|0
20932|58057|0
20932|60129|0
20932|60804|0
20932|61098|0
20932|199562|0
20932|202032|0
20932|207335|0
20932|21449|0
20932|51776|0
20932|196810|0
20932|199811|0
21232|61174|0
21232|204178|0
21232|58280|0
21232|199662|0
21232|62371|0
21232|21040|0
21232|6775|0
21232|8302|0
21232|9100|0
21232|15517|0
21232|15796|0
21232|3250|0
21232|6772|0
21232|6776|0
21232|8803|0
21232|8821|0
21232|9044|0
21232|9092|0
21232|12333|0
21232|12387|0
21232|12553|0
21232|13250|0
21232|15398|0
21232|16242|0
21232|20893|0
21232|24889|0
21232|25435|0
21232|25598|0
21232|28875|0
21232|29097|0
21232|29691|0
21232|30786|0
21232|31662|0
21232|31736|0
21232|33845|0
21232|33965|0
21232|34288|0
21232|35518|0
21232|35793|0
21232|39419|0
21232|41655|0
21232|41913|0
21232|42346|0
21232|43284|0
21232|43440|0
21232|47617|0
21232|48971|0
21232|49489|0
21232|49983|0
21232|51262|0
21232|51786|0
21232|51907|0
21232|52183|0
21232|57118|0
21232|60486|0
21232|61232|0
21232|61287|0
21232|62044|0
21232|196621|0
21232|199562|0
21232|200759|0
21232|201228|0
21232|202032|0
21232|203969|0
21232|206616|0
21232|207335|0
21232|215044|0
21232|24585|0
21232|24951|0
21232|25375|0
21232|25563|0
21232|29655|0
21232|31424|0
21232|34554|0
21232|34578|0
21232|34960|0
21232|35202|0
21232|35360|0
21232|39764|0
21232|41549|0
21232|41872|0
21232|42760|0
21232|47302|0
21232|48461|0
21232|48885|0
21232|50598|0
21232|50837|0
21232|51395|0
21232|51768|0
21232|57777|0
21232|58057|0
21232|59891|0
21232|59905|0
21232|60804|0
21232|61098|0
21232|61423|0
21232|62035|0
21232|196810|0
21232|198249|0
21232|198951|0
21232|199554|0
21232|199811|0
21232|200544|0
21232|203434|0
21232|204631|0
21232|205678|0
21232|206492|0
21232|208731|0
21232|210036|0
21232|212865|0
34288|12553|-1
34288|21269|-1
34288|61174|0
34288|204178|0
34288|58280|0
34288|199662|0
34288|62371|0
34288|21040|0
34288|12333|0
34288|198951|0
34288|41549|0
34288|49489|0
34288|51262|0
34288|51154|0
34288|206616|0
34288|50598|0
34288|24889|0
34288|48461|0
34288|48971|0
34288|9044|0
34288|60486|0
34288|50837|0
34288|62035|0
34288|59905|0
34288|61423|0
34288|6772|0
34288|43440|0
34288|204631|0
34288|203434|0
34288|51395|0
34288|57777|0
34288|41913|0
34288|200759|0
34288|41655|0
34288|12387|0
34288|15398|0
34288|39764|0
34288|8271|0
34288|205678|0
34288|31424|0
34288|43284|0
34288|200544|0
34288|24951|0
34288|51786|0
34288|199554|0
34288|13250|0
34288|52183|0
34288|210752|0
34288|31736|0
34288|206492|0
34288|9100|0
34288|34554|0
34288|25375|0
34288|33965|0
34288|47617|0
34288|208731|0
34288|8821|0
34288|35202|0
34288|29691|0
34288|59891|0
34288|47302|0
34288|39419|0
34288|61287|0
34288|16242|0
34288|25598|0
34288|35360|0
34288|35793|0
34288|2613|0
34288|198249|0
34288|203969|0
34288|196621|0
34288|29655|0
34288|210036|0
34288|215044|0
34288|34960|0
34288|62044|0
34288|212865|0
34288|24585|0
34288|41872|0
34288|28875|0
34288|42760|0
34288|25563|0
34288|3250|0
34288|6775|0
34288|8302|0
34288|15517|0
34288|15796|0
34288|25435|0
34288|33845|0
34288|6776|0
34288|9092|0
34288|20893|0
34288|29097|0
34288|30786|0
34288|31662|0
34288|49983|0
34288|51907|0
34288|57118|0
34288|207335|0
34288|34578|0
34288|42346|0
34288|48885|0
34288|51768|0
34288|51776|0
34288|57965|0
34288|58057|0
34288|60804|0
34288|61098|0
34288|61232|0
34288|196810|0
34288|199562|0
34288|199811|0
34288|202032|0
51786|61174|0
51786|204178|0
51786|58280|0
51786|199662|0
51786|62371|0
51786|21040|0
51786|12333|0
51786|198951|0
51786|41549|0
51786|49489|0
51786|51262|0
51786|206616|0
51786|50598|0
51786|24889|0
51786|48461|0
51786|48971|0
51786|9044|0
51786|60486|0
51786|50837|0
51786|62035|0
51786|59905|0
51786|61423|0
51786|6772|0
51786|43440|0
51786|204631|0
51786|203434|0
51786|51395|0
51786|57777|0
51786|41913|0
51786|200759|0
51786|41655|0
51786|12387|0
51786|15398|0
51786|39764|0
51786|205678|0
51786|31424|0
51786|43284|0
51786|200544|0
51786|24951|0
51786|6775|0
51786|8302|0
51786|9100|0
51786|13250|0
51786|15517|0
51786|15796|0
51786|24585|0
51786|25375|0
51786|25435|0
51786|25563|0
51786|29655|0
51786|29691|0
51786|34554|0
51786|34578|0
51786|34960|0
51786|35202|0
51786|35360|0
51786|41872|0
51786|42346|0
51786|42760|0
51786|47302|0
51786|48885|0
51786|51768|0
51786|3250|0
51786|6776|0
51786|8821|0
51786|9092|0
51786|12553|0
51786|16242|0
51786|20893|0
51786|25598|0
51786|28875|0
51786|30786|0
51786|31662|0
51786|31736|0
51786|33845|0
51786|33965|0
51786|35793|0
51786|39419|0
51786|47617|0
51786|49983|0
51786|51907|0
51786|52183|0
51786|57118|0
51786|61232|0
51786|61287|0
51786|62044|0
51786|196621|0
51786|203969|0
51786|207335|0
51786|215044|0
51786|58057|0
51786|59891|0
51786|60804|0
51786|61098|0
51786|196810|0
51786|198249|0
51786|199554|0
51786|199562|0
51786|199811|0
51786|202032|0
51786|206492|0
51786|208731|0
51786|210036|0
51786|212865|0
57777|61174|0
57777|204178|0
57777|58280|0
57777|199662|0
57777|21040|0
57777|12333|0
57777|198951|0
57777|41549|0
57777|49489|0
57777|51262|0
57777|51154|0
57777|206616|0
57777|50598|0
57777|24889|0
57777|48461|0
57777|48971|0
57777|9044|0
57777|60486|0
57777|50837|0
57777|62035|0
57777|59905|0
57777|61423|0
57777|6772|0
57777|204631|0
57777|203434|0
57777|51395|0
57777|6775|0
57777|8302|0
57777|9100|0
57777|15517|0
57777|15796|0
57777|24585|0
57777|24951|0
57777|25375|0
57777|29655|0
57777|31424|0
57777|34554|0
57777|34578|0
57777|35202|0
57777|35360|0
57777|39764|0
57777|41872|0
57777|42760|0
57777|47302|0
57777|48885|0
57777|51768|0
57777|3250|0
57777|6776|0
57777|8821|0
57777|9092|0
57777|12387|0
57777|12553|0
57777|13250|0
57777|15398|0
57777|16242|0
57777|20893|0
57777|25435|0
57777|25598|0
57777|28875|0
57777|29691|0
57777|30786|0
57777|31662|0
57777|31736|0
57777|33845|0
57777|33965|0
57777|35793|0
57777|39419|0
57777|41655|0
57777|41913|0
57777|42346|0
57777|43284|0
57777|47617|0
57777|49983|0
57777|51907|0
57777|52183|0
57777|57118|0
57777|61232|0
57777|61287|0
57777|62044|0
57777|196621|0
57777|199562|0
57777|200759|0
57777|202032|0
57777|203969|0
57777|207335|0
57777|210752|0
57777|215044|0
57777|58057|0
57777|59812|0
57777|59891|0
57777|60804|0
57777|61098|0
57777|196810|0
57777|198249|0
57777|199554|0
57777|199811|0
57777|200544|0
57777|205678|0
57777|206492|0
57777|208731|0
57777|210036|0
57777|212865|0
58057|34800|-1
58057|57521|-1
58057|203718|-1
58057|206330|-1
58057|209898|-1
58057|61174|0
58057|204178|0
58057|58280|0
58057|199662|0
58057|62371|0
58057|21040|0
58057|12333|0
58057|198951|0
58057|41549|0
58057|49489|0
58057|51262|0
58057|51154|0
58057|206616|0
58057|50598|0
58057|24889|0
58057|48461|0
58057|48971|0
58057|9044|0
58057|60486|0
58057|50837|0
58057|62035|0
58057|59905|0
58057|61423|0
58057|6772|0
58057|43440|0
58057|204631|0
58057|203434|0
58057|51395|0
58057|41913|0
58057|200759|0
58057|41655|0
58057|12387|0
58057|15398|0
58057|39764|0
58057|205678|0
58057|31424|0
58057|43284|0
58057|200544|0
58057|24951|0
58057|199554|0
58057|13250|0
58057|12553|0
58057|52183|0
58057|210752|0
58057|31736|0
58057|206492|0
58057|9100|0
58057|34554|0
58057|25375|0
58057|33965|0
58057|47617|0
58057|208731|0
58057|8821|0
58057|35202|0
58057|29691|0
58057|59891|0
58057|47302|0
58057|39419|0
58057|61287|0
58057|16242|0
58057|44393|0
58057|41051|0
58057|25598|0
58057|35360|0
58057|35793|0
58057|198249|0
58057|203969|0
58057|196621|0
58057|29655|0
58057|210036|0
58057|215044|0
58057|62044|0
58057|212865|0
58057|24585|0
58057|41872|0
58057|28875|0
58057|42760|0
58057|25563|0
58057|61232|0
58057|47194|0
58057|15517|0
58057|202032|0
58057|8302|0
58057|51768|0
58057|31662|0
58057|6776|0
58057|6775|0
58057|56755|0
58057|9092|0
58057|34578|0
58057|60804|0
58057|51776|0
58057|57118|0
58057|61098|0
58057|207335|0
58057|33845|0
58057|199562|0
58057|20893|0
58057|51907|0
58057|42346|0
58057|49983|0
58057|48885|0
58057|25435|0
58057|3250|0
58057|199811|0
58057|30786|0
58057|196810|0
58057|15796|0
61174|210231|-1
61174|29691|0
61174|59891|0
61174|202032|0
29691|12307|-1
29691|12347|-1
29691|16242|-1
29691|28875|-1
29691|44919|-1
29691|47639|-1
29691|49489|-1
29691|57118|-1
29691|57204|-1
29691|199587|-1
29691|206123|-1
29691|209582|-1
29691|204178|0
29691|58280|0
29691|199662|0
29691|62371|0
29691|21040|0
29691|12333|0
29691|198951|0
29691|41549|0
29691|51262|0
29691|206616|0
29691|50598|0
29691|24889|0
29691|48461|0
29691|48971|0
29691|9044|0
29691|60486|0
29691|50837|0
29691|62035|0
29691|59905|0
29691|61423|0
29691|6772|0
29691|43440|0
29691|204631|0
29691|203434|0
29691|51395|0
29691|41913|0
29691|200759|0
29691|41655|0
29691|12387|0
29691|15398|0
29691|39764|0
29691|205678|0
29691|31424|0
29691|43284|0
29691|200544|0
29691|24951|0
29691|199554|0
29691|13250|0
29691|12553|0
29691|52183|0
29691|31736|0
29691|206492|0
29691|9100|0
29691|34554|0
29691|25375|0
29691|33965|0
29691|47617|0
29691|208731|0
29691|8821|0
29691|6775|0
29691|8302|0
29691|15517|0
29691|15796|0
29691|24585|0
29691|25435|0
29691|25563|0
29691|29655|0
29691|3250|0
29691|6776|0
29691|9092|0
29691|20893|0
29691|25598|0
29691|29097|0
29691|30786|0
29691|31662|0
29691|33845|0
29691|35793|0
29691|39419|0
29691|49983|0
29691|51907|0
29691|61232|0
29691|61287|0
29691|62044|0
29691|196621|0
29691|203969|0
29691|207335|0
29691|215044|0
29691|34578|0
29691|34960|0
29691|35360|0
29691|41872|0
29691|42346|0
29691|42760|0
29691|47302|0
29691|48885|0
29691|51768|0
29691|59891|0
29691|60804|0
29691|61098|0
29691|196810|0
29691|198249|0
29691|199562|0
29691|199811|0
29691|202032|0
29691|212865|0
59891|213418|-1
59891|204178|0
59891|199662|0
59891|21040|0
59891|12333|0
59891|198951|0
59891|41549|0
59891|206616|0
59891|50598|0
59891|9044|0
59891|60486|0
59891|50837|0
59891|59905|0
59891|61423|0
59891|43440|0
59891|203434|0
59891|41913|0
59891|12387|0
59891|15398|0
59891|39764|0
59891|205678|0
59891|43284|0
59891|200544|0
59891|24951|0
59891|199554|0
59891|13250|0
59891|12553|0
59891|206492|0
59891|33965|0
59891|47617|0
59891|208731|0
59891|8821|0
59891|8302|0
59891|15517|0
59891|15796|0
59891|29655|0
59891|34578|0
59891|34960|0
59891|48885|0
59891|6775|0
59891|9092|0
59891|25435|0
59891|25563|0
59891|29097|0
59891|30786|0
59891|31662|0
59891|33845|0
59891|35360|0
59891|39419|0
59891|42346|0
59891|51768|0
59891|51907|0
59891|61232|0
59891|61287|0
59891|62044|0
59891|196621|0
59891|199562|0
59891|202032|0
59891|207335|0
59891|215044|0
59891|196810|0
59891|212865|0
202032|204178|0
202032|199662|0
202032|21040|0
202032|12333|0
202032|198951|0
202032|41549|0
202032|206616|0
202032|50598|0
202032|9044|0
202032|60486|0
202032|50837|0
202032|59905|0
202032|61423|0
202032|43440|0
202032|203434|0
202032|41913|0
202032|12387|0
202032|15398|0
202032|39764|0
202032|205678|0
202032|43284|0
202032|200544|0
202032|24951|0
202032|199554|0
202032|13250|0
202032|12553|0
202032|206492|0
202032|9100|0
202032|47617|0
202032|208731|0
202032|8821|0
202032|39419|0
202032|61287|0
202032|35360|0
202032|29655|0
202032|34960|0
202032|62044|0
202032|212865|0
202032|25563|0
202032|6775|0
202032|8302|0
202032|15796|0
202032|25435|0
202032|34578|0
202032|48885|0
202032|51768|0
202032|196810|0
202032|9092|0
202032|30786|0
202032|31662|0
202032|33845|0
202032|42346|0
202032|51907|0
202032|56743|0
202032|199562|0
202032|207335|0
513|21449|-1
513|28810|-1
513|12333|0
513|6776|0
513|33845|0
513|15796|0
513|60129|0
513|61098|0
6772|9100|-1
6772|21436|-1
6772|43735|-1
6772|48776|-1
6772|49113|-1
6772|58260|-1
6772|197439|-1
6772|199178|-1
6772|201329|-1
6772|206779|-1
6772|9044|0
8803|9044|0
8821|12750|-1
8821|35518|-1
8821|41294|-1
8821|198175|-1
8821|202240|-1
9044|29296|-1
9044|34438|-1
9044|35034|-1
9044|44238|-1
9044|47337|-1
9044|59622|-1
9044|200647|-1
9044|202424|-1
9044|203200|-1
9044|207143|-1
9044|208613|-1
9044|209615|-1
9044|211096|-1
9044|212944|-1
9044|6775|0
9044|8302|0
9044|201228|0
9044|29097|0
9044|35793|0
9044|41913|0
9044|62044|0
9044|211452|0
12387|20914|-1
12387|25435|-1
12387|42128|-1
12387|50598|-1
12387|205357|-1
12387|205737|-1
12387|206261|-1
12387|207335|-1
12387|210736|-1
12387|212629|-1
24889|28859|-1
24889|51873|-1
24889|21449|0
31662|31052|-1
31662|49446|-1
31736|42155|-1
31736|48461|-1
31736|203882|-1
33845|200544|-1
33965|28686|-1
33965|34960|-1
33965|41872|-1
33965|47506|-1
33965|57676|-1
33965|59647|-1
33965|198433|-1
33965|204594|-1
33965|206137|-1
33965|210308|-1
33965|210378|-1
33965|210468|-1
35518|196651|-1
41913|5529|-1
41913|60384|-1
41913|61144|-1
42346|31424|-1
42346|41386|-1
42346|42917|-1
42346|48776|-1
42346|49071|-1
42346|49938|-1
42346|50785|-1
42346|197380|-1
42346|200286|-1
42346|202035|-1
42346|203702|-1
42346|204483|-1
42346|208613|-1
42346|213059|-1
62371|209103|-1
24951|39932|-1
24951|62320|-1
24951|200726|-1
24951|208216|-1
24951|208316|-1
29655|60016|-1
31424|41481|-1
31424|43621|-1
31424|199003|-1
31424|199661|-1
31424|204631|-1
31424|212506|-1
34554|41768|-1
34554|42491|-1
48885|44885|-1
48885|59898|-1
48885|205747|-1
48885|207014|-1
50837|64462|-1
51395|35336|-1
51395|56803|-1
51395|59741|-1
51395|59891|-1
2613|48390|-1
6775|6776|-1
6775|60728|-1
6893|2613|-1
6893|21190|-1
6893|42357|-1
6893|48390|-1
6893|50963|-1
6893|57651|-1
6893|61098|-1
6893|200601|-1
6893|203882|-1
8302|34800|0
8302|35793|0
8302|62044|0
16242|59812|-1
35793|62044|0
41872|42085|-1
41872|200286|-1
43284|30973|-1
43284|199567|-1
57118|35202|-1
57118|39540|-1
57118|57166|-1
57118|59812|-1
57118|59824|-1
60486|58193|-1
61287|42011|-1
61287|42202|-1
61423|203104|-1
61423|208650|-1
61423|211454|-1
61423|212014|-1
61423|212981|-1
61423|213044|-1
61423|214815|-1
62044|34800|0
200759|202240|-1
200759|202411|-1
200759|202452|-1
200759|203892|-1
200759|214552|-1
212865|199554|-1
34146|206522|-1
60804|34146|-1
60804|206522|-1
199811|203130|-1
199553|208948|-1
51778|203200|-1
8659|8414|-1
41906|41071|-1
44885|205747|-1
59622|60633|-1
8271|196618|-1
216434|15513|-1
204333|34800|0
34800|41051|0
34800|47194|0
211182|34146|-1
198433|44911|-1
213081|199553|-1
213081|211894|-1
41051|47194|0
51776|60385|-1
34182|35202|-1
34182|57757|-1
34182|59808|-1
12620|48350|-1
39440|211565|-1
21217|50350|-1
56755|57521|0
206201|34146|-1
34781|201365|-1
209898|199553|-1
209898|211894|-1
209898|213081|-1
39040|15716|-1
39040|25353|-1
39040|39265|-1
39040|41632|-1
39040|42810|-1
39040|44879|-1
39040|47469|-1
39040|51529|-1
39040|51768|-1
39040|61287|-1
39040|198951|-1
39040|201134|-1
39040|201416|-1
39040|202714|-1
39040|203434|-1
39040|204178|-1
39040|205029|-1
39040|206616|-1
39040|210861|-1
