137409 8888
137409 134090
137409 7578
137409 9297
137409 9301
137409 9650
137409 10083
137409 10084
137409 10214
137409 17477
137409 17635
137409 24479
137409 38826
137409 55707
137409 56081
137409 56106
137409 58434
137409 58928
137409 132405
137409 132491
137409 133206
137409 134143
137409 134160
137409 134697
137409 134980
137409 135107
137409 135895
137409 136510
137409 136582
137409 136805
137409 138521
137409 139284
137409 139466
137409 140646
137409 140885
137409 140910
137409 140956
137409 141204
137409 141353
137409 142017
137409 142064
137409 142114
137409 149446
137409 150004
137409 150419
137409 151660
137409 152595
137409 152633
137409 152699
137409 154289
137409 199959
137409 4826
137409 7575
137409 7594
137409 38195
137409 38790
137409 4764
137409 7474
137409 7545
137409 9507
137409 17559
137409 24516
137409 38561
137409 45437
137409 58511
137409 63956
137409 136557
137409 140627
137409 23913
137409 134067
137409 142116
137409 137271
137409 17978
137409 24541
137409 50049
137409 137576
137409 152464
137409 140896
137409 24008
137409 148968
137409 136972
137409 132529
137409 17667
137409 38611
137409 133077
137409 38327
137409 57025
137409 133403
137409 132847
137409 58580
137409 9723
137409 17535
137409 56087
137409 7477
137409 140892
137409 142125
137409 134149
137409 138165
137409 137426
137409 140937
137409 134119
137409 149647
137409 139049
137409 151799
137409 141397
137409 38858
137409 17898
137409 133326
137409 58530
137409 58507
137409 55766
137409 134147
137409 133045
137409 132533
137409 151213
137409 135015
137409 153655
137409 147061
137409 133417
137409 24033
137409 135302
137409 134555
137409 150329
137409 132430
137409 9342
137409 10080
137409 133159
137409 9745
137409 131316
137409 135512
137409 45577
137409 38719
137409 135406
137409 58589
137409 136994
137409 38220
137409 9449
137409 45780
137409 138502
137409 38583
137409 142049
137409 55581
137409 153160
137409 23731
137409 153547
137409 133934
137409 45763
137409 58505
137409 9648
137409 153346
137409 45638
137409 139623
137409 38749
137409 24305
137409 132849
137409 9544
137409 132895
137409 55752
137409 136161
137409 45278
137409 63931
137409 38880
137409 132077
137409 2713
137409 7628
137409 58914
137409 4777
137409 58907
137409 63850
137409 137032
137409 38887
137409 17473
137409 135027
137409 146994
137409 4857
137409 56294
137409 18390
137409 45926
137409 140994
137409 136001
137409 149485
137409 140670
137409 136518
137409 24313
137409 137575
137409 38016
137409 56035
137409 55803
137409 18117
137409 4608
137409 133434
137409 7604
137409 139077
137409 133333
137409 31732
137409 135565
137409 133130
137409 17889
137409 137388
137409 58713
137409 135126
137409 137841
137409 153836
137409 23943
137409 133930
137409 45665
137409 45768
137409 136935
137409 17766
137409 58868
137409 7600
137409 56038
137409 38333
137409 38716
8888 4826
8888 63956
8888 38195
8888 9507
8888 7575
8888 136557
8888 4764
8888 7594
8888 24516
8888 45437
8888 58511
8888 134090
8888 23913
8888 45152
8888 9650
8888 134189
8888 138637
8888 148968
8888 58473
8888 55542
8888 132847
8888 9723
8888 7477
8888 38883
8888 55555
8888 17898
8888 133045
8888 24033
8888 133159
8888 38172
8888 151496
8888 45763
8888 140736
8888 132528
8888 55752
8888 63931
8888 38880
8888 136792
8888 134697
8888 140967
8888 58907
8888 38887
8888 18390
8888 136001
8888 38826
8888 24313
8888 55803
8888 4608
8888 133130
8888 135895
8888 135126
8888 133930
8888 45768
8888 55486
8888 17766
8888 38333
134090 64098
134090 7647
134090 38883
134090 38887
134090 55555
134090 58907
134090 59256
134090 131214
134090 134555
134090 140074
134090 140728
134090 140933
134090 140956
134090 147000
134090 149026
134090 152590
134090 153346
134090 153809
134090 154254
134090 140627
134090 63956
134090 7575
134090 136557
134090 4764
134090 58511
134090 7594
134090 24516
134090 148968
134090 132847
134090 38880
134090 58941
134090 4608
134090 135895
134090 4826
7578 136510
9297 4826
9297 7575
9297 7594
9297 4764
9297 24516
9297 58511
9297 63956
9297 136557
9297 38880
9297 58941
9297 132847
9297 135895
9297 55419
9297 135425
9297 148968
9297 140670
9297 140892
9297 149515
9297 63839
9301 4826
9301 7575
9301 4764
9301 24516
9301 58511
9301 63956
9301 136557
9301 132847
9301 148968
9301 152175
9650 4826
9650 7575
9650 7594
9650 4764
9650 24516
9650 58511
9650 63956
9650 136557
9650 140627
9650 4608
9650 38880
9650 58941
9650 132847
9650 135895
9650 148968
9650 63983
9650 135396
10083 4826
10083 7575
10083 7594
10083 4764
10083 24516
10083 58511
10083 63956
10083 136557
10083 4608
10083 38880
10083 132847
10083 135895
10083 148968
10083 152175
10083 153035
10084 4826
10084 7575
10084 7594
10084 4764
10084 58511
10084 63956
10084 136557
10084 140627
10084 4608
10084 38880
10084 132847
10084 135895
10214 4826
10214 7575
10214 7594
10214 4764
10214 9507
10214 24516
10214 58511
10214 63956
10214 136557
10214 140627
10214 38880
10214 58941
10214 132847
10214 135895
10214 148968
10214 133895
17477 4826
17477 7575
17477 7594
17477 38195
17477 4764
17477 24516
17477 58511
17477 63956
17477 136557
17477 38880
17477 132847
17477 135895
17477 148968
17477 37993
17477 55920
17477 58418
17477 132368
17477 134984
17477 135585
17477 136497
17477 136792
17477 137863
17477 140637
17635 4826
17635 7575
17635 4764
17635 24516
17635 58511
17635 63956
17635 136557
17635 132847
17635 148968
17635 133116
17635 133212
24479 4826
24479 7575
24479 7594
24479 4764
24479 58511
24479 63956
24479 136557
24479 140627
24479 4608
24479 38880
24479 58941
24479 132847
24479 135895
24479 148968
24479 17750
24479 136154
24479 137924
24479 140064
24479 140598
24479 141353
38826 4826
38826 7575
38826 7594
38826 4764
38826 24516
38826 58511
38826 63956
38826 136557
38826 140627
38826 4608
38826 38880
38826 132847
38826 135895
38826 148968
38826 132221
38826 137060
38826 141746
55707 4826
55707 7575
55707 7594
55707 4764
55707 24516
55707 58511
55707 63956
55707 136557
55707 140627
55707 9280
55707 4608
55707 38880
55707 132847
55707 135895
55707 148968
55707 56199
55707 131292
55707 131316
55707 45671
56106 7575
56106 7594
56106 4764
56106 58511
56106 63956
56106 38880
56106 132847
56106 38220
56106 45152
58928 9268
132405 4826
132405 7575
132405 7594
132405 4764
132405 9507
132405 58511
132405 63956
132405 136557
132405 140627
132405 4608
132405 38880
132405 58941
132405 132847
132405 135895
132405 148968
132405 132448
132405 133093
132491 7575
132491 7594
132491 4764
132491 58511
132491 63956
132491 136557
132491 64098
132491 4608
132491 38880
132491 132847
133206 4826
133206 7575
133206 7594
133206 4764
133206 9507
133206 24516
133206 58511
133206 63956
133206 136557
133206 140627
133206 38880
133206 132847
133206 135895
133206 148968
133206 134217
133206 138572
134143 4826
134143 7575
134143 7594
134143 38195
134143 4764
134143 24516
134143 58511
134143 63956
134143 136557
134143 140627
134143 4608
134143 38880
134143 58941
134143 132847
134143 135895
134143 148968
134143 9652
134143 24322
134143 63842
134143 131316
134143 138214
134143 138637
134143 138700
134143 139592
134143 142588
134143 152097
134143 152604
134143 153042
134143 153748
134143 154127
134160 4826
134160 7575
134160 7594
134160 4764
134160 24516
134160 45437
134160 58511
134160 63956
134160 136557
134160 140627
134160 4608
134160 132847
134160 148968
134160 142022
134697 4826
134697 7575
134697 7594
134697 4764
134697 24516
134697 58511
134697 63956
134697 136557
134697 140627
134697 4608
134697 38880
134697 132847
134697 135895
134697 148968
134980 4826
134980 7575
134980 38195
134980 4764
134980 24516
134980 58511
134980 63956
134980 136557
134980 132847
134980 148968
134980 138583
135107 4826
135107 4764
135107 24516
135107 58511
135107 136557
135107 38880
135107 132847
135107 148968
135895 4826
135895 7575
135895 7594
135895 38195
135895 38790
135895 4764
135895 9507
135895 17559
135895 24516
135895 38561
135895 45437
135895 58511
135895 63956
135895 136557
135895 140627
135895 9280
135895 23913
135895 4608
135895 38880
135895 132847
135895 139737
135895 141468
135895 153381
135895 133483
135895 136805
135895 141992
135895 149851
135895 45152
135895 140646
135895 56307
135895 137562
135895 56199
135895 64006
135895 135425
135895 140099
135895 134189
135895 138637
135895 132476
135895 58989
135895 148968
135895 136972
135895 58473
135895 132529
135895 139597
135895 132094
135895 38611
135895 55542
135895 135060
135895 133403
135895 58580
135895 9723
135895 17535
135895 56087
135895 7477
135895 38883
135895 55555
135895 138165
135895 55567
135895 140937
135895 133615
135895 136900
135895 23871
135895 9795
135895 133389
135895 38858
135895 17898
135895 58530
135895 58507
135895 133045
135895 9749
135895 136914
135895 132533
135895 140637
135895 147061
135895 132808
135895 24033
135895 151203
135895 134555
135895 133120
135895 134688
135895 9519
135895 9342
135895 133159
135895 131316
135895 38719
135895 38172
135895 58589
135895 136994
135895 38220
135895 24476
135895 140231
135895 45780
135895 18255
135895 45931
135895 38583
135895 17732
135895 141746
135895 55581
135895 38438
135895 151496
135895 133934
135895 131270
135895 45763
135895 135668
135895 24395
135895 9648
135895 45852
135895 45638
135895 150746
135895 140736
135895 38456
135895 132895
135895 132528
135895 55752
135895 136161
135895 136741
135895 63931
135895 136792
135895 38084
135895 138466
135895 140967
135895 7628
135895 58907
135895 133189
135895 38887
135895 9313
135895 136204
135895 151660
135895 153971
135895 17473
135895 135027
135895 146994
135895 4857
135895 56294
135895 58464
135895 23669
135895 132394
135895 137896
135895 18390
135895 136001
135895 9328
135895 24313
135895 64044
135895 138027
135895 55803
135895 7604
135895 139077
135895 133130
135895 4778
135895 9652
135895 7600
135895 17766
135895 17889
135895 23943
135895 38333
135895 38541
135895 45269
135895 45768
135895 55486
135895 56038
135895 58713
135895 58868
135895 131476
135895 133930
135895 135126
135895 136398
136805 4826
136805 7575
136805 7594
136805 4764
136805 58511
136805 63956
136805 136557
136805 140627
136805 4608
136805 38880
136805 58941
136805 132847
136805 148968
139466 4826
139466 7575
139466 4764
139466 24516
139466 58511
139466 136557
139466 132847
140646 4826
140646 7575
140646 7594
140646 4764
140646 24516
140646 58511
140646 63956
140646 136557
140646 140627
140646 38880
140646 58941
140646 132847
140646 148968
140646 152590
140646 38220
140885 45437
140910 4826
140910 7575
140910 7594
140910 4764
140910 24516
140910 58511
140910 63956
140910 136557
140910 140627
140910 132847
140910 148968
140910 154050
141204 38195
141204 58511
142017 4826
142017 7575
142017 7594
142017 4764
142017 58511
142017 63956
142017 136557
142017 140627
142017 38880
142017 132847
142064 214344
142114 1221
150004 4826
150004 7575
150004 7594
150004 4764
150004 24516
150004 136557
150004 140627
150004 4608
150419 38195
151660 4826
151660 7575
151660 7594
151660 4764
151660 24516
151660 58511
151660 63956
151660 136557
151660 140627
151660 4608
151660 38880
151660 132847
151660 148968
152595 4826
152595 7575
152595 7594
152595 4764
152595 58511
152595 63956
152595 136557
152595 140627
152595 38880
152595 132847
152699 18345
4826 9336
4826 64098
4826 4608
4826 4778
4826 7551
4826 7635
4826 9290
4826 9313
4826 9328
4826 9417
4826 9443
4826 9472
4826 9519
4826 9672
4826 9714
4826 9723
4826 9749
4826 9792
4826 9823
4826 10150
4826 10213
4826 10234
4826 17461
4826 17473
4826 17535
4826 17632
4826 17750
4826 17802
4826 17889
4826 17918
4826 17928
4826 18036
4826 18064
4826 18108
4826 18292
4826 18349
4826 18361
4826 23722
4826 23886
4826 23907
4826 23922
4826 24017
4826 24303
4826 24480
4826 24502
4826 24541
4826 24542
4826 38050
4826 38084
4826 38172
4826 38232
4826 38263
4826 38327
4826 38456
4826 38714
4826 38749
4826 38796
4826 38804
4826 38809
4826 38813
4826 38825
4826 38858
4826 38859
4826 38880
4826 38883
4826 38894
4826 38905
4826 38911
4826 45118
4826 45160
4826 45186
4826 45188
4826 45192
4826 45212
4826 45226
4826 45269
4826 45270
4826 45347
4826 45427
4826 45460
4826 45510
4826 45570
4826 45577
4826 45610
4826 45626
4826 45657
4826 45780
4826 45874
4826 45875
4826 45881
4826 45912
4826 45937
4826 45947
4826 45956
4826 46014
4826 55358
4826 55365
4826 55366
4826 55419
4826 55422
4826 55444
4826 55456
4826 55527
4826 55567
4826 55581
4826 55845
4826 55848
4826 55870
4826 55876
4826 55878
4826 55884
4826 55914
4826 56038
4826 56058
4826 56270
4826 56294
4826 56307
4826 58408
4826 58464
4826 58473
4826 58533
4826 58576
4826 58580
4826 58613
4826 58723
4826 58734
4826 58735
4826 58921
4826 58922
4826 58927
4826 58989
4826 59246
4826 63850
4826 64044
4826 64090
4826 131282
4826 131480
4826 131581
4826 131998
4826 132030
4826 132094
4826 132145
4826 132205
4826 132257
4826 132269
4826 132321
4826 132433
4826 132576
4826 132581
4826 132594
4826 132620
4826 132740
4826 132789
4826 132808
4826 132852
4826 132895
4826 132896
4826 132914
4826 133015
4826 133017
4826 133040
4826 133094
4826 133116
4826 133122
4826 133156
4826 133321
4826 133417
4826 133419
4826 133438
4826 133548
4826 133603
4826 133615
4826 133787
4826 133864
4826 133873
4826 133885
4826 133940
4826 133943
4826 134070
4826 134076
4826 134119
4826 134138
4826 134164
4826 134183
4826 134369
4826 134408
4826 134456
4826 134463
4826 134472
4826 134555
4826 134584
4826 134832
4826 134844
4826 135016
4826 135088
4826 135121
4826 135126
4826 135128
4826 135287
4826 135289
4826 135301
4826 135351
4826 135359
4826 135399
4826 135512
4826 135593
4826 135634
4826 135662
4826 135675
4826 136001
4826 136204
4826 136218
4826 136232
4826 136241
4826 136456
4826 136490
4826 136497
4826 136518
4826 136616
4826 136623
4826 136784
4826 136812
4826 136931
4826 136943
4826 137044
4826 137192
4826 137242
4826 137421
4826 137470
4826 137525
4826 137562
4826 137822
4826 137847
4826 137852
4826 137896
4826 138013
4826 138034
4826 138173
4826 138207
4826 138209
4826 138323
4826 138661
4826 138928
4826 138940
4826 138941
4826 138977
4826 139002
4826 139006
4826 139037
4826 139049
4826 139055
4826 139193
4826 139244
4826 139337
4826 139357
4826 139583
4826 139597
4826 139666
4826 139723
4826 139845
4826 139862
4826 139890
4826 139891
4826 140062
4826 140211
4826 140325
4826 140670
4826 140736
4826 140932
4826 141043
4826 141223
4826 141422
4826 141437
4826 141684
4826 141700
4826 141749
4826 142149
4826 147037
4826 147190
4826 147304
4826 149427
4826 149834
4826 150301
4826 150333
4826 150446
4826 151321
4826 151641
4826 151831
4826 151833
4826 151846
4826 152597
4826 153042
4826 153178
4826 153184
4826 153197
4826 208063
4826 213848
4826 1221
4826 2764
4826 4764
4826 9280
4826 9507
4826 17559
4826 24516
4826 38195
4826 38561
4826 45437
4826 58511
4826 63956
4826 136557
4826 140627
4826 7575
4826 7594
4826 38790
4826 23913
4826 134067
4826 137271
4826 141992
4826 149851
4826 45152
4826 38572
4826 17978
4826 135425
4826 140099
4826 148968
4826 136972
4826 132529
4826 17667
4826 38611
4826 135415
4826 55542
4826 135060
4826 133403
4826 132847
4826 7477
4826 142125
4826 138165
4826 137426
4826 140937
4826 23871
4826 149647
4826 55575
4826 133389
4826 9408
4826 151799
4826 17898
4826 133326
4826 58530
4826 58507
4826 154329
4826 55766
4826 134147
4826 133045
4826 140583
4826 136914
4826 132533
4826 151213
4826 140637
4826 135015
4826 153655
4826 147061
4826 24033
4826 151203
4826 135302
4826 150329
4826 9342
4826 133159
4826 135421
4826 9745
4826 131316
4826 38719
4826 135406
4826 58589
4826 137399
4826 136994
4826 38220
4826 24476
4826 140231
4826 139279
4826 18255
4826 45931
4826 38583
4826 4851
4826 142049
4826 55819
4826 38438
4826 153160
4826 23731
4826 153547
4826 151496
4826 138657
4826 133934
4826 131270
4826 45763
4826 140051
4826 58505
4826 135668
4826 24395
4826 9648
4826 45852
4826 45638
4826 150746
4826 151976
4826 24305
4826 132849
4826 9544
4826 132528
4826 55752
4826 136161
4826 45278
4826 63931
4826 137065
4826 136792
4826 132077
4826 45671
4826 2713
4826 140967
4826 7628
4826 58914
4826 142276
4826 23747
4826 58907
4826 137032
4826 133189
4826 38887
4826 137042
4826 135027
4826 146994
4826 4857
4826 23669
4826 18390
4826 45926
4826 58941
4826 24313
4826 132309
4826 56035
4826 138027
4826 55803
4826 18117
4826 133434
4826 7604
4826 139077
4826 133333
4826 31732
4826 139649
4826 135565
4826 133130
4826 131476
4826 142596
4826 58713
4826 137841
4826 23943
4826 133930
4826 45665
4826 9652
4826 55486
4826 17766
4826 58868
4826 7600
4826 38333
4826 136398
4826 38716
7575 1851
7575 4608
7575 4822
7575 6262
7575 7573
7575 7637
7575 7645
7575 9348
7575 10079
7575 10106
7575 10148
7575 17807
7575 23719
7575 23859
7575 24014
7575 24101
7575 24313
7575 24433
7575 24434
7575 24436
7575 24437
7575 24510
7575 38076
7575 38083
7575 38474
7575 45128
7575 45213
7575 45768
7575 46069
7575 55354
7575 55773
7575 56132
7575 56210
7575 58422
7575 58582
7575 58611
7575 58686
7575 58698
7575 58877
7575 59202
7575 131294
7575 132320
7575 132868
7575 132900
7575 133091
7575 133740
7575 134096
7575 134111
7575 134115
7575 134142
7575 135164
7575 135350
7575 135892
7575 135893
7575 136013
7575 136016
7575 136135
7575 136247
7575 136408
7575 136753
7575 136912
7575 137009
7575 137073
7575 137188
7575 137400
7575 137529
7575 137837
7575 137965
7575 138017
7575 138201
7575 138390
7575 138468
7575 138477
7575 138537
7575 138945
7575 139344
7575 139700
7575 139747
7575 139868
7575 140041
7575 140623
7575 140639
7575 140735
7575 140977
7575 141402
7575 142613
7575 147013
7575 147052
7575 149164
7575 149305
7575 149872
7575 151649
7575 1221
7575 7545
7575 140627
7575 63956
7575 38195
7575 9507
7575 4764
7575 9280
7575 24516
7575 38561
7575 45437
7575 58511
7575 64098
7575 136557
7575 7594
7575 38790
7575 23913
7575 134067
7575 133483
7575 142116
7575 137271
7575 141992
7575 139357
7575 149851
7575 45152
7575 38572
7575 17978
7575 56307
7575 24541
7575 135526
7575 150446
7575 137562
7575 56199
7575 55878
7575 23667
7575 64006
7575 137576
7575 135425
7575 140099
7575 152464
7575 134189
7575 134832
7575 138637
7575 132476
7575 140896
7575 58989
7575 149026
7575 148968
7575 136972
7575 58473
7575 132529
7575 17667
7575 139597
7575 132094
7575 38611
7575 135415
7575 38327
7575 55542
7575 134844
7575 135060
7575 133403
7575 132847
7575 58580
7575 9723
7575 17535
7575 56087
7575 7477
7575 38883
7575 55555
7575 140892
7575 142125
7575 134149
7575 138165
7575 55567
7575 137426
7575 140937
7575 133615
7575 136900
7575 23871
7575 134119
7575 152183
7575 7546
7575 149647
7575 9795
7575 45118
7575 133389
7575 9408
7575 139049
7575 151799
7575 141397
7575 38858
7575 17898
7575 137847
7575 133326
7575 58530
7575 58507
7575 58921
7575 55766
7575 134147
7575 56123
7575 133045
7575 140583
7575 9749
7575 136914
7575 132533
7575 151213
7575 140637
7575 135015
7575 153655
7575 147061
7575 132808
7575 133417
7575 24033
7575 151203
7575 135302
7575 134555
7575 150329
7575 132430
7575 133120
7575 134688
7575 9519
7575 9342
7575 10080
7575 133159
7575 135421
7575 136784
7575 9745
7575 131316
7575 135512
7575 45577
7575 38719
7575 38172
7575 135406
7575 58589
7575 137399
7575 136994
7575 38220
7575 24476
7575 45510
7575 9449
7575 140231
7575 139279
7575 142588
7575 45780
7575 18255
7575 55359
7575 45931
7575 138502
7575 38583
7575 4851
7575 17732
7575 142049
7575 141746
7575 55581
7575 139288
7575 38438
7575 153160
7575 23731
7575 153547
7575 151496
7575 138657
7575 133934
7575 131270
7575 45763
7575 140051
7575 58505
7575 135668
7575 24395
7575 9648
7575 153346
7575 45852
7575 45638
7575 150746
7575 151976
7575 24303
7575 139623
7575 140736
7575 38456
7575 38749
7575 24305
7575 138209
7575 55366
7575 132849
7575 9544
7575 132848
7575 132895
7575 132528
7575 55752
7575 136161
7575 136741
7575 45278
7575 63931
7575 137065
7575 38880
7575 136792
7575 38084
7575 132077
7575 2713
7575 138466
7575 140967
7575 7628
7575 58914
7575 142276
7575 23747
7575 58907
7575 45240
7575 63850
7575 137032
7575 133189
7575 38887
7575 9313
7575 133122
7575 136204
7575 132789
7575 153971
7575 17473
7575 137042
7575 135027
7575 146994
7575 4857
7575 56294
7575 58464
7575 23669
7575 132394
7575 137896
7575 18390
7575 45926
7575 58927
7575 140994
7575 136001
7575 132448
7575 9328
7575 58941
7575 140670
7575 136518
7575 64044
7575 138654
7575 132309
7575 137575
7575 56035
7575 138027
7575 55803
7575 18117
7575 133434
7575 7604
7575 139077
7575 133333
7575 31732
7575 135565
7575 133130
7575 38541
7575 17889
7575 131476
7575 142596
7575 137388
7575 58713
7575 135126
7575 45269
7575 137841
7575 153836
7575 23943
7575 133930
7575 45665
7575 9652
7575 55486
7575 136935
7575 23854
7575 17766
7575 58868
7575 4778
7575 7600
7575 56038
7575 38333
7575 136398
7575 38716
7575 17559
7575 141682
7594 9336
7594 17890
7594 38298
7594 58914
7594 132113
7594 134985
7594 135027
7594 136972
7594 137958
7594 138354
7594 138589
7594 139023
7594 139077
7594 141457
7594 142125
7594 152094
7594 140627
7594 63956
7594 2764
7594 38195
7594 9507
7594 17559
7594 4764
7594 58511
7594 9280
7594 24516
7594 38561
7594 45437
7594 64098
7594 38790
7594 23913
7594 133483
7594 137271
7594 141992
7594 139357
7594 149851
7594 45152
7594 38572
7594 17978
7594 56307
7594 150446
7594 137562
7594 56199
7594 55878
7594 64006
7594 137576
7594 135425
7594 140099
7594 134189
7594 134832
7594 138637
7594 132476
7594 58989
7594 149026
7594 148968
7594 58473
7594 132529
7594 139597
7594 132094
7594 38611
7594 135415
7594 55542
7594 134844
7594 135060
7594 133403
7594 132847
7594 58580
7594 9723
7594 17535
7594 56087
7594 7477
7594 38883
7594 55555
7594 138165
7594 55567
7594 140937
7594 133615
7594 136900
7594 23871
7594 7546
7594 149647
7594 9795
7594 133389
7594 9408
7594 139049
7594 151799
7594 141397
7594 38858
7594 17898
7594 133326
7594 58530
7594 58507
7594 55766
7594 134147
7594 56123
7594 133045
7594 45881
7594 9749
7594 136914
7594 132533
7594 140637
7594 147061
7594 132808
7594 133417
7594 24033
7594 151203
7594 134555
7594 150329
7594 133120
7594 134688
7594 9519
7594 9342
7594 133159
7594 136784
7594 131316
7594 45577
7594 38719
7594 38172
7594 135406
7594 58589
7594 136994
7594 38220
7594 24476
7594 45510
7594 9449
7594 140231
7594 142588
7594 45780
7594 18255
7594 55359
7594 45931
7594 38583
7594 4851
7594 17732
7594 142049
7594 141746
7594 55581
7594 38438
7594 153160
7594 23731
7594 153547
7594 151496
7594 133934
7594 131270
7594 45763
7594 140051
7594 135668
7594 24395
7594 9648
7594 153346
7594 45852
7594 45638
7594 150746
7594 151976
7594 140736
7594 38456
7594 24305
7594 55366
7594 9544
7594 132895
7594 132528
7594 55752
7594 136161
7594 136741
7594 45278
7594 63931
7594 137065
7594 38880
7594 136792
7594 38084
7594 2713
7594 138466
7594 140967
7594 7628
7594 58907
7594 45240
7594 63850
7594 137032
7594 133189
7594 38887
7594 9313
7594 133122
7594 136204
7594 132789
7594 153971
7594 17473
7594 137042
7594 146994
7594 4857
7594 56294
7594 58464
7594 23669
7594 132394
7594 137896
7594 18390
7594 58927
7594 140994
7594 136001
7594 132448
7594 9328
7594 58941
7594 24313
7594 64044
7594 132309
7594 56035
7594 138027
7594 55803
7594 18117
7594 4608
7594 133434
7594 7604
7594 133333
7594 31732
7594 135565
7594 133130
7594 38541
7594 17889
7594 131476
7594 142596
7594 58713
7594 135126
7594 45269
7594 137841
7594 153836
7594 23943
7594 133930
7594 45665
7594 45768
7594 9652
7594 55486
7594 17766
7594 58868
7594 4778
7594 7600
7594 56038
7594 38333
7594 136398
7594 136557
38195 9280
38195 10143
38195 45437
38195 7477
38195 7585
38195 9290
38195 9519
38195 9661
38195 10234
38195 17766
38195 17898
38195 17983
38195 18375
38195 23747
38195 24007
38195 24233
38195 38456
38195 38534
38195 38611
38195 45510
38195 45638
38195 45671
38195 55575
38195 55752
38195 55766
38195 55803
38195 56135
38195 56178
38195 56271
38195 58505
38195 58710
38195 58868
38195 63920
38195 64006
38195 131270
38195 131455
38195 131476
38195 132007
38195 132309
38195 132789
38195 133129
38195 133159
38195 133189
38195 133382
38195 133389
38195 133534
38195 133538
38195 133553
38195 133624
38195 134688
38195 135060
38195 135526
38195 136204
38195 136398
38195 136471
38195 136612
38195 136976
38195 136994
38195 137460
38195 137534
38195 138153
38195 140099
38195 140603
38195 140643
38195 142596
38195 150329
38195 151047
38195 151203
38195 153315
38195 153472
38195 140627
38195 63956
38195 4764
38195 24516
38195 58511
38195 136557
38195 148968
38195 132847
38195 38880
38195 58907
38195 58941
38195 4608
38195 38333
38195 7474
38195 1221
38790 9336
38790 55573
38790 140627
38790 63956
38790 136557
38790 4764
38790 58511
38790 24516
38790 148968
38790 132847
38790 38880
38790 58941
38790 4608
4764 9268
4764 2713
4764 7637
4764 7703
4764 9290
4764 9382
4764 9984
4764 17667
4764 17720
4764 18111
4764 18231
4764 23863
4764 24565
4764 38333
4764 38582
4764 44354
4764 45269
4764 45270
4764 45460
4764 45763
4764 45827
4764 45873
4764 45931
4764 55564
4764 55575
4764 58545
4764 58613
4764 58634
4764 58868
4764 59246
4764 63950
4764 131312
4764 131476
4764 131999
4764 132257
4764 132581
4764 132896
4764 133080
4764 133102
4764 133143
4764 133175
4764 133418
4764 133534
4764 133582
4764 133758
4764 133853
4764 134181
4764 134563
4764 135039
4764 135168
4764 135359
4764 135668
4764 136487
4764 136609
4764 136760
4764 136812
4764 136943
4764 137049
4764 137219
4764 137251
4764 137399
4764 137411
4764 137426
4764 137442
4764 137582
4764 138015
4764 138455
4764 138502
4764 138624
4764 138633
4764 138654
4764 138945
4764 138952
4764 139222
4764 139357
4764 139623
4764 139664
4764 139723
4764 139756
4764 139819
4764 139845
4764 139862
4764 139909
4764 140583
4764 140603
4764 140670
4764 140702
4764 140842
4764 141002
4764 141036
4764 141360
4764 141397
4764 141727
4764 142038
4764 142283
4764 149017
4764 149782
4764 149827
4764 149998
4764 150343
4764 150427
4764 150688
4764 150710
4764 150801
4764 152133
4764 153451
4764 153598
4764 153655
4764 153720
4764 154121
4764 200557
4764 140627
4764 63956
4764 9507
4764 17559
4764 136557
4764 24516
4764 38561
4764 45437
4764 9280
4764 58511
4764 64098
4764 23913
4764 134067
4764 133483
4764 142116
4764 137271
4764 141992
4764 149851
4764 45152
4764 38572
4764 17978
4764 56307
4764 24541
4764 150446
4764 137562
4764 56199
4764 55878
4764 64006
4764 137576
4764 135425
4764 140099
4764 152464
4764 134189
4764 134832
4764 138637
4764 132476
4764 140896
4764 24008
4764 58989
4764 149026
4764 148968
4764 136972
4764 58473
4764 132529
4764 132094
4764 38611
4764 135415
4764 38327
4764 55542
4764 134844
4764 135060
4764 133403
4764 132847
4764 58580
4764 9723
4764 17535
4764 56087
4764 7477
4764 38883
4764 55555
4764 140892
4764 142125
4764 138165
4764 55567
4764 140937
4764 136900
4764 23871
4764 134119
4764 152183
4764 7546
4764 149647
4764 9795
4764 45118
4764 133389
4764 9408
4764 139049
4764 151799
4764 38858
4764 17898
4764 137847
4764 133326
4764 58507
4764 58921
4764 55766
4764 134147
4764 56123
4764 133045
4764 9749
4764 136914
4764 132533
4764 151213
4764 140637
4764 135015
4764 133417
4764 24033
4764 151203
4764 135302
4764 134555
4764 150329
4764 132430
4764 133120
4764 134688
4764 9519
4764 9342
4764 10080
4764 133159
4764 136784
4764 9745
4764 131316
4764 135512
4764 45577
4764 38719
4764 38172
4764 135406
4764 136994
4764 38220
4764 24476
4764 9449
4764 140231
4764 142588
4764 45780
4764 18255
4764 55359
4764 38583
4764 4851
4764 17732
4764 142049
4764 141746
4764 55581
4764 139288
4764 38438
4764 153160
4764 23731
4764 153547
4764 151496
4764 138657
4764 131270
4764 140051
4764 58505
4764 24395
4764 9648
4764 153346
4764 45852
4764 45638
4764 150746
4764 151976
4764 24303
4764 140736
4764 38456
4764 38749
4764 24305
4764 138209
4764 55366
4764 132849
4764 9544
4764 132848
4764 132895
4764 132528
4764 55752
4764 136741
4764 45278
4764 63931
4764 137065
4764 38880
4764 136792
4764 38084
4764 132077
4764 138466
4764 140967
4764 7628
4764 58914
4764 142276
4764 23747
4764 58907
4764 45240
4764 63850
4764 137032
4764 133189
4764 38887
4764 9313
4764 133122
4764 136204
4764 132789
4764 153971
4764 17473
4764 137042
4764 135027
4764 146994
4764 4857
4764 56294
4764 58464
4764 23669
4764 132394
4764 137896
4764 18390
4764 45926
4764 58927
4764 140994
4764 136001
4764 132448
4764 9328
4764 58941
4764 136518
4764 24313
4764 64044
4764 132309
4764 137575
4764 56035
4764 138027
4764 55803
4764 18117
4764 4608
4764 133434
4764 7604
4764 139077
4764 31732
4764 135565
4764 133130
4764 38541
4764 17889
4764 142596
4764 137388
4764 58713
4764 135126
4764 137841
4764 135662
4764 153836
4764 23943
4764 133930
4764 45665
4764 45768
4764 9652
4764 55486
4764 136935
4764 23854
4764 17766
4764 4778
4764 7600
4764 56038
4764 136398
4764 38716
4764 1221
7474 9507
7474 38561
7474 1851
7474 2756
7474 4804
7474 7486
7474 7600
7474 9313
7474 9328
7474 9426
7474 9463
7474 9518
7474 9723
7474 9823
7474 9983
7474 10105
7474 10128
7474 10152
7474 10218
7474 10234
7474 17496
7474 17755
7474 17802
7474 17807
7474 17898
7474 17906
7474 17978
7474 17987
7474 18220
7474 18255
7474 18292
7474 18390
7474 23871
7474 23922
7474 24069
7474 24120
7474 24315
7474 24316
7474 24338
7474 24517
7474 24543
7474 37998
7474 38050
7474 38066
7474 38295
7474 38472
7474 38572
7474 38825
7474 38882
7474 45160
7474 45211
7474 45527
7474 45583
7474 45838
7474 45852
7474 45867
7474 45947
7474 55302
7474 55366
7474 55525
7474 55542
7474 55797
7474 55848
7474 56177
7474 56265
7474 58446
7474 58507
7474 58576
7474 58735
7474 131290
7474 132020
7474 132049
7474 132256
7474 132424
7474 132728
7474 132847
7474 132909
7474 133045
7474 133061
7474 133081
7474 133085
7474 133146
7474 133321
7474 133603
7474 133737
7474 133787
7474 134081
7474 134164
7474 134747
7474 134994
7474 135399
7474 135545
7474 135609
7474 135897
7474 136008
7474 136241
7474 136392
7474 136518
7474 136539
7474 137036
7474 137227
7474 137442
7474 137968
7474 138174
7474 138180
7474 138194
7474 138363
7474 138367
7474 138455
7474 138469
7474 138483
7474 138681
7474 138977
7474 139048
7474 139352
7474 139578
7474 139665
7474 139740
7474 140503
7474 140587
7474 141161
7474 141211
7474 141749
7474 147313
7474 148968
7474 152167
7474 152302
7474 152597
7474 152908
7474 153049
7474 153467
7474 136557
7474 24516
7474 38880
7474 1221
7474 2764
7545 2764
7545 17559
7545 45437
7545 140627
7545 4739
7545 4749
7545 7467
7545 7628
7545 9328
7545 9749
7545 9792
7545 9880
7545 9913
7545 9942
7545 10128
7545 10129
7545 10213
7545 17461
7545 17535
7545 17728
7545 17741
7545 17756
7545 17763
7545 17766
7545 17987
7545 18361
7545 18371
7545 18375
7545 23854
7545 23943
7545 23965
7545 24017
7545 24130
7545 24338
7545 24341
7545 24541
7545 24543
7545 24565
7545 38220
7545 38242
7545 38302
7545 38549
7545 38572
7545 38582
7545 38583
7545 38803
7545 38894
7545 45118
7545 45270
7545 45434
7545 45442
7545 45577
7545 45657
7545 45665
7545 45692
7545 45793
7545 45852
7545 45874
7545 45875
7545 55328
7545 55366
7545 55400
7545 55478
7545 55506
7545 55575
7545 55580
7545 55581
7545 55762
7545 55775
7545 55871
7545 55924
7545 56057
7545 56073
7545 56123
7545 56135
7545 56199
7545 56210
7545 56294
7545 56307
7545 58372
7545 58509
7545 58545
7545 58580
7545 58634
7545 58681
7545 58696
7545 58710
7545 58713
7545 58716
7545 58734
7545 58739
7545 58907
7545 58916
7545 59339
7545 59383
7545 63919
7545 63950
7545 64090
7545 131197
7545 131214
7545 131230
7545 131268
7545 131270
7545 131295
7545 131312
7545 131455
7545 131998
7545 132020
7545 132070
7545 132093
7545 132256
7545 132476
7545 132492
7545 132532
7545 132620
7545 132626
7545 132682
7545 132728
7545 132852
7545 132868
7545 132906
7545 133030
7545 133061
7545 133094
7545 133130
7545 133138
7545 133143
7545 133146
7545 133161
7545 133216
7545 133326
7545 133403
7545 133434
7545 133501
7545 133612
7545 133737
7545 133758
7545 133940
7545 133943
7545 134101
7545 134181
7545 134183
7545 134184
7545 134584
7545 134602
7545 134678
7545 134754
7545 134778
7545 134791
7545 134832
7545 135050
7545 135118
7545 135121
7545 135127
7545 135145
7545 135165
7545 135275
7545 135321
7545 135350
7545 135359
7545 135368
7545 135415
7545 135593
7545 135627
7545 135653
7545 135656
7545 135879
7545 136006
7545 136036
7545 136132
7545 136152
7545 136203
7545 136206
7545 136386
7545 136487
7545 136490
7545 136539
7545 136572
7545 136589
7545 136731
7545 136771
7545 136900
7545 136924
7545 136988
7545 137009
7545 137010
7545 137042
7545 137079
7545 137244
7545 137529
7545 137555
7545 137814
7545 137841
7545 137893
7545 137998
7545 138002
7545 138013
7545 138017
7545 138153
7545 138165
7545 138210
7545 138216
7545 138367
7545 138372
7545 138386
7545 138563
7545 138683
7545 138940
7545 138941
7545 139000
7545 139048
7545 139084
7545 139193
7545 139246
7545 139253
7545 139273
7545 139279
7545 139578
7545 139582
7545 139633
7545 139696
7545 139843
7545 139848
7545 139868
7545 139917
7545 140062
7545 140070
7545 140099
7545 140211
7545 140325
7545 140587
7545 140842
7545 140968
7545 141043
7545 141046
7545 141161
7545 141211
7545 141392
7545 141400
7545 141401
7545 141422
7545 141727
7545 141733
7545 141885
7545 142010
7545 142042
7545 142143
7545 142411
7545 142585
7545 146967
7545 147062
7545 147069
7545 147310
7545 148968
7545 149427
7545 149488
7545 149811
7545 149814
7545 149834
7545 149998
7545 150121
7545 150421
7545 150427
7545 150710
7545 151047
7545 151332
7545 151623
7545 151831
7545 152667
7545 152683
7545 153162
7545 153364
7545 153373
7545 153472
7545 153642
7545 153643
7545 154089
7545 154301
7545 132076
9507 7604
9507 9745
9507 18065
9507 23731
9507 24305
9507 24541
9507 38242
9507 38716
9507 38830
9507 38887
9507 45838
9507 45929
9507 55543
9507 55555
9507 55884
9507 56035
9507 56087
9507 58533
9507 58589
9507 132789
9507 135015
9507 135565
9507 135634
9507 135878
9507 138657
9507 139077
9507 140268
9507 140643
9507 140896
9507 140994
9507 142049
9507 149874
9507 151213
9507 151976
9507 152641
9507 154301
9507 208063
9507 140627
9507 63956
9507 24516
9507 136557
9507 58511
9507 148968
9507 132847
9507 38880
9507 4608
9507 1221
17559 9792
17559 138988
17559 153397
17559 140627
17559 63956
17559 136557
17559 24516
17559 58511
17559 148968
17559 132847
17559 38880
17559 58941
17559 4608
17559 2764
24516 17473
24516 38716
24516 45926
24516 56073
24516 63931
24516 132245
24516 132382
24516 132397
24516 132849
24516 133161
24516 133382
24516 133434
24516 134185
24516 135027
24516 135302
24516 135406
24516 135555
24516 136577
24516 137042
24516 137060
24516 137575
24516 137576
24516 139207
24516 140051
24516 140231
24516 140382
24516 140703
24516 140730
24516 141734
24516 142426
24516 149841
24516 149851
24516 151634
24516 151799
24516 152105
24516 152183
24516 152464
24516 152682
24516 152738
24516 152882
24516 153597
24516 140627
24516 63956
24516 136557
24516 58511
24516 9280
24516 64098
24516 23913
24516 134067
24516 142116
24516 137271
24516 45152
24516 17978
24516 24541
24516 135425
24516 134189
24516 138637
24516 140896
24516 24008
24516 148968
24516 136972
24516 58473
24516 132094
24516 38327
24516 55542
24516 135060
24516 132847
24516 9723
24516 56087
24516 7477
24516 38883
24516 55555
24516 134149
24516 55567
24516 137426
24516 140937
24516 136900
24516 7546
24516 149647
24516 9795
24516 45118
24516 38858
24516 17898
24516 58507
24516 133045
24516 140583
24516 151213
24516 135015
24516 153655
24516 147061
24516 24033
24516 151203
24516 134555
24516 150329
24516 132430
24516 133120
24516 134688
24516 9519
24516 133159
24516 135421
24516 136784
24516 9745
24516 131316
24516 38719
24516 38172
24516 137399
24516 136994
24516 9449
24516 142588
24516 45780
24516 17732
24516 142049
24516 141746
24516 139288
24516 153160
24516 151496
24516 133934
24516 131270
24516 45763
24516 139873
24516 58505
24516 153346
24516 45638
24516 151976
24516 139623
24516 140736
24516 38456
24516 24305
24516 132528
24516 55752
24516 38880
24516 136792
24516 2713
24516 138466
24516 140967
24516 7628
24516 4777
24516 58907
24516 137032
24516 38887
24516 9313
24516 136204
24516 132789
24516 56294
24516 18390
24516 140994
24516 136001
24516 9328
24516 24313
24516 64044
24516 138654
24516 56035
24516 55803
24516 4608
24516 7604
24516 139077
24516 31732
24516 135565
24516 133130
24516 38541
24516 17889
24516 131476
24516 135126
24516 153836
24516 23943
24516 133930
24516 45768
24516 55486
24516 136935
24516 17766
24516 58868
24516 38333
24516 1221
38561 18117
38561 24061
38561 55845
38561 132299
38561 132392
38561 133045
38561 140627
38561 63956
38561 136557
38561 58511
38561 141992
38561 148968
38561 132847
38561 9723
38561 7477
38561 9749
38561 136914
38561 24033
38561 38438
38561 131270
38561 24395
38561 45852
38561 150746
38561 38880
38561 56294
38561 58941
38561 4608
38561 45665
38561 1221
38561 2764
45437 23669
45437 23993
45437 24092
45437 38220
45437 45871
45437 63922
45437 131478
45437 132908
45437 133120
45437 133435
45437 134179
45437 134503
45437 139000
45437 149026
45437 140627
45437 63956
45437 136557
45437 58511
45437 17978
45437 148968
45437 132847
45437 58580
45437 150329
45437 38719
45437 38880
45437 58941
45437 4608
45437 1221
58511 9280
58511 7551
58511 7628
58511 9224
58511 9461
58511 17473
58511 17889
58511 38172
58511 38333
58511 45447
58511 45638
58511 45780
58511 55811
58511 132072
58511 132791
58511 133196
58511 133914
58511 133930
58511 134067
58511 134242
58511 134743
58511 136045
58511 136161
58511 137549
58511 137863
58511 140736
58511 140891
58511 140627
58511 63956
58511 2764
58511 136557
58511 64098
58511 23913
58511 133483
58511 142116
58511 137271
58511 141992
58511 139357
58511 149851
58511 38572
58511 17978
58511 56307
58511 24541
58511 150446
58511 137562
58511 55878
58511 64006
58511 137576
58511 135425
58511 140099
58511 152464
58511 134189
58511 134832
58511 140896
58511 24008
58511 58989
58511 149026
58511 148968
58511 136972
58511 132529
58511 17667
58511 139597
58511 38611
58511 135415
58511 38327
58511 55542
58511 134844
58511 135060
58511 133403
58511 132847
58511 58580
58511 9723
58511 17535
58511 56087
58511 7477
58511 38883
58511 55555
58511 142125
58511 134149
58511 138165
58511 137426
58511 140937
58511 133615
58511 23871
58511 134119
58511 152183
58511 7546
58511 45118
58511 133389
58511 9408
58511 139049
58511 151799
58511 141397
58511 38858
58511 17898
58511 137847
58511 58530
58511 58507
58511 58921
58511 154329
58511 55766
58511 56123
58511 133045
58511 140583
58511 9749
58511 136914
58511 132533
58511 151213
58511 140637
58511 135015
58511 153655
58511 147061
58511 132808
58511 133417
58511 24033
58511 151203
58511 135302
58511 134555
58511 150329
58511 132430
58511 133120
58511 134688
58511 9519
58511 9342
58511 133159
58511 135421
58511 136784
58511 9745
58511 131316
58511 135512
58511 45577
58511 38719
58511 135406
58511 58589
58511 137399
58511 136994
58511 38220
58511 24476
58511 140231
58511 139279
58511 142588
58511 18255
58511 55359
58511 45931
58511 138502
58511 38583
58511 4851
58511 55581
58511 139288
58511 38438
58511 23731
58511 151496
58511 138657
58511 133934
58511 131270
58511 45763
58511 140051
58511 58505
58511 135668
58511 24395
58511 9648
58511 153346
58511 45852
58511 150746
58511 151976
58511 24303
58511 139623
58511 38749
58511 24305
58511 138209
58511 55366
58511 132849
58511 9544
58511 132848
58511 132895
58511 55752
58511 136741
58511 131455
58511 45278
58511 63931
58511 137065
58511 38880
58511 38084
58511 45671
58511 2713
58511 138466
58511 58914
58511 142276
58511 4777
58511 23747
58511 58907
58511 45240
58511 63850
58511 137032
58511 133189
58511 9313
58511 133122
58511 136204
58511 132789
58511 153971
58511 137042
58511 135027
58511 146994
58511 4857
58511 56294
58511 58464
58511 23669
58511 132394
58511 137896
58511 18390
58511 45926
58511 58927
58511 140994
58511 136001
58511 132448
58511 9328
58511 58941
58511 140670
58511 136518
58511 24313
58511 64044
58511 138654
58511 132309
58511 137575
58511 38016
58511 56035
58511 138027
58511 55803
58511 18117
58511 4608
58511 7604
58511 139077
58511 133333
58511 31732
58511 139649
58511 135565
58511 133130
58511 38541
58511 131476
58511 10207
58511 137388
58511 58713
58511 135126
58511 45269
58511 23943
58511 45665
58511 45768
58511 9652
58511 55486
58511 136935
58511 17766
58511 58868
58511 4778
58511 7600
58511 56038
58511 136398
58511 38716
58511 1221
63956 9652
63956 9667
63956 18036
63956 24033
63956 24446
63956 55359
63956 56087
63956 56123
63956 56199
63956 58940
63956 59356
63956 132834
63956 133480
63956 134441
63956 136001
63956 137455
63956 137958
63956 138525
63956 138637
63956 140576
63956 140729
63956 142059
63956 150162
63956 153971
63956 1221
63956 140627
63956 9280
63956 136557
63956 64098
63956 23913
63956 133483
63956 141992
63956 139357
63956 149851
63956 38572
63956 17978
63956 56307
63956 24541
63956 150446
63956 137562
63956 55878
63956 64006
63956 135425
63956 140099
63956 152464
63956 134189
63956 134832
63956 132476
63956 140896
63956 58989
63956 149026
63956 148968
63956 136972
63956 58473
63956 132529
63956 139597
63956 132094
63956 38611
63956 135415
63956 38327
63956 55542
63956 134844
63956 135060
63956 133403
63956 132847
63956 58580
63956 9723
63956 17535
63956 7477
63956 38883
63956 55555
63956 142125
63956 138165
63956 55567
63956 140937
63956 133615
63956 136900
63956 23871
63956 134119
63956 7546
63956 9795
63956 45118
63956 133389
63956 9408
63956 139049
63956 151799
63956 141397
63956 38858
63956 17898
63956 137847
63956 133326
63956 58530
63956 58507
63956 58921
63956 55766
63956 134147
63956 133045
63956 140583
63956 9749
63956 136914
63956 132533
63956 140637
63956 135015
63956 147061
63956 132808
63956 133417
63956 151203
63956 135302
63956 134555
63956 133120
63956 134688
63956 9519
63956 9342
63956 133159
63956 136784
63956 9745
63956 131316
63956 135512
63956 45577
63956 38719
63956 38172
63956 135406
63956 58589
63956 136994
63956 38220
63956 24476
63956 45510
63956 140231
63956 139279
63956 45780
63956 18255
63956 45931
63956 138502
63956 38583
63956 4851
63956 17732
63956 141746
63956 55581
63956 38438
63956 23731
63956 151496
63956 138657
63956 133934
63956 131270
63956 45763
63956 140051
63956 58505
63956 135668
63956 24395
63956 9648
63956 45852
63956 45638
63956 150746
63956 151976
63956 24303
63956 140736
63956 38456
63956 38749
63956 24305
63956 138209
63956 55366
63956 132849
63956 9544
63956 132848
63956 132895
63956 132528
63956 55752
63956 136161
63956 45278
63956 63931
63956 137065
63956 38880
63956 136792
63956 38084
63956 132077
63956 138466
63956 140967
63956 7628
63956 58914
63956 142276
63956 23747
63956 58907
63956 45240
63956 63850
63956 137032
63956 133189
63956 38887
63956 9313
63956 133122
63956 136204
63956 17473
63956 137042
63956 135027
63956 146994
63956 4857
63956 56294
63956 58464
63956 23669
63956 132394
63956 137896
63956 18390
63956 45926
63956 58927
63956 140994
63956 132448
63956 9328
63956 58941
63956 136518
63956 24313
63956 64044
63956 132309
63956 137575
63956 56035
63956 138027
63956 55803
63956 18117
63956 4608
63956 133434
63956 7604
63956 139077
63956 133333
63956 133130
63956 38541
63956 17889
63956 131476
63956 142596
63956 137388
63956 58713
63956 135126
63956 45269
63956 137841
63956 23943
63956 133930
63956 45768
63956 55486
63956 136935
63956 23854
63956 17766
63956 58868
63956 4778
63956 7600
63956 56038
63956 38333
63956 136398
63956 38716
136557 4851
136557 7546
136557 10080
136557 24305
136557 31732
136557 37988
136557 58750
136557 131476
136557 132403
136557 136935
136557 137399
136557 137575
136557 137576
136557 139288
136557 139623
136557 140892
136557 140896
136557 140994
136557 141397
136557 142116
136557 142610
136557 149043
136557 152094
136557 152464
136557 152852
136557 152882
136557 152900
136557 153346
136557 153547
136557 153613
136557 153836
136557 1221
136557 140627
136557 9280
136557 64098
136557 23913
136557 134067
136557 137271
136557 45152
136557 17978
136557 24541
136557 135425
136557 134189
136557 138637
136557 24008
136557 149026
136557 148968
136557 136972
136557 58473
136557 132529
136557 17667
136557 132094
136557 38611
136557 38327
136557 55542
136557 135060
136557 133403
136557 132847
136557 58580
136557 9723
136557 17535
136557 56087
136557 7477
136557 38883
136557 55555
136557 142125
136557 138165
136557 55567
136557 137426
136557 140937
136557 136900
136557 134119
136557 152183
136557 149647
136557 9795
136557 45118
136557 139049
136557 151799
136557 38858
136557 17898
136557 133326
136557 58530
136557 58507
136557 55766
136557 133045
136557 140583
136557 9749
136557 132533
136557 151213
136557 135015
136557 153655
136557 147061
136557 132808
136557 133417
136557 24033
136557 151203
136557 135302
136557 134555
136557 150329
136557 132430
136557 133120
136557 134688
136557 9519
136557 9342
136557 133159
136557 136784
136557 9745
136557 131316
136557 135512
136557 45577
136557 38719
136557 38172
136557 135406
136557 58589
136557 136994
136557 38220
136557 142588
136557 45780
136557 38583
136557 141746
136557 55581
136557 23731
136557 151496
136557 133934
136557 131270
136557 45763
136557 140051
136557 58505
136557 9648
136557 45638
136557 151976
136557 24303
136557 140736
136557 38456
136557 38749
136557 55366
136557 132849
136557 9544
136557 132895
136557 132528
136557 55752
136557 136161
136557 45278
136557 63931
136557 38880
136557 136792
136557 38084
136557 132077
136557 2713
136557 138466
136557 140967
136557 7628
136557 58914
136557 23747
136557 58907
136557 63850
136557 137032
136557 133189
136557 9313
136557 136204
136557 132789
136557 17473
136557 135027
136557 146994
136557 4857
136557 56294
136557 18390
136557 45926
136557 58927
136557 136001
136557 132448
136557 9328
136557 140670
136557 136518
136557 24313
136557 64044
136557 138654
136557 56035
136557 55803
136557 18117
136557 4608
136557 7604
136557 139077
136557 133333
136557 135565
136557 133130
136557 38541
136557 17889
136557 137388
136557 58713
136557 135126
136557 45269
136557 23943
136557 133930
136557 45665
136557 45768
136557 9652
136557 55486
136557 17766
136557 58868
136557 7600
136557 56038
136557 38333
136557 38716
140627 7546
140627 9291
140627 9449
140627 132269
140627 132394
140627 151413
140627 9280
140627 23913
140627 137271
140627 141992
140627 38572
140627 17978
140627 135526
140627 56199
140627 137576
140627 149026
140627 148968
140627 136972
140627 132529
140627 38611
140627 135415
140627 135060
140627 133403
140627 132847
140627 58580
140627 9723
140627 17535
140627 56087
140627 7477
140627 38883
140627 55555
140627 142125
140627 138165
140627 140937
140627 23871
140627 149647
140627 133389
140627 9408
140627 151799
140627 141397
140627 38858
140627 17898
140627 133326
140627 58530
140627 58507
140627 55766
140627 134147
140627 56123
140627 133045
140627 9749
140627 132533
140627 147061
140627 24033
140627 151203
140627 134555
140627 150329
140627 9342
140627 133159
140627 131316
140627 45577
140627 38719
140627 135406
140627 58589
140627 136994
140627 38220
140627 139279
140627 142588
140627 45780
140627 18255
140627 55359
140627 38583
140627 4851
140627 142049
140627 55581
140627 153160
140627 23731
140627 153547
140627 138657
140627 133934
140627 45763
140627 140051
140627 24395
140627 9648
140627 153346
140627 45852
140627 45638
140627 150746
140627 151976
140627 24305
140627 9544
140627 55752
140627 136161
140627 136741
140627 45278
140627 63931
140627 137065
140627 38880
140627 2713
140627 7628
140627 58914
140627 4777
140627 58907
140627 63850
140627 137032
140627 133189
140627 38887
140627 132789
140627 17473
140627 137042
140627 135027
140627 146994
140627 4857
140627 56294
140627 18390
140627 140994
140627 136001
140627 23918
140627 24313
140627 132309
140627 56035
140627 55803
140627 18117
140627 4608
140627 133434
140627 7604
140627 139077
140627 133333
140627 31732
140627 135565
140627 133130
140627 17889
140627 142596
140627 58713
140627 135126
140627 137841
140627 153836
140627 23943
140627 133930
140627 45665
140627 45768
140627 9652
140627 17766
140627 58868
140627 7600
140627 56038
140627 38333
140627 1221
23913 4608
23913 38880
23913 58941
23913 132847
23913 148968
134067 132847
134067 148968
142116 132847
142116 148968
137271 132847
137271 148968
137271 38220
17978 4608
17978 38880
17978 132847
17978 4777
17978 38719
17978 58580
17978 150329
17978 58507
24541 148968
24541 58740
137576 132847
137576 148968
152464 132847
140896 148968
24008 38880
24008 132847
24008 148968
148968 64098
148968 9280
148968 4608
148968 38880
148968 132847
148968 38038
148968 59204
148968 59339
148968 132823
148968 134087
148968 136431
148968 139355
148968 142125
148968 149515
148968 151079
148968 152332
148968 133483
148968 141992
148968 139357
148968 149851
148968 45152
148968 38572
148968 56307
148968 150446
148968 137562
148968 56199
148968 55878
148968 64006
148968 135425
148968 140099
148968 134189
148968 134832
148968 138637
148968 132476
148968 58989
148968 4778
148968 4851
148968 9328
148968 9519
148968 9745
148968 17732
148968 23871
148968 55803
148968 58473
148968 58580
148968 132394
148968 133045
148968 133120
148968 133130
148968 136784
148968 136792
148968 136900
148968 136914
148968 137042
148968 139077
148968 140583
148968 2713
148968 4857
148968 7477
148968 7546
148968 7600
148968 7604
148968 7628
148968 9313
148968 9342
148968 9408
148968 9652
148968 9723
148968 9749
148968 9795
148968 10207
148968 17535
148968 17766
148968 17889
148968 17898
148968 18255
148968 18390
148968 23669
148968 23854
148968 23943
148968 24033
148968 24303
148968 24305
148968 24313
148968 24395
148968 24476
148968 31732
148968 38084
148968 38172
148968 38220
148968 38327
148968 38333
148968 38438
148968 38456
148968 38541
148968 38583
148968 38611
148968 38716
148968 38719
148968 38858
148968 38883
148968 38887
148968 45118
148968 45240
148968 45269
148968 45510
148968 45638
148968 45763
148968 45780
148968 45852
148968 45926
148968 45931
148968 55359
148968 55366
148968 55486
148968 55542
148968 55555
148968 55567
148968 55581
148968 55752
148968 56035
148968 56038
148968 56087
148968 56123
148968 56294
148968 58464
148968 58505
148968 58507
148968 58530
148968 58589
148968 58868
148968 58907
148968 58921
148968 63931
148968 64044
148968 131270
148968 131476
148968 132094
148968 132309
148968 132430
148968 132528
148968 132529
148968 132533
148968 132789
148968 132808
148968 132848
148968 132849
148968 132895
148968 133122
148968 133159
148968 133189
148968 133389
148968 133403
148968 133615
148968 133930
148968 133934
148968 134149
148968 134555
148968 134688
148968 134844
148968 135015
148968 135027
148968 135060
148968 135126
148968 135302
148968 135406
148968 135415
148968 135421
148968 135565
148968 135668
148968 136001
148968 136161
148968 136204
148968 136398
148968 136741
148968 136935
148968 136972
148968 136994
148968 137032
148968 137065
148968 137399
148968 137426
148968 137847
148968 137896
148968 138027
148968 138209
148968 138466
148968 138654
148968 138657
148968 139279
148968 139597
148968 139623
148968 139649
148968 140051
148968 140231
148968 140637
148968 140736
148968 140937
148968 140967
148968 140994
148968 141746
148968 142049
148968 142276
148968 142588
148968 147061
148968 150329
148968 150746
148968 151203
148968 151496
148968 151976
148968 153160
148968 153346
148968 153836
148968 153971
148968 154329
148968 151799
136972 4608
136972 38880
136972 58941
136972 132847
132529 4608
132529 38880
132529 58941
132529 132847
17667 132847
38611 4608
38611 38880
38611 58941
38611 132847
38611 45852
38327 1221
38327 4608
38327 132847
133403 1221
133403 2764
133403 4608
133403 38880
133403 58941
133403 132847
133403 133624
133403 136580
133403 139869
132847 1221
132847 64098
132847 9280
132847 4608
132847 38880
132847 58941
132847 24463
132847 45208
132847 45278
132847 55923
132847 56074
132847 56284
132847 58716
132847 132330
132847 141046
132847 149516
132847 133483
132847 141992
132847 139357
132847 149851
132847 45152
132847 38572
132847 56307
132847 150446
132847 137562
132847 56199
132847 153972
132847 55878
132847 64006
132847 135425
132847 140099
132847 134189
132847 134832
132847 138637
132847 132476
132847 58989
132847 149026
132847 58473
132847 139597
132847 132094
132847 135415
132847 55542
132847 134844
132847 135060
132847 17732
132847 23871
132847 55766
132847 55803
132847 132394
132847 2713
132847 4778
132847 4851
132847 4857
132847 7477
132847 7546
132847 7600
132847 7604
132847 7628
132847 9313
132847 9328
132847 9342
132847 9408
132847 9519
132847 9544
132847 9648
132847 9652
132847 9723
132847 9749
132847 9795
132847 10080
132847 17473
132847 17535
132847 17766
132847 17889
132847 17898
132847 18117
132847 18255
132847 18390
132847 23669
132847 23731
132847 23747
132847 23943
132847 24033
132847 24303
132847 24305
132847 24313
132847 24395
132847 24476
132847 31732
132847 38084
132847 38172
132847 38220
132847 38333
132847 38438
132847 38456
132847 38541
132847 38583
132847 38719
132847 38749
132847 38858
132847 38883
132847 38887
132847 45240
132847 45269
132847 45510
132847 45577
132847 45638
132847 45665
132847 45763
132847 45768
132847 45780
132847 45852
132847 45931
132847 55359
132847 55366
132847 55486
132847 55555
132847 55567
132847 55581
132847 55752
132847 56035
132847 56038
132847 56087
132847 56123
132847 56294
132847 58464
132847 58505
132847 58507
132847 58530
132847 58580
132847 58589
132847 58713
132847 58868
132847 58907
132847 58914
132847 58927
132847 63850
132847 63931
132847 64044
132847 131270
132847 131316
132847 131476
132847 132077
132847 132309
132847 132448
132847 132528
132847 132533
132847 132789
132847 132808
132847 132848
132847 132895
132847 133045
132847 133120
132847 133122
132847 133130
132847 133159
132847 133189
132847 133326
132847 133333
132847 133389
132847 133434
132847 133615
132847 133930
132847 133934
132847 134119
132847 134147
132847 134149
132847 134555
132847 134688
132847 135027
132847 135126
132847 135406
132847 135512
132847 135565
132847 135668
132847 136001
132847 136161
132847 136204
132847 136398
132847 136518
132847 136741
132847 136784
132847 136792
132847 136900
132847 136994
132847 137032
132847 137042
132847 137065
132847 137388
132847 137575
132847 137841
132847 137896
132847 138027
132847 138165
132847 138466
132847 138502
132847 138657
132847 139049
132847 139077
132847 139279
132847 139288
132847 139623
132847 140051
132847 140231
132847 140583
132847 140637
132847 140670
132847 140736
132847 140892
132847 140937
132847 140967
132847 140994
132847 141397
132847 141746
132847 142049
132847 142125
132847 142588
132847 142596
132847 146994
132847 147061
132847 150329
132847 150746
132847 151203
132847 151213
132847 151496
132847 151799
132847 151976
132847 152183
132847 153160
132847 153346
132847 153655
132847 153836
132847 153971
132847 133417
132847 136914
58580 4608
58580 38880
58580 58941
58580 38719
58580 38829
58580 134680
58580 139736
58580 150329
9723 4608
9723 38880
9723 17741
9723 45912
9723 45937
9723 58750
9723 131225
9723 132102
9723 132309
9723 133859
9723 133876
9723 134163
9723 134459
9723 134688
9723 135153
9723 135294
9723 137536
9723 138680
9723 141044
9723 142143
9723 150127
9723 150798
9723 151047
17535 4608
17535 38880
17535 58941
56087 4608
56087 38880
56087 58941
7477 4608
7477 38880
7477 58941
7477 24395
142125 4608
142125 152893
138165 1221
138165 38880
137426 134688
140937 4608
140937 38880
140937 58941
149647 4608
149647 135060
149647 56182
149647 151413
139049 38880
151799 58505
151799 139751
151799 151952
141397 38880
38858 1221
38858 4608
38858 38880
38858 58941
17898 4608
17898 38880
17898 9738
133326 38880
133326 55811
58530 9268
58530 38880
58530 58941
58507 4608
58507 38880
58507 58941
55766 38880
55766 55506
55766 133876
55766 133914
55766 137569
134147 38880
134147 38887
133045 4608
133045 38880
133045 133885
133045 139777
133045 23918
132533 38880
135015 7604
147061 9268
147061 4608
147061 38880
147061 58941
133417 1221
133417 38880
24033 4608
24033 38880
135302 38716
134555 1221
134555 4608
134555 38880
134555 58941
134555 45269
134555 7471
134555 133120
134555 133901
134555 136228
134555 137433
134555 138488
134555 141002
134555 149018
134555 149814
150329 38880
150329 38719
132430 134688
9342 1221
9342 4608
9342 38880
9342 58941
133159 4608
133159 38880
133159 58941
133159 58907
131316 38880
135512 138502
45577 38880
45577 133934
45577 7551
45577 10207
45577 45671
38719 4608
38719 38880
38719 58941
38719 55803
135406 38880
58589 9268
58589 38880
58589 58941
136994 4608
136994 38880
136994 58941
38220 4608
38220 38880
38220 58941
38220 10145
38220 17481
38220 58605
38220 133044
38220 135326
38220 138592
38220 140876
9449 4608
9449 7546
9449 37990
45780 4608
45780 38880
45780 58941
45780 132476
38583 4608
38583 38880
38583 58941
38583 135060
142049 18345
55581 64098
55581 4608
55581 38880
55581 58941
55581 38905
55581 133415
55581 136799
55581 139582
153160 9280
153160 133394
23731 38880
153547 4608
153547 135027
133934 1221
133934 9268
133934 4608
133934 38880
133934 151842
45763 1221
45763 4608
45763 38880
45763 58941
45763 45594
45763 134139
58505 132849
58505 153336
9648 2764
9648 38880
45638 38880
45638 58941
139623 136183
139623 139248
38749 2764
24305 4608
132849 139603
9544 1221
9544 10143
9544 38880
132895 38880
132895 58941
55752 4608
55752 38880
136161 9268
136161 38880
136161 58941
136161 132789
45278 38880
63931 4608
63931 38880
38880 1221
38880 2764
38880 64098
38880 9280
38880 4608
38880 45426
38880 55359
38880 58915
38880 58940
38880 133104
38880 136577
38880 133483
38880 141992
38880 139357
38880 149851
38880 45152
38880 56307
38880 137562
38880 56199
38880 64006
38880 135425
38880 140099
38880 134189
38880 134832
38880 138637
38880 132476
38880 58989
38880 149026
38880 58473
38880 139597
38880 132094
38880 55542
38880 134844
38880 135060
38880 38883
38880 55555
38880 55567
38880 133615
38880 136900
38880 23871
38880 9795
38880 133389
38880 56123
38880 9749
38880 136914
38880 140637
38880 132808
38880 151203
38880 133120
38880 134688
38880 9519
38880 136784
38880 38172
38880 24476
38880 140231
38880 142588
38880 18255
38880 45931
38880 141746
38880 38438
38880 151496
38880 131270
38880 140051
38880 135668
38880 24395
38880 45852
38880 150746
38880 151976
38880 140736
38880 38456
38880 55366
38880 132848
38880 132528
38880 136741
38880 4778
38880 23918
38880 4857
38880 7600
38880 7604
38880 7628
38880 9313
38880 9328
38880 9652
38880 17473
38880 17766
38880 17889
38880 18117
38880 18390
38880 23669
38880 23943
38880 24313
38880 38084
38880 38333
38880 38541
38880 38887
38880 45240
38880 45269
38880 45768
38880 55486
38880 56038
38880 56294
38880 58464
38880 58713
38880 58868
38880 58907
38880 58914
38880 58927
38880 63850
38880 64044
38880 131476
38880 132448
38880 133189
38880 133333
38880 133434
38880 133930
38880 135027
38880 135126
38880 136001
38880 136204
38880 136398
38880 136792
38880 137042
38880 137841
38880 137896
38880 138027
38880 138466
38880 140967
38880 140994
38880 142596
38880 146994
38880 153971
38880 45665
38880 55803
38880 132394
38880 133130
38880 139077
132077 1221
132077 7628
7628 58941
7628 132136
7628 138583
58914 4608
4777 4608
4777 18366
4777 18367
4777 18368
4777 18369
4777 45192
4777 56294
4777 58907
58907 58941
63850 1221
137032 10143
137032 4608
38887 9280
38887 4608
38887 138466
38887 154167
17473 133053
17473 141989
17473 153355
135027 4608
135027 58941
4857 2764
4857 4608
4857 58941
56294 1221
56294 2764
56294 4608
56294 58941
56294 134733
56294 136254
56294 141036
56294 147182
56294 149061
18390 4608
18390 58941
18390 153177
45926 1221
45926 45797
45926 139873
140994 139288
136001 4608
140670 140672
24313 1221
24313 4608
55803 4608
55803 58941
18117 2764
18117 136804
18117 23918
4608 1221
4608 64098
4608 9280
4608 18366
4608 18367
4608 18368
4608 18369
4608 45192
4608 131074
4608 141992
4608 45152
4608 38572
4608 134189
4608 138637
4608 58473
4608 132094
4608 135415
4608 55542
4608 135060
4608 38883
4608 55555
4608 136900
4608 23871
4608 7546
4608 9795
4608 9408
4608 9749
4608 136914
4608 132808
4608 133120
4608 9519
4608 136784
4608 38172
4608 24476
4608 18255
4608 4851
4608 141746
4608 38438
4608 151496
4608 131270
4608 24395
4608 45852
4608 150746
4608 140736
4608 38456
4608 132528
4608 137065
4608 136792
4608 138466
4608 140967
4608 133189
4608 9313
4608 136204
4608 9328
4608 64044
4608 138027
4608 7600
4608 9652
4608 17766
4608 17889
4608 23943
4608 38333
4608 38541
4608 45768
4608 55486
4608 56038
4608 58868
4608 131476
4608 133130
4608 133333
4608 133930
4608 135126
4608 139077
133434 135885
133434 18345
7604 58941
7604 38830
7604 58606
7604 132873
7604 133431
7604 133958
7604 134427
7604 138654
139077 58941
139077 138657
133333 9268
135565 1221
17889 134203
58713 135336
137841 18345
153836 9280
23943 1221
23943 58941
23943 9749
133930 1221
133930 38809
133930 140086
45665 9652
136935 1221
17766 2764
17766 38465
17766 45171
17766 133510
17766 137025
58868 58941
58868 140880
7600 58941
7600 56037
56038 133050
56038 138466
38333 58941
138637 132834
58473 131182
55542 1221
38883 2764
38883 9479
38883 58927
38883 132448
38883 137250
38883 139671
140736 132906
140736 149018
140736 149784
140736 153050
132528 1221
140967 137950
55486 2764
64098 45158
64098 133736
64098 138466
59256 133126
59256 152472
131214 45158
131214 132584
58941 9280
58941 141992
58941 149851
58941 56199
58941 135425
58941 140099
58941 135060
58941 23871
58941 133389
58941 9749
58941 136914
58941 132808
58941 151203
58941 24476
58941 140231
58941 45931
58941 38438
58941 131270
58941 135668
58941 24395
58941 45852
58941 150746
58941 136741
58941 133189
58941 153971
58941 23669
58941 9652
58941 23854
58941 136398
58941 138027
9336 38724
9336 55573
9336 58606
9336 132848
9336 134093
9336 135336
9336 135513
9336 135516
9336 137227
9336 137898
9336 138466
9290 10143
9313 58644
9313 132718
9328 17562
9417 1221
9519 38541
9672 2764
17918 17732
18361 1221
24017 1221
24017 55731
24303 1221
38084 153162
38232 1221
38714 1221
38804 1221
38809 9509
38809 17434
38809 18220
38809 18431
38809 45226
38809 56135
38809 58409
38809 138681
38809 140065
38809 141468
38809 152164
38813 1221
45160 1221
45460 2764
45570 9268
45610 1221
45626 1221
45881 135168
45956 1221
46014 1221
55365 1221
55366 1221
55567 24110
55567 55521
55845 10143
55845 23918
56307 17732
58533 9268
131581 1221
132257 1221
132321 1221
132581 45162
132594 1221
132789 1221
132789 9268
132789 136973
132808 9268
132808 4647
132808 141719
132852 2764
133615 9268
133615 133939
133864 2764
134138 56263
134138 138503
134138 152693
134408 1221
134463 1221
135016 1221
136204 55736
136812 9268
137044 1221
137192 1221
137192 9738
137470 1221
137525 1221
137847 1221
137896 1221
138209 1221
139002 55811
139583 1221
139597 9268
139597 132859
151321 1221
151641 1221
153197 10143
1221 2764
1221 4801
1221 4825
1221 9408
1221 9426
1221 9518
1221 9880
1221 9893
1221 9912
1221 10105
1221 10235
1221 18055
1221 18165
1221 18191
1221 18431
1221 23918
1221 23921
1221 23938
1221 24007
1221 24069
1221 24120
1221 24316
1221 24463
1221 24476
1221 37978
1221 37990
1221 38049
1221 38066
1221 38236
1221 38302
1221 38438
1221 38447
1221 38472
1221 38903
1221 45207
1221 45589
1221 45744
1221 45824
1221 45852
1221 45867
1221 45931
1221 45949
1221 55302
1221 55478
1221 55506
1221 55525
1221 56076
1221 56105
1221 56177
1221 56271
1221 58418
1221 58869
1221 59206
1221 59262
1221 59267
1221 59330
1221 131197
1221 131225
1221 131290
1221 131999
1221 132029
1221 132102
1221 132162
1221 132370
1221 132484
1221 132492
1221 132616
1221 132619
1221 132703
1221 132812
1221 133081
1221 133853
1221 134080
1221 134498
1221 134678
1221 134679
1221 134725
1221 134747
1221 134787
1221 134984
1221 134994
1221 135039
1221 135415
1221 135574
1221 135609
1221 135612
1221 135668
1221 135879
1221 135887
1221 136008
1221 136154
1221 136388
1221 136508
1221 136521
1221 136522
1221 136585
1221 136615
1221 136954
1221 136988
1221 137010
1221 137070
1221 137204
1221 137230
1221 137234
1221 137442
1221 137555
1221 137864
1221 137903
1221 137924
1221 137968
1221 138027
1221 138186
1221 138206
1221 138214
1221 138484
1221 138511
1221 139289
1221 139356
1221 139465
1221 139615
1221 139661
1221 139700
1221 139745
1221 139777
1221 139785
1221 139848
1221 140070
1221 140603
1221 140694
1221 141229
1221 141365
1221 141392
1221 142283
1221 149017
1221 149515
1221 150115
1221 150121
1221 150421
1221 150680
1221 151822
1221 152167
1221 152175
1221 152588
1221 152667
1221 152670
1221 153467
1221 153642
1221 153814
2764 4739
2764 9421
2764 10152
2764 17983
2764 18371
2764 24517
2764 38216
2764 38724
2764 45207
2764 45827
2764 55871
2764 56131
2764 56135
2764 56206
2764 56263
2764 59383
2764 132309
2764 132394
2764 132473
2764 132611
2764 133061
2764 133509
2764 134754
2764 136391
2764 136734
2764 139084
2764 141727
2764 152683
2764 9746
9280 18345
9280 45671
9280 45873
9280 59356
9280 132324
9280 141000
9280 153954
135425 137244
135060 10023
135060 17906
135060 24315
135060 45797
135060 134507
135060 134949
135060 137199
135060 140678
135060 141403
23871 24338
135421 137399
139279 4851
139279 141457
4851 9268
4851 23727
4851 56057
4851 58929
4851 132498
4851 150438
138657 137057
131270 38835
45671 4858
45671 56199
45671 137473
45671 138498
45671 142059
45671 147309
131476 151603
131476 18345
142596 18345
9652 136741
24436 9517
24437 55813
38474 37978
56132 132158
136900 10143
152183 138466
7546 9888
7546 37990
56123 55491
56123 152908
134688 137881
134688 138654
136741 147062
138466 7716
138466 133749
138466 135106
138466 140505
138354 9268
10143 4749
10143 24065
10143 24341
10143 45797
10143 55762
10143 56287
10143 133143
10143 134709
10143 134791
10143 136201
10143 136423
10143 136924
10143 138210
10143 138214
10143 138624
10143 139315
10143 139581
10143 139740
10143 141743
10143 151964
10143 152181
24233 134081
56178 132315
56178 138653
9268 38038
9268 45481
9268 55328
9268 55467
9268 56072
9268 58509
9268 58634
9268 58644
9268 59339
9268 132584
9268 133217
9268 133413
9268 133627
9268 134218
9268 135520
9268 135583
9268 138028
9268 138503
9268 139221
9268 140702
9268 141165
9268 150146
10105 17463
132049 9738
147313 9738
153049 9738
4739 4802
4739 7718
4739 18371
4739 134229
9913 141403
9942 17668
38549 45158
63919 59267
63919 142422
132492 17562
133612 18291
135321 142293
138002 133480
132245 149852
24061 23918
132299 23918
132392 23918
132072 17551
132072 134141
132072 134711
132072 136000
132072 137549
132072 139360
132072 139627
133480 149047
150162 133730
37988 199840
37988 200227
152900 140999
151413 135559
59267 140724
59330 45457
132029 132292
135612 45158
139745 38012
132473 55923
135516 138332
135516 141359
45158 132691
45158 132836
45158 135672
45158 136240
45158 142422
45158 150672
18345 136432
18345 146963
18345 149025
18345 149997
131074 24021
55923 135332
139736 17562
139869 150354
4802 9543
147182 136788
55736 136397
55736 136735
55736 150305
