35320 6849
35320 6876
35320 43139
35320 44600
35320 50581
35320 3261
35320 3279
35320 6712
35320 8788
35320 12397
35320 13188
35320 15595
35320 15596
35320 16223
35320 21310
35320 21379
35320 24812
35320 24945
35320 25183
35320 25282
35320 29436
35320 30779
35320 30849
35320 30859
35320 31061
35320 31272
35320 31343
35320 34190
35320 34661
35320 34700
35320 35067
35320 35319
35320 35365
35320 35614
35320 35731
35320 39056
35320 39066
35320 39431
35320 39695
35320 39862
35320 41119
35320 41244
35320 41305
35320 41967
35320 42195
35320 42396
35320 42504
35320 42530
35320 42723
35320 42905
35320 43047
35320 43137
35320 43258
35320 43418
35320 43576
35320 43764
35320 44032
35320 44291
35320 44304
35320 44416
35320 44482
35320 44742
35320 47517
35320 47702
35320 47811
35320 48243
35320 48919
35320 48964
35320 49223
35320 50115
35320 50362
35320 51197
35320 51216
35320 51273
35320 51597
35320 52071
35320 52180
35320 56354
35320 56385
35320 56404
35320 56600
35320 56607
35320 56639
35320 57049
35320 57102
35320 57767
35320 57800
35320 58055
35320 59681
35320 60953
35320 61116
35320 62146
35320 62327
35320 196740
35320 196939
35320 197520
35320 197602
35320 198251
35320 198356
35320 201094
35320 202353
35320 203016
35320 204461
35320 204552
35320 204929
35320 205318
35320 207305
35320 207488
35320 207677
35320 207802
35320 207858
35320 208241
35320 209221
35320 209863
35320 209937
35320 210069
35320 211034
35320 211190
35320 211395
35320 211608
35320 212118
35320 212617
35320 212695
35320 213389
35320 213996
35320 215765
35320 24579
6849 48422
6849 13188
6849 21029
6849 29186
6849 29688
6849 31173
6849 34190
6849 35296
6849 39147
6849 41478
6849 42057
6849 44321
6849 44434
6849 48358
6849 48637
6849 48759
6849 49087
6849 49720
6849 49883
6849 50361
6849 56465
6849 56485
6849 56543
6849 56812
6849 56851
6849 57894
6849 59762
6849 60173
6849 61354
6849 197454
6849 197602
6849 197781
6849 199440
6849 200049
6849 200381
6849 202026
6849 204294
6849 204715
6849 205188
6849 206949
6849 207558
6849 208067
6849 210442
6849 211195
6849 41820
6849 48919
6849 6876
6849 199995
6849 35297
6849 3255
6849 15895
6876 28975
6876 41375
6876 41544
6876 198647
6876 215976
6876 48919
43139 25514
43139 39307
43139 41467
43139 41586
43139 42259
43139 42504
43139 45017
43139 48019
43139 48683
43139 52179
43139 56347
43139 56485
43139 57076
43139 57361
43139 57442
43139 58309
43139 59942
43139 201041
43139 202327
43139 210541
43139 213724
43139 48919
43139 35297
44600 12639
44600 12706
44600 15596
44600 24882
44600 29496
44600 34094
44600 34359
44600 34870
44600 34877
44600 35004
44600 35562
44600 35602
44600 39096
44600 39223
44600 41115
44600 41260
44600 42052
44600 42292
44600 43017
44600 43143
44600 43496
44600 43896
44600 44119
44600 44122
44600 44336
44600 44390
44600 45022
44600 47567
44600 48358
44600 48649
44600 49662
44600 49720
44600 49903
44600 49984
44600 50127
44600 50576
44600 51672
44600 56907
44600 57601
44600 58119
44600 59492
44600 59636
44600 64481
44600 196934
44600 196947
44600 197203
44600 197945
44600 198162
44600 198359
44600 198684
44600 200049
44600 200582
44600 201369
44600 203666
44600 205459
44600 206621
44600 209213
44600 209742
44600 210049
44600 210340
44600 210368
44600 210669
44600 210716
44600 210755
44600 211477
44600 212542
44600 213198
44600 215951
44600 35297
44600 48919
50581 199995
50581 8788
50581 12662
50581 16327
50581 24872
50581 25082
50581 31149
50581 31388
50581 35737
50581 39431
50581 39762
50581 41737
50581 42174
50581 42441
50581 42504
50581 43786
50581 47245
50581 48045
50581 48411
50581 49889
50581 50027
50581 51528
50581 51742
50581 51993
50581 52180
50581 56386
50581 56525
50581 57197
50581 57993
50581 196777
50581 196863
50581 197125
50581 197144
50581 197251
50581 197554
50581 203531
50581 205318
50581 207422
50581 211332
50581 48919
50581 57455
3261 48919
3261 9205
3261 50459
3261 41119
3279 3255
6712 48919
6712 34700
8788 3255
8788 48919
8788 28750
8788 29335
8788 39742
8788 41502
8788 43306
8788 44461
8788 49859
8788 56978
8788 210340
8788 43380
12397 6768
13188 35297
13188 3255
13188 48919
13188 34331
13188 39422
13188 44019
15595 3255
15595 48919
15595 34065
15595 44078
15595 51367
15595 56688
15595 197454
15595 203447
15596 199995
15596 15895
15596 8647
15596 60812
16223 3326
16223 48919
16223 44318
16223 50303
16223 59652
16223 216012
21310 3255
21310 48081
21310 58055
21379 48919
21379 13281
21379 41288
21379 44892
21379 43576
24812 199995
24812 35297
24812 3255
24812 15895
24812 48919
24812 6723
24812 34355
24812 41165
24812 41360
24812 47517
24812 47898
24945 3255
24945 29683
24945 57493
24945 200381
25282 3255
25282 51197
29436 6846
30779 199995
30779 3326
30779 48919
30849 6846
30859 21219
31061 13249
31061 48919
31272 48919
31272 41724
31272 59500
31272 216291
31343 35297
31343 48919
34190 12963
34190 21497
34190 48911
34661 3255
34661 48919
34700 3326
34700 48919
34700 2601
34700 29146
34700 56439
34700 57545
34700 197726
34700 209117
34700 210115
35067 199995
35067 35297
35067 3255
35067 48919
35319 48964
35365 48919
35365 43576
35614 6768
35614 3326
35614 48919
35614 21029
35614 29035
35614 44383
35614 51738
35614 56465
35614 58199
35614 60334
35614 60918
35614 198958
35614 202390
35614 208531
35614 212003
35614 212343
35614 215950
35731 13249
39056 199995
39056 41084
39056 60159
39066 3255
39066 15577
39431 199995
39695 41305
39862 3326
39862 48919
41119 6768
41119 35297
41119 48919
41119 51962
41244 50579
41305 199995
41305 3326
41305 15895
41305 8772
41967 3326
41967 48919
41967 13202
41967 20539
41967 24999
41967 48892
41967 51874
41967 51972
41967 60313
41967 197058
42195 51273
42396 35297
42396 48919
42396 39928
42396 41987
42396 56459
42396 208241
42396 215765
42504 13249
42504 48919
42504 30860
42504 34312
42504 48437
42504 57774
42504 31148
42530 35297
42723 6768
42723 48919
42905 6768
42905 48919
42905 43384
42905 44800
42905 52128
42905 56401
42905 202483
42905 206621
43047 197522
43137 3326
43258 35297
43258 3255
43418 48919
43418 39810
43418 57703
43418 59461
43576 57455
43576 48919
43576 39049
43576 39331
43576 50864
43576 204541
43576 207085
43764 199995
43764 35297
43764 48919
43764 25403
43764 197602
44032 48919
44032 56524
44032 21488
44291 21497
44291 48919
44416 197563
44416 6768
44416 35297
44416 48422
44416 48919
44416 29559
44416 51962
44416 203088
44482 3326
44482 35297
44482 48919
47517 25143
47702 3326
47702 3255
47702 48919
47702 47821
47702 56385
47702 198238
47702 212643
47702 213187
47811 12593
48243 48919
48243 203447
48919 199995
48919 197563
48919 6768
48919 48648
48919 43668
48919 3326
48919 12687
48919 13249
48919 35297
48919 12963
48919 3255
48919 21497
48919 34867
48919 15895
48919 48422
48919 41820
48919 44019
48919 39027
48919 48650
48919 50648
48919 41320
48919 12548
48919 212983
48919 34187
48919 48683
48919 208791
48919 24579
48919 210169
48919 48533
48919 25521
48919 51784
48919 44664
48919 58221
48919 49720
48919 50130
48919 41710
48919 56668
48919 51216
48919 51874
48919 31149
48919 50579
48919 60777
48919 42546
48919 204288
48919 42352
48919 204875
48919 50115
48919 34058
48919 41009
48919 49747
48919 198356
48919 56485
48919 49984
48919 34214
48919 49461
48919 12998
48919 8258
48919 40983
48919 30860
48919 34312
48919 59577
48919 49359
48919 208846
48919 34359
48919 34259
48919 25082
48919 39199
48919 35362
48919 52191
48919 44629
48919 41165
48919 196939
48919 49223
48919 196645
48919 51500
48919 15461
48919 197221
48919 29203
48919 50864
48919 16066
48919 50487
48919 204684
48919 44668
48919 43309
48919 50004
48919 50012
48919 6846
48919 8772
48919 12294
48919 12662
48919 12788
48919 13307
48919 15377
48919 15742
48919 16007
48919 20516
48919 20539
48919 20714
48919 21312
48919 21488
48919 21500
48919 24593
48919 24995
48919 25133
48919 25143
48919 25150
48919 25372
48919 25500
48919 25526
48919 28773
48919 28994
48919 29067
48919 30886
48919 31173
48919 31633
48919 31725
48919 34056
48919 34251
48919 34265
48919 34743
48919 35004
48919 35352
48919 35602
48919 39315
48919 39399
48919 39422
48919 39512
48919 39822
48919 41096
48919 41631
48919 41985
48919 42331
48919 42512
48919 42711
48919 42714
48919 42798
48919 43022
48919 43332
48919 43633
48919 43656
48919 43896
48919 44383
48919 44837
48919 47283
48919 47898
48919 47900
48919 48094
48919 48117
48919 48229
48919 48438
48919 48557
48919 48897
48919 3254
48919 6698
48919 6702
48919 6723
48919 6807
48919 8192
48919 8601
48919 8779
48919 8856
48919 8870
48919 12438
48919 12593
48919 12700
48919 13032
48919 13053
48919 16044
48919 20833
48919 24703
48919 25386
48919 25482
48919 25505
48919 29074
48919 29491
48919 29534
48919 31148
48919 35213
48919 35325
48919 35562
48919 35795
48919 39065
48919 39297
48919 39361
48919 39608
48919 39810
48919 39848
48919 39928
48919 41360
48919 41435
48919 41586
48919 41871
48919 42066
48919 42458
48919 42510
48919 43103
48919 43110
48919 43133
48919 43380
48919 43409
48919 44193
48919 44628
48919 44827
48919 44863
48919 44894
48919 47359
48919 47513
48919 47705
48919 48239
48919 48278
48919 48641
48919 49038
48919 49183
48919 49327
48919 49827
48919 50576
48919 51069
48919 51273
48919 51367
48919 51380
48919 51528
48919 51742
48919 52003
48919 56354
48919 56399
48919 56400
48919 56401
48919 56522
48919 56600
48919 56639
48919 56834
48919 56899
48919 57049
48919 57944
48919 57981
48919 57999
48919 58066
48919 59492
48919 59497
48919 59514
48919 59536
48919 59636
48919 60159
48919 60173
48919 60754
48919 60860
48919 61159
48919 61297
48919 61371
48919 62206
48919 196740
48919 196863
48919 196906
48919 196924
48919 196957
48919 197058
48919 197218
48919 197522
48919 198030
48919 198251
48919 202165
48919 203447
48919 203706
48919 204619
48919 204889
48919 206907
48919 207085
48919 207114
48919 207802
48919 209002
48919 209825
48919 210442
48919 212118
48919 212372
48919 212397
48919 212641
48919 213389
48919 213494
48919 214379
48919 215699
48919 48964
48919 49125
48919 49168
48919 49588
48919 49824
48919 49883
48919 50392
48919 50633
48919 50803
48919 50856
48919 51279
48919 51314
48919 51357
48919 51597
48919 51972
48919 52074
48919 56347
48919 56543
48919 56835
48919 57102
48919 57197
48919 57800
48919 60359
48919 60401
48919 60812
48919 60953
48919 196777
48919 197131
48919 197251
48919 197520
48919 197726
48919 198227
48919 198720
48919 200000
48919 200582
48919 201094
48919 202353
48919 202668
48919 203008
48919 203980
48919 204384
48919 204455
48919 206621
48919 207488
48919 207858
48919 208941
48919 209106
48919 209116
48919 212604
48919 213996
48919 215065
48964 199995
48964 197563
48964 21497
48964 60159
48964 15742
48964 30771
48964 34259
48964 39445
48964 41871
48964 42489
48964 56459
48964 56623
48964 56932
48964 57670
48964 197228
48964 197364
48964 213361
48964 202668
49223 199995
49223 35297
49223 3255
49223 21497
50115 35297
50115 201803
50115 211250
51216 6768
51273 35297
51273 34867
51597 3326
52071 3255
52180 199995
52180 6768
52180 35297
52180 48422
52180 49588
52180 51962
56404 6768
56404 3326
56404 35213
56600 3326
56600 35297
56600 60812
56639 199995
56639 35297
57049 199995
57049 35297
57049 35004
57049 42719
57049 44866
57102 199995
57767 3255
57800 51995
58055 199995
58055 48081
58055 49817
58055 57582
58055 208139
58055 209664
59681 44894
60953 61034
62146 44894
62327 35297
62327 3255
196740 199995
196740 35297
196740 3255
196939 6768
196939 62206
197520 13249
197520 205228
197602 21497
198251 3326
198356 201803
201094 3255
201094 41009
202353 199995
202353 6768
202353 35297
204461 3255
204461 49824
204552 199995
204552 15895
204552 8772
204929 3326
204929 35297
205318 199995
205318 35297
207488 24703
207802 43103
207858 35297
207858 34056
209863 35297
209863 205946
209863 210749
210069 44863
211190 3326
211190 48641
212118 6768
212118 35297
212118 213494
213389 28773
24579 3326
24579 35297
48422 9205
48422 25143
48422 29443
48422 33927
48422 34323
48422 43110
48422 44673
48422 45045
48422 47513
48422 51903
48422 52103
48422 56526
48422 56812
48422 202165
48422 202390
48422 203088
48422 203980
48422 208531
48422 209117
48422 212621
29186 3326
29186 35297
29186 48775
29186 56543
29186 57954
29186 203008
29688 35297
31173 16066
35296 3255
35296 50569
39147 3326
39147 15895
41478 16213
41478 41285
42057 15895
44321 48641
44321 210541
44434 21488
49087 15895
49720 196934
49720 29491
49883 3326
49883 35297
49883 48775
49883 57954
49883 203008
50361 3326
50361 12963
56485 6768
56485 48641
56543 199995
56812 199995
56851 3255
56851 59577
56851 21500
57894 15895
59762 199995
59762 35297
60173 21219
60173 15895
61354 3326
61354 21497
61354 15895
197781 203447
197781 43103
199440 15895
199440 6702
199440 44894
200049 12963
200381 3326
200381 15895
202026 3326
202026 15895
202026 25386
204294 199995
204294 35297
204715 12963
204715 24703
205188 12883
206949 3255
206949 21497
207558 41820
208067 199995
208067 35297
210442 6768
210442 39199
211195 206907
41820 6846
41820 25099
41820 25482
41820 31234
41820 34204
41820 35800
41820 39043
41820 39307
41820 41513
41820 41940
41820 42014
41820 42641
41820 48162
41820 56622
41820 60700
41820 210490
28975 21219
41375 21497
41586 21488
45017 209548
48683 199995
48683 58032
56347 35297
56347 15738
58309 199995
58309 35297
58309 3255
58309 39199
58309 50043
58309 56489
210541 48641
210541 44996
12639 12963
12706 3326
12706 21219
29496 34251
34094 21219
34094 12963
34359 3255
34359 29013
34877 3326
35004 199995
35004 3326
35004 39297
35004 57519
35562 43380
35562 48641
35602 25150
39096 21219
39223 3326
41115 3326
41260 21219
42052 3326
42052 15895
42292 21219
43017 13249
43143 25386
43496 61297
43896 12963
43896 204283
44122 12963
45022 39513
47567 3326
47567 12593
48649 3326
49903 21219
49984 3326
49984 3255
49984 51500
50576 199995
50576 48648
50576 3255
50576 41009
51672 3255
51672 6703
56907 60159
57601 39608
58119 3326
59492 3255
59636 6723
64481 3326
196947 3326
198162 21497
198359 21219
200582 3326
201369 6846
203666 29491
205459 61297
206621 43051
206621 43384
206621 51993
206621 202538
209213 3326
209213 16066
209742 3326
210049 12963
210340 28994
210368 12593
210669 21497
210716 12883
210755 21219
211477 21219
212542 21219
212542 61297
213198 3326
215951 12963
35297 12963
35297 48648
35297 6846
35297 9205
35297 12662
35297 15738
35297 20516
35297 20714
35297 21228
35297 24703
35297 25071
35297 25386
35297 25553
35297 34056
35297 34187
35297 34251
35297 35325
35297 35586
35297 39065
35297 39222
35297 39422
35297 39443
35297 39512
35297 39608
35297 41009
35297 41096
35297 41129
35297 41320
35297 41871
35297 41985
35297 42066
35297 42350
35297 43022
35297 43103
35297 43656
35297 44019
35297 44628
35297 44629
35297 44827
35297 44837
35297 47673
35297 47705
35297 47898
35297 48045
35297 48117
35297 48278
35297 48411
35297 48438
35297 49125
35297 49162
35297 49327
35297 49971
35297 50321
35297 50392
35297 50633
35297 51121
35297 51157
35297 51194
35297 51315
35297 51367
35297 51903
35297 52128
35297 56321
35297 56400
35297 56489
35297 56652
35297 56673
35297 56835
35297 57197
35297 57726
35297 57887
35297 57944
35297 58162
35297 58196
35297 58297
35297 59497
35297 59564
35297 59577
35297 59956
35297 60754
35297 61371
35297 62259
35297 196906
35297 197035
35297 197131
35297 197255
35297 197327
35297 197388
35297 197490
35297 197901
35297 198108
35297 198253
35297 200737
35297 203980
35297 204584
35297 204619
35297 204889
35297 206975
35297 208139
35297 208791
35297 208876
35297 209116
35297 209117
35297 210012
35297 210068
35297 210241
35297 211130
35297 211570
35297 212372
35297 212432
35297 212463
35297 212571
35297 212983
35297 213024
35297 213159
35297 213228
35297 213494
35297 215042
35297 25133
199995 57455
199995 43668
199995 6846
199995 12438
199995 15377
199995 16044
199995 20536
199995 20934
199995 21151
199995 21256
199995 25210
199995 25502
199995 25553
199995 30886
199995 34142
199995 34265
199995 34743
199995 39128
199995 39199
199995 39315
199995 39667
199995 39762
199995 40983
199995 41096
199995 41435
199995 41773
199995 42066
199995 42146
199995 42798
199995 43998
199995 44443
199995 44837
199995 44894
199995 47673
199995 47898
199995 48094
199995 48229
199995 49125
199995 49461
199995 49747
199995 49817
199995 50012
199995 50130
199995 50321
199995 50487
199995 50803
199995 51367
199995 51380
199995 51784
199995 51950
199995 56423
199995 56673
199995 56716
199995 57197
199995 57981
199995 58221
199995 60401
199995 60777
199995 60860
199995 62259
199995 64410
199995 196863
199995 197388
199995 197490
199995 197688
199995 198323
199995 200737
199995 202668
199995 203008
199995 203088
199995 204685
199995 204875
199995 204889
199995 206259
199995 207506
199995 207889
199995 208139
199995 209229
199995 209616
199995 212571
199995 212604
199995 212641
199995 213024
199995 197563
16327 3255
24872 6768
24872 28830
24872 212843
25082 3255
25082 45043
25082 56823
39762 3326
42174 3255
48045 197847
51528 56386
51528 15738
51528 51279
51528 197251
51528 198030
51742 42512
51993 35588
51993 47389
51993 60159
56386 56610
56386 49327
56386 43022
57197 41009
196777 207422
57455 34056
57455 34251
57455 34312
57455 39848
57455 42546
57455 44863
57455 51380
57455 59956
57455 61371
57455 206907
34056 41917
34056 42824
34056 44526
34056 44668
34056 48438
34056 49139
34056 198227
34056 198593
34056 201948
34056 206791
34056 209825
34056 210050
34251 3255
34251 8461
34251 24593
34251 25174
34251 31158
34251 42556
34251 44827
34251 51622
34251 198720
34312 3326
34312 20971
39848 41435
39848 206907
42546 48648
44863 33927
44863 34323
51380 48648
51380 197263
206907 41435
43668 20516
43668 28773
43668 28858
43668 29074
43668 35144
43668 41435
43668 41645
43668 43050
43668 43743
43668 48693
43668 49804
43668 51124
43668 51824
43668 51943
43668 57285
43668 57697
43668 57999
43668 59485
43668 197172
43668 198754
43668 204289
43668 204707
43668 204788
43668 205178
43668 206964
43668 207690
43668 208369
43668 209548
43668 211707
6846 8601
6846 12803
6846 16007
6846 28804
6846 29044
6846 41166
6846 41987
6846 42112
6846 42134
6846 47919
6846 49589
6846 56751
6846 197978
6846 198033
6846 198600
6846 199013
6846 202845
6846 203477
6846 205364
6846 210353
12438 3326
12438 21497
15377 25210
15377 213009
16044 48648
16044 208433
16044 212438
20536 3255
20934 44495
21151 3255
21151 211171
21256 3255
25210 3326
25210 15895
30886 3255
30886 15577
30886 49827
30886 207301
30886 48957
34142 3326
34265 3326
34265 21497
34265 50856
34265 51794
34265 206112
34743 15895
39128 3255
39199 16005
39199 20714
39199 29574
39199 211570
39199 212983
39199 43380
39315 3255
39315 51500
39667 35213
40983 3255
40983 208538
41096 3255
41096 60812
41435 39334
41435 42510
41435 57001
41435 57709
41435 197901
41435 201184
41435 213226
42146 3326
42146 56932
42798 34187
42798 44837
43998 39513
44443 3255
44443 49824
44837 3255
44894 6768
44894 56459
44894 58099
44894 211621
44894 213009
47673 15895
47898 3255
48094 3326
48229 34867
48229 34321
49125 3326
49125 3255
49125 21497
49125 29044
49125 31145
49125 204889
49747 3326
49817 6768
50130 48648
50130 3326
50321 3326
50487 6768
50487 3255
50803 3255
51784 3326
51784 3255
51950 13249
56423 3326
56423 28773
56716 3326
57981 43103
58221 43332
58221 44630
58221 212560
58221 209116
60777 13249
60777 215699
60777 51500
60777 25229
60860 13249
64410 15895
64410 8772
197388 21096
197688 3326
203008 20950
203008 48641
204685 60159
204875 44383
204875 62206
204889 6768
204889 3255
207506 6768
207506 3326
207889 21497
207889 43633
208139 3326
208139 21497
209616 15895
212604 3326
212604 28773
197563 6768
197563 48648
6768 6702
6768 9205
6768 21376
6768 29475
6768 31633
6768 35362
6768 39065
6768 39608
6768 42510
6768 44628
6768 49588
6768 51121
6768 52045
6768 52103
6768 56400
6768 59564
6768 61101
6768 197131
6768 197278
6768 202845
6768 209002
6768 210241
6768 211171
6768 212621
6768 212983
48648 8870
48648 12788
48648 12998
48648 20979
48648 41485
48648 41917
48648 43497
48648 44006
48648 48385
48648 48557
48648 48748
48648 49337
48648 49359
48648 49804
48648 51824
48648 196924
48648 197481
48648 202302
48648 204707
48648 205957
48648 207301
48648 208405
48648 210092
48648 210975
48648 211218
48648 214190
48648 214981
48648 13249
6702 3326
6702 3255
6702 21497
6702 5530
6702 8719
6702 20897
6702 24857
6702 34668
6702 41150
6702 47590
6702 48085
6702 56932
6702 58099
6702 196829
6702 211744
6702 212821
9205 29559
9205 49588
31633 3255
31633 207403
35362 3326
35362 43361
35362 57349
35362 210073
35362 60159
39065 3255
39065 47664
39608 13121
39608 29342
39608 33817
39608 41781
39608 41911
39608 43120
39608 47475
39608 49332
39608 51180
39608 57985
39608 202103
39608 205673
39608 213108
44628 48674
44628 48696
59564 3255
59564 60812
197131 60812
202845 21497
202845 43022
202845 43633
209002 8772
8870 35680
8870 12963
12788 12998
12788 28724
12788 29074
12998 13249
12998 38931
12998 41485
12998 48560
44006 12593
48557 48641
207301 8772
210092 20516
214981 3326
20516 48957
28773 3255
28773 8779
28773 29469
28773 35325
28773 43301
28773 56522
28858 35689
29074 13249
29074 25143
29074 25199
35144 42352
48693 208846
51943 16066
57285 29382
57285 43409
57697 42352
57697 41062
57999 34867
204788 51794
205178 12963
3326 12687
3326 13249
3326 21219
3326 35680
3326 3236
3326 8192
3326 8207
3326 8258
3326 8494
3326 8601
3326 8779
3326 9202
3326 12545
3326 12803
3326 15742
3326 15785
3326 16005
3326 20539
3326 20833
3326 20850
3326 20897
3326 20950
3326 21075
3326 21312
3326 21500
3326 24725
3326 24995
3326 25150
3326 25165
3326 25229
3326 25386
3326 25500
3326 25521
3326 29067
3326 29215
3326 29574
3326 29683
3326 31158
3326 31520
3326 31589
3326 33999
3326 34058
3326 34065
3326 35123
3326 35586
3326 39130
3326 39222
3326 39299
3326 39443
3326 39468
3326 39822
3326 41502
3326 41510
3326 41813
3326 42041
3326 42138
3326 42164
3326 42327
3326 42350
3326 42352
3326 42501
3326 42545
3326 42620
3326 42648
3326 42655
3326 42711
3326 43022
3326 43049
3326 43067
3326 43163
3326 43380
3326 43409
3326 43656
3326 43774
3326 43981
3326 44383
3326 44664
3326 44695
3326 44873
3326 47772
3326 47940
3326 48085
3326 48217
3326 48230
3326 48438
3326 49019
3326 49139
3326 49599
3326 50004
3326 50165
3326 50303
3326 50325
3326 50494
3326 50633
3326 50808
3326 51315
3326 51734
3326 51874
3326 51959
3326 51972
3326 52032
3326 52151
3326 56435
3326 56492
3326 56623
3326 56823
3326 57599
3326 59497
3326 59826
3326 60031
3326 60754
3326 60990
3326 61058
3326 61384
3326 61959
3326 64455
3326 196645
3326 196824
3326 196953
3326 197058
3326 197221
3326 197364
3326 197512
3326 197681
3326 197707
3326 197743
3326 197967
3326 197978
3326 198152
3326 198314
3326 198491
3326 199351
3326 199447
3326 200000
3326 200288
3326 201104
3326 201780
3326 202404
3326 202622
3326 202879
3326 204408
3326 205097
3326 206158
3326 206823
3326 207114
3326 207123
3326 209233
3326 209398
3326 209647
3326 209912
3326 210012
3326 210353
3326 210721
3326 211744
3326 212372
3326 212431
3326 212790
3326 212821
3326 215001
12687 3319
12687 13032
12687 25500
12687 29599
12687 31206
12687 47306
12687 50569
12687 51500
12687 51652
12687 204879
12687 205656
12687 212397
13249 15577
13249 20539
13249 20660
13249 20833
13249 21257
13249 25505
13249 31725
13249 38961
13249 39742
13249 39928
13249 41910
13249 44352
13249 47283
13249 50831
13249 56415
13249 197241
13249 200000
21219 21096
21219 21432
21219 29102
21219 29335
21219 41583
21219 41656
21219 41685
21219 43753
21219 44049
21219 47919
21219 48178
21219 50298
21219 50847
21219 51851
21219 56751
21219 56756
21219 59646
21219 60030
21219 62096
21219 196632
21219 196645
21219 198488
21219 198532
21219 204573
21219 208643
21219 209748
21219 210353
21219 211455
21219 212730
35680 30860
35680 31437
35680 39528
35680 43773
35680 44351
35680 44820
35680 51264
35680 51743
35680 57167
35680 57682
35680 59585
35680 207560
8192 3255
8258 21497
8258 199313
8779 29663
9202 43022
9202 43633
12803 31725
15742 51500
20539 13202
20539 21312
20897 3255
21312 3255
21312 24999
21312 51874
21312 51972
21312 197058
21500 15800
21500 20709
21500 21437
21500 24618
21500 30790
21500 31598
21500 60455
21500 199263
21500 62206
24995 44950
25150 44235
25165 12963
25229 43301
25386 29342
25386 31091
25386 41987
25386 202504
25386 207577
25386 208467
25386 209732
25386 214229
25500 20660
25521 25119
25521 64418
29067 34867
29067 49859
29215 15895
29683 197035
31589 21497
33999 62206
33999 29213
33999 39299
34058 60812
39222 15895
39299 34867
39443 3255
39468 39851
39822 3255
39822 41009
41510 12963
42041 21497
42164 12593
42327 21497
42352 12963
42352 42068
42352 209593
42501 3255
42620 6703
42655 57944
43022 3255
43022 15895
43022 31468
43022 42671
43022 42714
43022 47359
43022 56610
43022 60754
43022 210572
43067 43543
43380 21488
43380 196831
43380 197058
43380 62206
43409 44461
43981 15895
44383 31072
44383 42095
44383 49389
44383 52182
44383 57441
44383 60455
44383 203706
44383 210169
44664 25133
44695 15738
47772 15895
47940 12883
48217 21497
48230 21488
49019 34867
49019 24703
50165 44495
50303 3255
50325 3255
50325 24893
51874 39422
51959 21497
51959 51903
51972 39422
52032 15895
52151 21497
56492 15895
56623 12963
59497 3255
59497 15895
59497 39399
59497 50161
59497 51253
59497 197218
59826 21497
60990 16066
61058 47513
61959 62206
196824 43103
196953 3255
197221 15895
197512 12963
198152 12963
198491 51903
198491 62206
199447 29491
200000 3255
200000 49570
200000 200525
201104 29491
201780 12593
202622 21497
202879 3255
202879 48957
204408 21497
205097 15895
206158 12963
206823 15895
207114 31593
207114 43320
207123 34605
209398 21497
209647 21497
209912 12963
209912 3255
210353 15895
210353 209748
210721 12963
212372 3255
212372 15895
212372 210327
212372 49824
212821 15895
13032 29095
13032 29491
50569 3255
51500 49827
51500 56797
51500 199697
51500 204288
51500 210987
51652 12963
51652 12593
212397 62206
212397 6807
212397 47743
212397 212343
15577 41568
15577 42105
20660 41910
25505 3255
31725 3255
31725 50879
31725 56524
38961 51694
39928 15895
39928 29242
39928 29389
41910 34867
44352 12963
47283 41009
47283 203198
50831 34867
21096 209116
21096 29335
29102 12963
41583 12963
41656 15895
41656 61297
41656 12883
41685 21497
43753 15895
44049 28994
47919 210613
48178 12963
50847 34867
51851 12963
60030 6703
62096 3255
62096 15895
62096 209116
204573 204540
209748 3255
30860 3255
30860 31469
30860 6698
39528 13307
51264 8772
57167 34867
12963 3254
12963 8856
12963 12548
12963 12986
12963 13027
12963 24681
12963 25315
12963 25526
12963 29130
12963 29382
12963 29534
12963 31009
12963 31091
12963 34776
12963 35345
12963 35524
12963 39722
12963 41328
12963 41781
12963 42600
12963 44526
12963 47170
12963 47900
12963 48756
12963 49622
12963 49971
12963 50748
12963 52066
12963 57202
12963 57422
12963 60419
12963 62066
12963 64418
12963 196831
12963 197501
12963 198845
12963 199313
12963 199431
12963 201920
12963 202750
12963 204283
12963 204892
12963 207577
12963 208467
12963 208558
12963 208971
12963 209115
12963 209977
12963 211967
12963 214096
12963 215065
12963 42331
15738 3255
15738 34579
15738 47359
24703 20733
24703 25236
24703 34792
24703 35524
24703 48730
24703 49227
24703 213159
34187 3255
34187 15713
34187 31593
34187 57962
34187 197192
35325 51903
39512 3255
41009 41229
41009 43744
41009 205127
41009 211947
41129 3255
41320 8811
41320 47513
41320 51903
41871 39445
41985 48845
41985 56668
43103 3255
43103 29597
43103 41285
43103 203447
47705 197738
48117 3255
48278 8772
48278 35530
48278 47280
48278 47678
48278 48279
48278 48587
48278 60828
50392 3255
50392 39084
50392 43815
50392 47361
50392 48775
50392 57954
50392 59682
51903 50281
57944 15895
58162 15895
59577 39247
196906 61163
196906 213752
196906 49824
197035 15895
197035 28750
197327 49824
198108 12593
203980 49389
203980 203706
204584 3255
204584 15895
204619 215699
209116 21497
209116 29375
209116 43332
210068 21497
212463 57519
213228 48641
3254 35442
3254 209732
3254 214229
8856 3255
12986 3255
12986 47415
13027 21497
25526 29491
29382 50848
31009 13307
35345 34867
39722 21497
47170 16066
50748 28994
52066 34867
60419 15895
196831 25372
197501 34867
198845 21497
201920 16066
208558 28994
211967 34867
214096 15895
215065 61297
42331 47987
3255 2864
3255 6723
3255 24593
3255 24893
3255 25143
3255 25498
3255 28996
3255 29213
3255 29375
3255 30891
3255 31234
3255 31556
3255 34448
3255 34715
3255 34814
3255 35688
3255 39084
3255 39471
3255 41285
3255 41323
3255 41360
3255 41568
3255 41631
3255 41649
3255 42014
3255 42105
3255 42458
3255 43175
3255 43206
3255 44209
3255 44411
3255 47266
3255 47361
3255 47743
3255 47799
3255 48082
3255 48323
3255 48420
3255 48533
3255 48664
3255 48672
3255 48957
3255 49204
3255 49480
3255 49827
3255 50579
3255 50648
3255 50662
3255 50742
3255 50861
3255 51622
3255 51858
3255 52017
3255 56797
3255 57519
3255 57954
3255 58021
3255 58332
3255 59671
3255 60700
3255 61986
3255 62384
3255 196790
3255 196975
3255 197073
3255 197522
3255 197610
3255 198720
3255 200337
3255 200814
3255 204288
3255 205420
3255 206257
3255 207085
3255 208038
3255 208941
3255 209806
3255 210327
3255 210514
3255 212401
3255 212825
3255 212955
3255 215483
6723 13307
6723 15683
6723 43967
24593 8461
24593 198720
24593 206462
25143 25529
29375 48957
31556 25398
34448 24682
34814 29116
34814 39916
34814 43086
41285 25503
41323 50579
41360 31347
41360 39916
41360 44344
41360 48783
41360 50730
44209 50579
44411 60812
48323 52190
48323 57949
48323 59652
48664 48957
48672 6703
48957 49824
48957 35166
48957 43864
48957 43880
48957 58021
48957 59468
48957 210987
49204 209487
56797 49824
57519 15895
197522 49183
197522 39680
197610 15895
197610 6703
200337 15895
200814 49824
204288 207930
204288 207931
208038 21497
208038 15895
210514 49824
212401 6703
215483 15895
21497 34867
21497 6703
21497 12294
21497 12593
21497 12883
21497 16007
21497 24682
21497 25099
21497 25372
21497 29491
21497 30735
21497 31062
21497 31148
21497 31504
21497 34068
21497 34118
21497 34143
21497 34605
21497 34668
21497 39230
21497 41940
21497 42489
21497 42719
21497 42799
21497 43309
21497 44800
21497 47359
21497 47415
21497 48775
21497 49168
21497 52003
21497 56439
21497 56522
21497 57441
21497 57670
21497 57787
21497 57962
21497 59602
21497 198429
21497 203930
21497 204541
21497 205722
21497 210330
21497 211741
21497 214324
34867 34214
34867 41027
34867 42074
34867 42824
34867 42982
34867 43133
34867 47889
34867 50221
34867 50864
6703 12883
6703 197067
12593 25269
12593 41600
12593 50480
12593 51475
12593 57341
12593 197373
12593 199098
12593 205228
12593 205905
12883 40978
12883 42112
12883 49213
12883 204256
12883 204370
16007 38960
25372 60359
25372 64454
25372 198224
29491 31023
29491 35308
29491 43310
29491 44952
29491 50074
29491 196758
29491 197254
29491 209107
29491 210056
29491 210330
29491 210421
31148 20971
31148 25174
31148 60318
31148 198238
34605 43633
39230 60159
43309 44340
43309 209907
43309 49183
49168 25482
49168 42782
52003 49183
56439 15895
57962 45044
41027 44668
50864 57804
15895 13281
15895 28750
15895 31305
15895 39399
15895 39644
15895 41834
15895 41987
15895 42134
15895 43543
15895 44616
15895 47513
15895 48656
15895 49213
15895 50401
15895 56524
15895 60455
15895 60746
15895 202362
15895 203477
15895 204256
15895 204370
15895 204701
39399 48665
39399 50005
39399 50211
39399 59652
39399 208965
29443 25015
43110 49389
43110 208531
56526 62206
25482 42782
25482 35213
34204 39348
52191 8772
29203 62206
8772 13023
8772 16181
8772 35352
8772 48031
8772 50375
8772 59682
8772 198227
8772 205905
13307 43967
13307 197582
13307 207896
13307 212375
21488 29637
21488 42068
21488 43145
21488 47403
21488 48239
21488 50899
21488 51875
21488 56527
21488 57270
21488 57349
21488 59536
21488 61297
21488 213108
28994 31023
28994 49306
28994 198124
35352 197341
42512 57985
42512 212438
42714 43633
43332 210056
43332 212560
43633 56610
43633 57686
48897 62206
6698 60812
6807 62206
35213 209106
44193 61159
48239 31350
48239 41283
48239 41588
48239 200333
48239 200354
48239 200357
48239 209971
48239 210037
48239 210177
48239 210185
48239 210186
48641 35057
48641 43312
48641 44866
48641 44996
48641 59514
48641 198227
48641 203303
48641 210073
49183 25155
49183 34399
49183 49491
49183 52074
56399 62206
56834 48915
56899 31685
56899 50305
56899 212048
60159 35588
60159 39513
60159 39908
60159 44294
60159 44921
60159 202538
60159 204384
60159 210896
60159 212375
61297 28790
61297 40978
61297 51122
61297 204455
61297 210364
61297 214379
62206 2601
62206 20709
62206 28974
62206 31187
62206 50281
62206 50751
62206 50772
62206 51738
62206 57100
62206 58199
62206 196957
62206 197726
62206 212003
49824 51803
49824 198820
49824 207475
49824 207830
49824 210987
49824 213979
197726 49227
198227 210526
50459 51962
15713 39557
31593 43320
198033 198395
50043 49561
206791 210394
43306 47315
43306 31360
41600 48377
13121 49995
39331 41316
35530 35583
35530 43348
44294 212761
28974 48962
