49666 12880
49666 25184
49666 31549
49666 41689
49666 42440
49666 48159
49666 58224
49666 205647
49666 39200
49666 44244
49666 47188
49666 48903
49666 57218
49666 197207
49666 202468
49666 42337
49666 48147
12880 42337
12880 58224
12880 60148
12880 21341
12880 24631
12880 29068
12880 31303
12880 34592
12880 41881
12880 48434
12880 50810
12880 51074
12880 57292
12880 59441
12880 62238
12880 200370
12880 202251
12880 202735
12880 205207
25184 42867
25184 42907
25184 43211
25184 43528
25184 43657
25184 44243
25184 44889
25184 48601
25184 49099
25184 49103
25184 50057
25184 51460
25184 59757
25184 59884
25184 60315
25184 62265
25184 201442
25184 203616
25184 204533
25184 205521
25184 205837
25184 207409
25184 207655
25184 208555
25184 209544
25184 211703
25184 212631
25184 213682
25184 214184
25184 214570
25184 215679
25184 42337
31549 1756
31549 29068
31549 44436
31549 50795
31549 56486
31549 60014
31549 61173
31549 62198
31549 64458
31549 198154
31549 200324
31549 201295
31549 201703
31549 201999
31549 203100
31549 204104
31549 204955
31549 208161
31549 208264
31549 211904
31549 212607
31549 213732
31549 213807
31549 214078
31549 214225
31549 216131
31549 216169
31549 205647
41689 43754
42440 16322
42440 56402
48159 58224
48159 1756
48159 16286
48159 21341
48159 47603
48159 202735
48159 202798
48159 206596
48159 210877
48159 211491
48159 212227
58224 1756
58224 5542
58224 5618
58224 5627
58224 8868
58224 9147
58224 21419
58224 24707
58224 29068
58224 29079
58224 31182
58224 35088
58224 35285
58224 35690
58224 41061
58224 42915
58224 43395
58224 43487
58224 43510
58224 43528
58224 43965
58224 44045
58224 44208
58224 44243
58224 44400
58224 44410
58224 48121
58224 48147
58224 48898
58224 49103
58224 49148
58224 49207
58224 49556
58224 49796
58224 50692
58224 50733
58224 51235
58224 51241
58224 51280
58224 51411
58224 57241
58224 57457
58224 57563
58224 57574
58224 57577
58224 57986
58224 58331
58224 59553
58224 59754
58224 59912
58224 59962
58224 60014
58224 60340
58224 60407
58224 60638
58224 60811
58224 60887
58224 61129
58224 61173
58224 61246
58224 61248
58224 61962
58224 62198
58224 62334
58224 200406
58224 201259
58224 201295
58224 201689
58224 203026
58224 203102
58224 203684
58224 203798
58224 203951
58224 204001
58224 204213
58224 204650
58224 204686
58224 204813
58224 205588
58224 205833
58224 205837
58224 205883
58224 207817
58224 208072
58224 208703
58224 209279
58224 209462
58224 209596
58224 210609
58224 210695
58224 210820
58224 211162
58224 211419
58224 211670
58224 212476
58224 213727
58224 214824
58224 216205
58224 60148
205647 43212
205647 43395
205647 43415
205647 49801
205647 58256
205647 62048
205647 204104
205647 211904
205647 212939
205647 214078
205647 215655
205647 216169
39200 6736
44244 56548
48903 43754
57218 25124
57218 62140
197207 43358
197207 61386
197207 202319
202468 42337
202468 41881
202468 205585
202468 47330
42337 5618
42337 9147
42337 12660
42337 15611
42337 16018
42337 16292
42337 16320
42337 24631
42337 29077
42337 29079
42337 29577
42337 35043
42337 35615
42337 35690
42337 39501
42337 39571
42337 39650
42337 41881
42337 42043
42337 42586
42337 42990
42337 43395
42337 43415
42337 43510
42337 43657
42337 44208
42337 44400
42337 44436
42337 44607
42337 47376
42337 48147
42337 48431
42337 48551
42337 48762
42337 48944
42337 49100
42337 49103
42337 49148
42337 49433
42337 49556
42337 49796
42337 49801
42337 49847
42337 50692
42337 51235
42337 51280
42337 51431
42337 51469
42337 51618
42337 51785
42337 52070
42337 52140
42337 52155
42337 57241
42337 58169
42337 58333
42337 59441
42337 59506
42337 59573
42337 59703
42337 59754
42337 59797
42337 59838
42337 59884
42337 59912
42337 59961
42337 59962
42337 60138
42337 60516
42337 60605
42337 60627
42337 61176
42337 61209
42337 61248
42337 61250
42337 61362
42337 61386
42337 62039
42337 62048
42337 62157
42337 62173
42337 62229
42337 62250
42337 62265
42337 62318
42337 198154
42337 198341
42337 198357
42337 199633
42337 200554
42337 200796
42337 201194
42337 201442
42337 202319
42337 202391
42337 203102
42337 203616
42337 204104
42337 204203
42337 204213
42337 204393
42337 204650
42337 204781
42337 204812
42337 204834
42337 204865
42337 204904
42337 205176
42337 205207
42337 205521
42337 205643
42337 205837
42337 205894
42337 206217
42337 206325
42337 207680
42337 208555
42337 208560
42337 209079
42337 209783
42337 209836
42337 210470
42337 210474
42337 210603
42337 210609
42337 211081
42337 211408
42337 211881
42337 212036
42337 212161
42337 212227
42337 212355
42337 212907
42337 213644
42337 213732
42337 213775
42337 213953
42337 214475
42337 214515
42337 214526
42337 214737
42337 214922
42337 215496
48147 213852
48147 21419
48147 57497
48147 205588
48147 213665
48147 216054
48147 216061
48147 64434
21341 51777
21341 201227
21341 24631
21341 49433
21341 6736
24631 47817
24631 48309
24631 50795
24631 51431
24631 52140
24631 56632
24631 57816
24631 59708
24631 59838
24631 61239
24631 201259
24631 202788
24631 203558
24631 206065
24631 206692
24631 206862
24631 208493
24631 210583
24631 216074
24631 206345
24631 204213
29068 6736
41881 43754
41881 204203
41881 39571
41881 44932
41881 51889
41881 43395
41881 210392
41881 48551
41881 5618
41881 48608
41881 202391
41881 203616
41881 62442
41881 60637
41881 211904
41881 50733
41881 204104
48434 49099
48434 49972
48434 61173
48434 204955
48434 210650
48434 212216
48434 215700
48434 6736
50810 43754
50810 39074
50810 208651
50810 205643
50810 35615
50810 61250
50810 56547
50810 41061
50810 42586
50810 47330
50810 49792
50810 51759
50810 51785
50810 52155
50810 57574
50810 60407
50810 62367
51074 43754
51074 61173
51074 51241
51074 49796
51074 207817
51074 59501
51074 50114
51074 50177
51074 206596
51074 39571
51074 205550
51074 52196
51074 13231
51074 35766
51074 42043
51074 52070
51074 206862
51074 208246
51074 21170
51074 215974
51074 57292
51074 59431
51074 41856
51074 42019
51074 42907
51074 41620
51074 56375
51074 62039
51074 207920
51074 59708
59441 48029
200370 49680
200370 56632
200370 57574
200370 203247
200370 203951
200370 209596
200370 212077
202251 49100
205207 198154
205207 214361
205207 214526
42867 6736
43211 60976
44889 31175
44889 51280
44889 56861
44889 57577
44889 58125
44889 59794
44889 61239
44889 62367
44889 64399
44889 211705
44889 215850
49099 43754
50057 43754
50057 205894
51460 34837
60315 16322
204533 49801
205521 60976
208555 60976
208555 204203
208555 51026
208555 204544
215679 43754
215679 61173
1756 49100
44436 204203
61173 43754
61173 60976
198154 206647
198154 207350
198154 214192
200324 43754
201295 43754
201295 60976
201295 47330
201999 43754
201999 60976
204104 43754
204955 43754
208161 43754
208161 60976
211904 211056
211904 214419
211904 214922
43754 16286
43754 31476
43754 34412
43754 34636
43754 34871
43754 34947
43754 35043
43754 42468
43754 43415
43754 44285
43754 44400
43754 44932
43754 47216
43754 47376
43754 48715
43754 49100
43754 49847
43754 50855
43754 51433
43754 51889
43754 56548
43754 57230
43754 57457
43754 57687
43754 58262
43754 60077
43754 60248
43754 60423
43754 60631
43754 61209
43754 61386
43754 62173
43754 64422
43754 197937
43754 200296
43754 200312
43754 201634
43754 201691
43754 203000
43754 203162
43754 204105
43754 204544
43754 206065
43754 208675
43754 209836
43754 210392
43754 211021
43754 211325
43754 211421
43754 211583
43754 211903
43754 212076
43754 212077
43754 212216
43754 212296
43754 212328
43754 212544
43754 213069
43754 213222
43754 213531
43754 213759
43754 213969
43754 214151
43754 214263
43754 215708
43754 215746
43754 215892
43754 215938
43754 216125
16322 60976
16322 49382
16322 51618
16322 56547
16322 61061
16322 62367
16322 204787
5542 6736
8868 47643
24707 6736
35285 6736
42915 34837
43395 213895
43395 51788
43395 57461
43395 203392
43965 6736
44400 5484
44400 212067
44400 215351
44400 59962
44400 204499
44400 62196
44400 56616
44400 58081
44400 58080
44400 47843
44400 58249
44400 198569
51235 59635
51235 60786
57241 34837
57563 206495
57986 39074
60638 6736
61129 206388
61246 39074
61962 51788
203684 206388
203684 57366
204650 62250
204650 39466
204650 197343
204650 212036
204650 213727
204650 215285
208072 34918
208703 39074
209596 25124
211162 200554
211162 62442
213727 34918
62048 47376
62048 60562
212939 47376
12660 6736
15611 34837
15611 44285
39650 49100
39650 207141
39650 214361
42990 6736
44607 47643
47376 49100
47376 48944
47376 210064
48551 12697
48551 64428
48551 62442
49100 49433
49100 200376
49100 34918
49100 39074
49100 44090
49100 48359
49100 206388
49100 208412
49100 200645
49100 59506
49100 57067
49100 15402
49100 56749
49100 201540
49100 43005
49100 21005
49100 59882
49100 205622
49100 56503
49100 3263
49100 208124
49100 39364
49100 15907
49100 200816
49100 60627
49100 56466
49100 200312
49100 49596
49100 203900
49100 58303
49100 48391
49100 62039
49100 201150
49433 25124
51431 210288
51431 212063
51431 214922
51431 60374
51431 205536
51431 200296
51469 34636
51469 57235
59573 59442
59703 206065
60138 34918
60627 50749
60627 51355
61250 39074
62039 39074
62229 62442
198357 215892
200554 215535
202319 60976
202391 47216
204203 60631
204203 216054
204203 214361
204834 56461
204834 57474
213775 216344
213953 42288
214526 210705
34412 60976
34412 34918
34636 39308
34636 47262
34636 57391
34636 205229
34871 60976
34947 206065
44285 58053
44285 51554
44285 56632
44285 34513
44285 50269
44285 64414
51889 211056
51889 200252
57687 60976
58262 60976
60248 213759
60631 60976
60631 47330
200296 211421
201691 60976
206065 202601
206065 214270
206065 203558
210392 215671
211421 215633
211421 214567
211421 211056
211421 213069
211421 206507
211421 203433
211421 200436
211421 205536
212077 34918
212077 62442
213759 48289
213759 214171
213759 50558
213759 59691
213759 206854
213759 41152
213759 44375
213969 215671
60976 25264
60976 47430
60976 49972
60976 52049
60976 59623
60976 60178
60976 61055
60976 62137
60976 197787
60976 197946
60976 200436
60976 201871
60976 203916
60976 208593
60976 215350
60976 216054
56547 6736
59623 34918
56461 44375
57474 206495
51026 215633
214431 34918
34918 202029
34918 205217
34918 207796
34918 210705
47817 6736
48309 206495
208493 6736
206345 208492
57235 56466
48359 203895
48359 199849
206388 16235
201540 201015
21005 50114
56503 42750
39364 48281
39364 49228
58303 56703
211056 214923
41620 6736
215671 214171
34837 208651
34837 31175
34837 51732
34837 203694
34837 6736
62442 50269
62442 61036
62442 214399
56861 48555
47330 205134
47330 210405
34513 64414
206854 213960
44375 58104
58104 6736
25124 205490
6736 25306
6736 43135
6736 47558
6736 47981
6736 50460
6736 56765
6736 57745
6736 202571
