9498 4755
9498 9730
9498 9829
9498 9885
9498 17439
9498 17665
9498 17754
9498 17762
9498 18002
9498 18209
9498 18229
9498 24186
9498 24309
9498 45117
9498 45804
9498 45820
9498 55410
9498 58965
9498 59191
9498 132116
9498 132215
9498 132770
9498 133275
9498 133296
9498 133676
9498 133720
9498 135817
9498 136334
9498 137085
9498 138754
9498 140171
9498 140641
9498 151690
9498 151755
9498 4797
9498 7593
9498 7633
9498 9223
9498 9227
9498 9430
9498 9796
9498 9830
9498 9836
9498 10029
9498 10125
9498 10215
9498 17426
9498 17436
9498 17465
9498 17466
9498 17541
9498 17625
9498 17648
9498 17747
9498 17753
9498 17817
9498 17825
9498 17903
9498 17917
9498 18120
9498 18166
9498 18223
9498 18225
9498 23664
9498 23860
9498 23872
9498 23994
9498 24003
9498 24055
9498 24084
9498 24109
9498 24127
9498 24216
9498 24222
9498 24327
9498 24332
9498 24397
9498 24448
9498 24471
9498 24501
9498 24515
9498 24560
9498 38000
9498 38029
9498 38058
9498 38174
9498 38185
9498 38188
9498 38191
9498 38204
9498 38224
9498 38271
9498 38275
9498 38306
9498 38312
9498 38314
9498 38468
9498 38476
9498 38571
9498 38573
9498 38594
9498 38625
9498 38746
9498 38799
9498 38857
9498 38872
9498 38902
9498 45119
9498 45148
9498 45154
9498 45219
9498 45232
9498 45264
9498 45272
9498 45284
9498 45357
9498 45417
9498 45432
9498 45466
9498 45518
9498 45526
9498 45528
9498 45535
9498 45573
9498 45574
9498 45582
9498 45596
9498 45609
9498 45625
9498 45649
9498 45655
9498 45663
9498 45742
9498 45747
9498 45749
9498 45765
9498 45767
9498 45769
9498 45775
9498 45801
9498 45815
9498 45825
9498 45854
9498 45942
9498 46068
9498 55333
9498 55341
9498 55353
9498 55428
9498 55446
9498 55448
9498 55459
9498 55474
9498 55563
9498 55570
9498 55574
9498 55578
9498 55705
9498 55712
9498 55734
9498 55740
9498 55764
9498 55806
9498 55947
9498 56061
9498 56201
9498 56202
9498 56268
9498 56272
9498 56283
9498 58371
9498 58522
9498 58590
9498 58594
9498 58664
9498 58702
9498 58872
9498 58898
9498 58902
9498 58906
9498 58909
9498 59165
9498 59169
9498 59178
9498 59185
9498 59188
9498 63935
9498 131169
9498 131190
9498 131210
9498 131215
9498 131255
9498 131262
9498 131265
9498 131269
9498 131283
9498 131302
9498 131459
9498 131473
9498 132004
9498 132028
9498 132075
9498 132089
9498 132108
9498 132115
9498 132135
9498 132137
9498 132152
9498 132272
9498 132278
9498 132303
9498 132308
9498 132329
9498 132338
9498 132349
9498 132371
9498 132378
9498 132384
9498 132388
9498 132401
9498 132417
9498 132428
9498 132445
9498 132453
9498 132507
9498 132523
9498 132540
9498 132542
9498 132557
9498 132559
9498 132563
9498 132566
9498 132711
9498 132717
9498 132760
9498 132763
9498 132768
9498 132771
9498 132774
9498 132781
9498 132785
9498 132787
9498 132878
9498 132893
9498 132922
9498 132923
9498 132931
9498 132933
9498 132944
9498 132948
9498 132954
9498 132957
9498 132960
9498 132962
9498 132964
9498 132965
9498 132968
9498 132970
9498 132991
9498 133000
9498 133006
9498 133028
9498 133055
9498 133087
9498 133088
9498 133225
9498 133227
9498 133231
9498 133236
9498 133240
9498 133255
9498 133256
9498 133258
9498 133262
9498 133266
9498 133269
9498 133274
9498 133276
9498 133278
9498 133279
9498 133280
9498 133285
9498 133291
9498 133299
9498 133300
9498 133301
9498 133303
9498 133317
9498 133324
9498 133491
9498 133593
9498 133640
9498 133650
9498 133657
9498 133659
9498 133661
9498 133669
9498 133671
9498 133684
9498 133685
9498 133686
9498 133689
9498 133695
9498 133708
9498 133951
9498 133961
9498 133971
9498 133974
9498 133981
9498 133984
9498 133985
9498 133989
9498 133990
9498 133992
9498 133995
9498 134001
9498 134011
9498 134017
9498 134019
9498 134027
9498 134029
9498 134032
9498 134033
9498 134034
9498 134036
9498 134040
9498 134041
9498 134050
9498 134060
9498 134173
9498 134225
9498 134252
9498 134260
9498 134267
9498 134277
9498 134284
9498 134285
9498 134286
9498 134295
9498 134305
9498 134306
9498 134310
9498 134316
9498 134322
9498 134332
9498 134375
9498 134430
9498 134475
9498 134513
9498 134556
9498 134674
9498 134793
9498 134796
9498 134803
9498 134854
9498 134862
9498 134863
9498 134867
9498 134868
9498 134874
9498 134876
9498 134880
9498 134888
9498 134909
9498 134910
9498 134912
9498 134918
9498 134938
9498 134964
9498 134975
9498 135086
9498 135133
9498 135139
9498 135181
9498 135188
9498 135192
9498 135193
9498 135197
9498 135206
9498 135216
9498 135217
9498 135223
9498 135234
9498 135235
9498 135238
9498 135239
9498 135244
9498 135245
9498 135247
9498 135253
9498 135263
9498 135278
9498 135299
9498 135422
9498 135569
9498 135682
9498 135695
9498 135705
9498 135719
9498 135722
9498 135724
9498 135740
9498 135758
9498 135763
9498 135773
9498 135775
9498 135801
9498 135806
9498 135808
9498 135812
9498 135819
9498 135826
9498 135828
9498 135832
9498 135833
9498 135843
9498 135845
9498 135847
9498 135851
9498 135857
9498 135858
9498 135863
9498 135867
9498 135872
9498 135876
9498 136138
9498 136153
9498 136166
9498 136172
9498 136179
9498 136230
9498 136283
9498 136284
9498 136285
9498 136287
9498 136289
9498 136306
9498 136308
9498 136311
9498 136324
9498 136327
9498 136330
9498 136336
9498 136351
9498 136357
9498 136368
9498 136377
9498 136437
9498 136447
9498 136575
9498 136622
9498 136626
9498 136629
9498 136632
9498 136633
9498 136635
9498 136648
9498 136649
9498 136651
9498 136652
9498 136666
9498 136680
9498 136683
9498 136684
9498 136685
9498 136694
9498 136697
9498 136698
9498 136708
9498 136714
9498 136716
9498 136720
9498 136890
9498 136956
9498 136985
9498 137000
9498 137088
9498 137092
9498 137104
9498 137107
9498 137108
9498 137109
9498 137114
9498 137130
9498 137143
9498 137152
9498 137155
9498 137158
9498 137164
9498 137172
9498 137173
9498 137225
9498 137282
9498 137494
9498 137602
9498 137611
9498 137622
9498 137640
9498 137654
9498 137659
9498 137662
9498 137666
9498 137670
9498 137673
9498 137677
9498 137849
9498 137972
9498 138159
9498 138202
9498 138219
9498 138222
9498 138244
9498 138250
9498 138270
9498 138277
9498 138279
9498 138282
9498 138285
9498 138300
9498 138304
9498 138310
9498 138311
9498 138425
9498 138711
9498 138718
9498 138720
9498 138727
9498 138734
9498 138743
9498 138745
9498 138746
9498 138756
9498 138762
9498 138767
9498 138774
9498 138785
9498 138786
9498 138788
9498 138797
9498 138800
9498 138922
9498 138957
9498 139066
9498 139068
9498 139463
9498 139488
9498 139490
9498 139515
9498 139521
9498 139533
9498 139536
9498 139539
9498 139540
9498 139559
9498 139569
9498 139570
9498 139575
9498 139684
9498 139818
9498 139911
9498 140106
9498 140121
9498 140134
9498 140156
9498 140162
9498 140167
9498 140173
9498 140204
9498 140601
9498 140912
9498 140924
9498 141014
9498 141202
9498 141213
9498 141253
9498 141256
9498 141266
9498 141276
9498 141283
9498 141304
9498 141308
9498 141312
9498 141317
9498 141339
9498 141388
9498 141420
9498 141453
9498 141477
9498 141489
9498 141501
9498 141508
9498 141536
9498 141549
9498 141728
9498 141741
9498 141752
9498 141783
9498 141801
9498 141804
9498 141816
9498 141834
9498 141840
9498 141844
9498 141856
9498 141864
9498 141869
9498 141872
9498 142011
9498 142027
9498 142057
9498 142151
9498 142477
9498 142505
9498 142530
9498 146852
9498 146876
9498 146879
9498 146886
9498 146902
9498 146904
9498 146918
9498 146944
9498 147183
9498 147201
9498 147240
9498 147255
9498 147273
9498 147279
9498 149185
9498 149194
9498 149202
9498 149240
9498 149241
9498 149248
9498 149251
9498 149258
9498 149268
9498 149277
9498 149486
9498 149528
9498 149536
9498 149538
9498 149546
9498 149560
9498 149600
9498 149603
9498 149614
9498 149617
9498 149618
9498 149622
9498 149624
9498 150007
9498 150009
9498 150026
9498 150029
9498 150079
9498 150094
9498 150106
9498 150118
9498 150339
9498 150383
9498 150386
9498 150601
9498 150609
9498 150654
9498 150655
9498 150743
9498 151085
9498 151095
9498 151099
9498 151103
9498 151121
9498 151122
9498 151130
9498 151131
9498 151172
9498 151666
9498 151684
9498 151685
9498 151712
9498 151719
9498 151749
9498 151773
9498 152341
9498 152490
9498 152493
9498 152496
9498 152498
9498 152501
9498 152506
9498 152565
9498 152573
9498 152720
9498 152721
9498 152731
9498 153214
9498 153222
9498 153248
9498 153257
9498 153259
9498 153270
9498 153275
9498 153288
9498 153292
9498 153313
9498 153489
9498 153518
9498 153672
9498 153676
9498 153738
9498 153754
9498 153756
9498 153795
9498 153866
9498 154011
9498 154051
9498 154241
9498 154304
9498 154305
9498 9583
9498 136946
4755 7494
4755 9583
4755 9829
4755 9885
4755 17439
4755 17665
4755 17754
4755 17762
4755 18002
4755 18209
4755 18229
4755 24309
4755 45117
4755 45804
4755 45820
4755 55352
4755 55410
4755 59191
4755 132116
4755 132215
4755 132770
4755 133001
4755 133296
4755 135772
4755 136334
4755 137085
4755 138754
4755 140641
4755 146943
4755 150596
4755 151755
4755 4797
4755 7633
4755 9285
4755 9430
4755 9752
4755 9796
4755 10029
4755 10125
4755 10199
4755 10215
4755 17426
4755 17436
4755 17465
4755 17466
4755 17483
4755 17488
4755 17541
4755 17625
4755 17648
4755 17817
4755 17820
4755 17825
4755 17903
4755 17908
4755 17917
4755 18223
4755 18225
4755 23664
4755 23860
4755 23872
4755 23901
4755 23984
4755 23994
4755 24055
4755 24084
4755 24103
4755 24109
4755 24178
4755 24216
4755 24222
4755 24397
4755 24471
4755 24501
4755 24515
4755 24558
4755 24574
4755 37934
4755 38000
4755 38029
4755 38058
4755 38188
4755 38191
4755 38275
4755 38306
4755 38468
4755 38529
4755 38536
4755 38571
4755 38573
4755 38615
4755 38743
4755 38872
4755 38902
4755 45119
4755 45150
4755 45205
4755 45219
4755 45264
4755 45272
4755 45284
4755 45357
4755 45417
4755 45432
4755 45513
4755 45518
4755 45525
4755 45526
4755 45528
4755 45535
4755 45573
4755 45574
4755 45582
4755 45624
4755 45625
4755 45636
4755 45649
4755 45655
4755 45663
4755 45742
4755 45749
4755 45765
4755 45767
4755 45769
4755 45775
4755 45801
4755 45815
4755 45854
4755 45916
4755 45955
4755 46068
4755 55333
4755 55341
4755 55448
4755 55459
4755 55494
4755 55507
4755 55510
4755 55529
4755 55563
4755 55570
4755 55574
4755 55644
4755 55705
4755 55709
4755 55764
4755 55779
4755 55780
4755 55804
4755 55806
4755 55814
4755 55839
4755 55918
4755 55947
4755 56061
4755 56108
4755 56201
4755 56209
4755 58405
4755 58419
4755 58522
4755 58537
4755 58664
4755 58714
4755 58758
4755 58759
4755 58765
4755 58872
4755 58875
4755 58898
4755 58902
4755 58906
4755 58967
4755 58976
4755 59178
4755 59185
4755 59188
4755 59194
4755 131190
4755 131210
4755 131235
4755 131255
4755 131262
4755 131265
4755 131269
4755 131283
4755 131299
4755 131302
4755 131458
4755 131459
4755 131473
4755 131993
4755 132004
4755 132075
4755 132089
4755 132108
4755 132115
4755 132137
4755 132152
4755 132278
4755 132296
4755 132303
4755 132308
4755 132329
4755 132343
4755 132384
4755 132388
4755 132415
4755 132428
4755 132453
4755 132485
4755 132506
4755 132540
4755 132556
4755 132557
4755 132559
4755 132566
4755 132570
4755 132587
4755 132711
4755 132717
4755 132754
4755 132768
4755 132774
4755 132781
4755 132878
4755 132923
4755 132933
4755 132934
4755 132944
4755 132948
4755 132950
4755 132965
4755 132968
4755 132970
4755 132974
4755 132991
4755 133000
4755 133003
4755 133006
4755 133028
4755 133055
4755 133087
4755 133227
4755 133228
4755 133230
4755 133231
4755 133258
4755 133276
4755 133278
4755 133280
4755 133282
4755 133291
4755 133299
4755 133301
4755 133305
4755 133469
4755 133592
4755 133648
4755 133652
4755 133657
4755 133663
4755 133669
4755 133680
4755 133685
4755 133693
4755 133694
4755 133698
4755 133708
4755 133711
4755 133768
4755 133951
4755 133961
4755 133981
4755 133982
4755 133984
4755 133985
4755 133995
4755 134027
4755 134029
4755 134032
4755 134036
4755 134053
4755 134054
4755 134060
4755 134173
4755 134225
4755 134235
4755 134259
4755 134264
4755 134277
4755 134284
4755 134302
4755 134306
4755 134308
4755 134310
4755 134319
4755 134325
4755 134337
4755 134411
4755 134674
4755 134796
4755 134803
4755 134854
4755 134855
4755 134896
4755 134905
4755 134907
4755 134909
4755 134910
4755 134911
4755 134912
4755 134916
4755 134928
4755 134931
4755 134940
4755 134942
4755 134946
4755 134964
4755 134986
4755 135086
4755 135139
4755 135180
4755 135197
4755 135205
4755 135217
4755 135223
4755 135232
4755 135245
4755 135253
4755 135259
4755 135263
4755 135278
4755 135299
4755 135320
4755 135397
4755 135422
4755 135569
4755 135682
4755 135697
4755 135709
4755 135722
4755 135745
4755 135746
4755 135755
4755 135757
4755 135760
4755 135780
4755 135795
4755 135798
4755 135805
4755 135806
4755 135812
4755 135819
4755 135826
4755 135828
4755 135832
4755 135833
4755 135834
4755 135839
4755 135848
4755 135849
4755 135852
4755 135858
4755 135871
4755 135872
4755 136034
4755 136138
4755 136166
4755 136172
4755 136252
4755 136280
4755 136283
4755 136286
4755 136289
4755 136306
4755 136308
4755 136312
4755 136322
4755 136336
4755 136347
4755 136351
4755 136362
4755 136370
4755 136374
4755 136447
4755 136644
4755 136648
4755 136671
4755 136679
4755 136682
4755 136685
4755 136695
4755 136696
4755 136703
4755 136707
4755 136708
4755 136714
4755 136814
4755 136890
4755 136894
4755 136932
4755 136985
4755 136987
4755 137088
4755 137109
4755 137113
4755 137115
4755 137128
4755 137138
4755 137139
4755 137155
4755 137176
4755 137180
4755 137210
4755 137225
4755 137279
4755 137398
4755 137494
4755 137587
4755 137605
4755 137611
4755 137627
4755 137634
4755 137640
4755 137648
4755 137654
4755 137660
4755 137662
4755 137680
4755 137836
4755 137849
4755 137972
4755 138159
4755 138161
4755 138162
4755 138219
4755 138248
4755 138251
4755 138257
4755 138270
4755 138275
4755 138279
4755 138285
4755 138293
4755 138639
4755 138718
4755 138720
4755 138726
4755 138734
4755 138746
4755 138777
4755 138784
4755 138785
4755 138788
4755 139479
4755 139490
4755 139527
4755 139539
4755 139562
4755 139569
4755 139575
4755 139794
4755 139818
4755 139911
4755 139916
4755 140106
4755 140132
4755 140139
4755 140162
4755 140175
4755 140202
4755 140601
4755 140621
4755 140912
4755 140924
4755 141014
4755 141202
4755 141213
4755 141243
4755 141256
4755 141265
4755 141276
4755 141283
4755 141290
4755 141308
4755 141312
4755 141329
4755 141388
4755 141464
4755 141480
4755 141490
4755 141492
4755 141501
4755 141524
4755 141552
4755 141564
4755 141741
4755 141796
4755 141799
4755 141801
4755 141804
4755 141807
4755 141846
4755 141856
4755 141873
4755 141881
4755 142027
4755 142057
4755 142439
4755 142441
4755 142453
4755 142461
4755 142527
4755 142582
4755 146863
4755 146864
4755 146870
4755 146902
4755 146904
4755 146907
4755 147189
4755 147195
4755 147226
4755 147277
4755 148003
4755 149185
4755 149268
4755 149422
4755 149526
4755 149528
4755 149546
4755 149570
4755 149596
4755 149617
4755 149655
4755 149781
4755 150009
4755 150029
4755 150094
4755 150105
4755 150383
4755 150560
4755 150589
4755 150601
4755 150743
4755 151085
4755 151089
4755 151122
4755 151172
4755 151712
4755 151719
4755 152129
4755 152496
4755 152506
4755 152522
4755 152721
4755 152731
4755 153214
4755 153259
4755 153270
4755 153299
4755 153313
4755 153518
4755 153603
4755 153866
4755 153984
4755 154068
4755 154072
4755 154137
4755 154232
4755 154241
4755 214122
4755 18101
4755 55836
4755 140171
4755 152565
4755 151125
4755 135859
4755 135705
4755 59165
9730 45117
9730 133676
9730 137085
9730 7633
9730 9285
9730 9430
9730 17465
9730 17625
9730 17817
9730 17903
9730 18207
9730 23957
9730 24084
9730 24332
9730 24471
9730 24515
9730 45432
9730 45536
9730 45769
9730 55806
9730 58457
9730 58702
9730 58971
9730 59169
9730 132239
9730 132613
9730 132924
9730 132955
9730 132962
9730 132972
9730 132978
9730 133228
9730 133262
9730 133951
9730 133963
9730 134001
9730 134005
9730 134020
9730 134257
9730 134262
9730 134276
9730 134340
9730 134900
9730 134912
9730 135036
9730 135171
9730 135178
9730 135180
9730 135240
9730 135500
9730 135755
9730 135756
9730 135813
9730 135831
9730 135873
9730 136034
9730 136279
9730 136297
9730 136323
9730 136353
9730 136360
9730 136639
9730 136670
9730 136671
9730 136687
9730 136688
9730 136694
9730 136699
9730 136902
9730 137084
9730 137090
9730 137093
9730 137102
9730 137112
9730 137120
9730 137132
9730 137150
9730 137152
9730 137153
9730 137154
9730 137586
9730 137590
9730 137634
9730 137636
9730 137660
9730 138159
9730 138224
9730 138230
9730 138248
9730 138278
9730 138299
9730 138301
9730 138315
9730 138316
9730 138639
9730 138706
9730 138713
9730 138731
9730 138765
9730 138772
9730 139490
9730 139508
9730 140115
9730 140119
9730 140137
9730 140151
9730 140191
9730 141249
9730 141269
9730 141270
9730 141290
9730 141311
9730 141314
9730 141329
9730 141416
9730 141488
9730 141497
9730 141509
9730 141534
9730 141552
9730 141794
9730 141796
9730 141815
9730 141848
9730 141855
9730 141873
9730 141878
9730 142439
9730 142443
9730 142445
9730 142453
9730 142465
9730 142481
9730 142484
9730 142515
9730 142520
9730 142527
9730 142533
9730 146853
9730 146870
9730 146888
9730 146925
9730 147258
9730 147260
9730 147264
9730 147271
9730 147277
9730 149005
9730 149214
9730 149219
9730 149228
9730 149229
9730 149232
9730 149245
9730 149261
9730 149533
9730 149553
9730 149558
9730 149564
9730 149576
9730 149583
9730 149600
9730 149604
9730 149611
9730 150011
9730 150063
9730 150611
9730 150634
9730 150644
9730 150651
9730 151087
9730 151096
9730 151125
9730 151160
9730 151325
9730 151711
9730 151752
9730 152487
9730 152488
9730 152494
9730 152504
9730 152534
9730 152569
9730 153216
9730 153243
9730 153254
9730 153260
9730 153261
9730 153277
9730 153798
9730 153897
9829 9885
9829 138754
9829 140641
9829 2697
9829 7633
9829 9430
9829 17813
9829 24485
9829 38185
9829 45340
9829 45927
9829 55446
9829 55448
9829 56166
9829 58457
9829 58703
9829 59188
9829 131787
9829 132423
9829 132441
9829 132527
9829 132717
9829 133037
9829 133260
9829 133287
9829 133308
9829 133640
9829 133725
9829 134512
9829 134901
9829 135139
9829 135218
9829 135557
9829 135734
9829 135764
9829 135769
9829 135845
9829 136324
9829 136702
9829 137000
9829 137090
9829 137615
9829 137617
9829 137638
9829 137661
9829 137956
9829 138243
9829 140033
9829 140118
9829 141270
9829 141476
9829 141501
9829 141549
9829 142455
9829 147189
9829 148000
9829 150640
9829 151703
9829 151757
9829 152533
9829 153181
9829 153221
9829 55836
9829 141332
9829 136659
9829 147228
9829 133233
9829 141288
9829 141793
9885 55824
9885 4758
9885 55847
9885 132423
9885 141501
9885 142501
9885 142502
9885 148000
9885 55836
17439 55352
17439 58678
17439 132220
17439 133676
17439 138296
17439 150027
17439 150596
17439 45769
17439 55705
17439 55862
17439 56272
17439 132052
17439 132322
17439 132420
17439 132750
17439 132785
17439 132986
17439 133222
17439 133860
17439 134303
17439 134920
17439 134926
17439 134937
17439 135791
17439 136313
17439 136373
17439 137103
17439 137146
17439 137166
17439 137488
17439 137614
17439 138306
17439 141566
17439 141805
17439 146859
17439 146872
17439 147185
17439 147290
17439 149535
17439 149571
17439 150057
17439 150610
17439 151734
17439 152101
17439 152715
17439 153244
17439 153250
17439 154084
17439 9583
17439 55836
17439 45820
17665 18002
17665 136946
17665 38457
17665 45536
17665 55879
17665 132520
17665 132754
17665 133232
17665 133648
17665 133684
17665 133713
17665 134009
17665 134250
17665 134316
17665 135776
17665 135811
17665 135834
17665 136289
17665 136641
17665 137004
17665 137160
17665 137166
17665 137659
17665 137672
17665 138255
17665 138300
17665 139524
17665 141014
17665 141275
17665 141292
17665 141480
17665 141490
17665 141497
17665 141805
17665 141846
17665 141863
17665 142450
17665 142488
17665 142534
17665 147234
17665 147246
17665 149183
17665 149240
17665 149270
17665 150025
17665 150593
17665 150657
17665 151115
17665 151128
17665 151140
17665 151176
17665 151764
17665 153761
17665 9583
17754 45487
17754 59173
17754 133304
17754 133691
17754 134033
17754 134892
17754 135193
17754 135203
17754 136290
17754 137090
17754 139510
17754 139530
17754 140174
17754 142518
17754 149575
17754 154055
17754 18229
17762 45194
17762 45804
17762 45820
17762 133296
17762 133720
17762 135817
17762 138296
17762 17426
17762 17625
17762 18120
17762 38015
17762 38174
17762 38207
17762 38461
17762 45415
17762 45854
17762 55448
17762 55507
17762 56201
17762 56202
17762 58608
17762 131442
17762 132296
17762 132417
17762 132497
17762 132925
17762 133007
17762 133303
17762 134014
17762 134540
17762 134883
17762 134885
17762 134913
17762 135180
17762 135269
17762 135688
17762 135695
17762 135767
17762 135775
17762 136284
17762 136641
17762 136902
17762 137076
17762 137127
17762 137594
17762 138237
17762 138250
17762 138272
17762 138311
17762 138741
17762 138771
17762 139478
17762 139480
17762 139486
17762 139502
17762 139517
17762 139526
17762 141846
17762 142469
17762 142503
17762 142614
17762 146870
17762 146931
17762 147225
17762 149187
17762 149614
17762 150593
17762 150599
17762 150751
17762 151169
17762 151335
17762 151685
17762 151754
17762 152504
17762 152539
17762 152557
17762 152568
17762 153489
17762 153870
18002 132568
18002 132572
18002 132772
18002 132987
18002 133235
18002 133594
18002 133647
18002 133697
18002 133963
18002 133987
18002 134049
18002 134878
18002 135225
18002 135266
18002 135821
18002 136314
18002 136681
18002 137135
18002 137591
18002 137643
18002 138317
18002 139481
18002 141311
18002 141522
18002 141799
18002 146863
18002 146881
18002 150039
18002 152528
18002 153261
18002 153367
18002 153852
18002 132116
18002 135848
18002 45820
18002 55410
18209 55577
18209 151106
18209 9583
18229 134026
18229 135718
18229 151690
18229 17810
18229 17912
18229 38902
18229 45660
18229 45884
18229 55448
18229 55780
18229 56201
18229 56285
18229 58659
18229 58700
18229 58725
18229 58762
18229 58765
18229 58963
18229 59173
18229 131265
18229 132485
18229 132983
18229 133240
18229 133269
18229 133304
18229 133311
18229 133643
18229 133656
18229 133679
18229 133695
18229 133712
18229 133719
18229 133722
18229 133726
18229 133968
18229 134012
18229 134033
18229 134035
18229 134044
18229 134177
18229 134257
18229 134276
18229 134277
18229 134286
18229 134302
18229 134328
18229 134334
18229 134859
18229 134862
18229 135193
18229 135212
18229 135691
18229 135765
18229 135767
18229 135794
18229 135810
18229 135845
18229 135849
18229 136337
18229 136376
18229 136639
18229 136646
18229 136654
18229 136691
18229 136711
18229 136716
18229 136956
18229 137090
18229 137098
18229 137101
18229 137139
18229 137612
18229 137645
18229 137654
18229 137655
18229 138235
18229 138239
18229 138752
18229 138797
18229 139515
18229 139562
18229 140122
18229 140123
18229 140140
18229 140163
18229 140197
18229 141018
18229 141259
18229 141265
18229 141303
18229 141324
18229 141383
18229 141523
18229 141536
18229 141796
18229 141799
18229 141805
18229 141807
18229 141816
18229 141825
18229 141834
18229 141868
18229 142478
18229 142485
18229 142504
18229 142518
18229 142520
18229 146890
18229 146918
18229 146919
18229 147207
18229 147226
18229 149232
18229 149251
18229 149422
18229 149545
18229 149558
18229 149573
18229 149574
18229 149608
18229 150008
18229 150078
18229 150099
18229 150648
18229 150653
18229 151089
18229 151096
18229 151103
18229 151109
18229 151113
18229 151152
18229 151686
18229 151712
18229 151732
18229 151986
18229 151988
18229 152488
18229 152498
18229 152532
18229 152541
18229 152547
18229 152686
18229 152924
18229 153225
18229 153234
18229 153236
18229 153258
18229 153270
18229 153290
18229 153687
18229 153722
18229 153785
18229 153951
18229 154081
18229 154110
18229 154296
18229 9583
18229 45117
18229 45804
18229 132116
18229 137085
18229 55410
18229 55836
24186 151755
24186 38799
24186 45596
24186 45927
24186 132989
24186 133287
24186 134251
24186 134334
24186 134909
24186 135750
24186 135764
24186 135769
24186 136687
24186 140170
24186 141688
24186 142516
24186 149528
24186 150564
24186 150638
24186 151100
24186 151626
24186 151702
24186 152533
24186 153288
24186 153723
24186 154024
24186 154108
24186 55836
24186 55410
24309 58457
24309 133281
24309 147228
24309 150565
24309 154111
45117 133001
45117 135718
45117 9653
45117 9941
45117 17753
45117 24485
45117 38053
45117 45747
45117 45830
45117 45851
45117 55470
45117 56107
45117 59179
45117 132778
45117 132911
45117 132938
45117 132976
45117 133237
45117 133246
45117 133256
45117 134254
45117 135183
45117 135185
45117 135777
45117 135811
45117 135823
45117 135876
45117 136298
45117 136343
45117 136625
45117 136634
45117 136636
45117 136673
45117 136690
45117 137118
45117 137130
45117 137149
45117 137151
45117 137586
45117 137617
45117 137658
45117 137684
45117 138012
45117 138024
45117 138244
45117 138246
45117 138251
45117 138283
45117 138292
45117 139512
45117 139553
45117 140119
45117 141262
45117 141332
45117 141815
45117 142448
45117 142490
45117 146888
45117 146937
45117 147227
45117 147278
45117 148000
45117 149186
45117 149189
45117 149249
45117 149528
45117 149539
45117 149542
45117 149554
45117 149564
45117 149595
45117 149617
45117 150016
45117 150022
45117 150023
45117 150603
45117 150653
45117 151112
45117 151157
45117 151174
45117 151181
45117 151415
45117 151704
45117 151707
45117 151734
45117 152502
45117 152512
45117 152565
45117 153241
45117 153254
45117 153751
45117 154059
45117 154326
45117 9583
45117 55836
45117 140171
45117 55410
45117 58965
45804 132765
45804 134291
45804 134340
45804 135264
45804 135852
45804 135872
45804 136633
45804 137210
45804 138224
45804 138752
45804 139520
45804 141014
45804 146855
45804 147213
45804 151712
45804 153211
45804 153292
45804 149268
45804 137083
45804 45820
45804 55410
45804 151690
45804 9583
45820 133296
45820 134922
45820 135817
45820 7593
45820 9830
45820 10225
45820 17483
45820 17625
45820 17810
45820 18120
45820 23770
45820 24127
45820 24327
45820 24391
45820 38015
45820 38174
45820 38241
45820 38461
45820 38594
45820 45189
45820 45466
45820 45469
45820 45528
45820 45582
45820 45648
45820 45769
45820 45815
45820 45942
45820 55353
45820 55441
45820 55711
45820 55717
45820 55740
45820 55756
45820 56201
45820 56272
45820 56290
45820 58457
45820 58594
45820 58597
45820 58640
45820 58693
45820 58762
45820 58880
45820 63935
45820 64088
45820 131169
45820 131215
45820 131256
45820 131317
45820 132044
45820 132272
45820 132417
45820 132445
45820 132559
45820 132613
45820 132746
45820 132760
45820 132772
45820 132783
45820 132787
45820 132943
45820 132952
45820 132954
45820 132962
45820 132964
45820 133269
45820 133303
45820 133491
45820 133593
45820 133660
45820 134003
45820 134007
45820 134011
45820 134024
45820 134330
45820 134338
45820 134375
45820 134513
45820 134540
45820 134894
45820 134910
45820 134934
45820 135031
45820 135172
45820 135179
45820 135192
45820 135193
45820 135247
45820 135257
45820 135404
45820 135500
45820 135682
45820 135693
45820 135695
45820 135696
45820 135847
45820 135851
45820 136352
45820 136356
45820 136364
45820 136372
45820 136374
45820 136449
45820 136637
45820 136657
45820 136669
45820 137076
45820 137125
45820 137171
45820 137173
45820 137638
45820 137641
45820 137677
45820 137683
45820 137817
45820 138159
45820 138202
45820 138222
45820 138246
45820 138318
45820 138696
45820 138726
45820 138731
45820 138739
45820 138751
45820 138752
45820 138797
45820 138957
45820 139068
45820 139480
45820 139484
45820 139493
45820 139494
45820 139521
45820 139570
45820 140124
45820 140189
45820 141329
45820 141330
45820 141340
45820 141489
45820 141507
45820 141814
45820 141843
45820 141855
45820 141880
45820 142451
45820 142477
45820 142479
45820 142494
45820 146851
45820 146855
45820 146879
45820 146942
45820 147185
45820 147282
45820 149226
45820 149275
45820 149486
45820 149539
45820 149545
45820 149602
45820 149603
45820 149618
45820 149982
45820 150026
45820 150080
45820 150096
45820 150585
45820 150609
45820 150654
45820 151136
45820 151166
45820 151685
45820 151724
45820 151730
45820 151754
45820 151768
45820 151778
45820 152497
45820 153181
45820 153221
45820 153222
45820 153240
45820 153254
45820 153263
45820 153284
45820 153675
45820 154051
45820 149240
45820 17747
45820 133989
45820 132453
45820 9583
55410 138754
55410 140641
55410 4797
55410 17466
55410 17625
55410 17648
55410 17753
55410 17817
55410 18207
55410 23664
55410 24558
55410 38204
55410 38207
55410 38224
55410 38266
55410 38314
55410 45271
55410 45469
55410 45528
55410 45596
55410 45625
55410 45648
55410 45815
55410 55529
55410 55709
55410 55712
55410 55764
55410 55814
55410 55839
55410 58405
55410 58702
55410 58703
55410 58898
55410 64088
55410 131255
55410 131265
55410 132115
55410 132329
55410 132343
55410 132388
55410 132566
55410 132751
55410 132768
55410 132787
55410 132922
55410 132935
55410 132950
55410 132952
55410 132964
55410 133007
55410 133227
55410 133234
55410 133242
55410 133255
55410 133279
55410 133287
55410 133301
55410 133317
55410 133388
55410 133580
55410 133661
55410 133695
55410 133968
55410 133974
55410 134001
55410 134014
55410 134016
55410 134020
55410 134032
55410 134033
55410 134034
55410 134863
55410 134917
55410 134927
55410 134928
55410 135139
55410 135171
55410 135208
55410 135227
55410 135243
55410 135253
55410 135726
55410 135735
55410 135759
55410 135787
55410 135798
55410 135808
55410 135815
55410 135857
55410 135858
55410 135860
55410 135869
55410 136153
55410 136166
55410 136252
55410 136283
55410 136306
55410 136325
55410 136342
55410 136626
55410 136651
55410 136687
55410 136698
55410 136814
55410 137094
55410 137097
55410 137102
55410 137107
55410 137125
55410 137594
55410 137611
55410 137662
55410 137668
55410 137849
55410 137956
55410 137972
55410 138161
55410 138162
55410 138231
55410 138238
55410 138277
55410 138283
55410 138425
55410 138761
55410 138776
55410 139234
55410 139480
55410 139483
55410 140128
55410 140151
55410 140912
55410 141283
55410 141549
55410 141564
55410 141793
55410 141881
55410 142451
55410 142535
55410 147177
55410 147185
55410 149539
55410 149602
55410 149624
55410 149871
55410 150066
55410 150339
55410 150560
55410 150575
55410 150609
55410 150634
55410 150638
55410 151095
55410 151096
55410 151101
55410 151111
55410 151704
55410 151730
55410 151763
55410 152487
55410 152494
55410 153724
55410 153756
55410 153826
55410 9583
55410 55836
58965 59161
58965 134884
58965 135700
58965 138236
58965 138713
58965 141277
58965 147233
58965 151731
58965 135712
58965 150596
58965 59162
59191 45284
59191 134326
59191 134877
59191 135801
59191 136279
59191 139484
59191 141532
59191 146884
59191 149199
59191 151126
59191 151164
59191 151727
132116 136946
132116 133270
132116 133680
132116 133712
132116 134028
132116 134046
132116 134341
132116 134946
132116 135219
132116 135692
132116 135723
132116 135726
132116 135738
132116 137163
132116 138774
132116 141257
132116 141826
132116 146915
132116 149240
132116 149251
132116 150015
132116 150070
132116 150577
132116 151690
132116 133676
132116 134017
132116 132540
132116 134308
132116 139559
132116 135679
132116 141783
132116 135763
132116 147246
132116 136322
132116 150045
132116 151732
132116 133652
132116 134295
132116 59183
132116 134940
132116 151698
132116 131299
132116 136362
132116 135223
132116 137085
132215 7633
132215 10225
132215 17625
132215 45927
132215 55353
132215 55741
132215 58902
132215 59188
132215 131473
132215 131787
132215 132972
132215 133082
132215 133228
132215 133285
132215 133308
132215 133317
132215 133659
132215 133678
132215 133695
132215 133716
132215 134280
132215 134331
132215 134338
132215 134880
132215 134908
132215 135217
132215 135756
132215 135818
132215 136323
132215 136667
132215 137108
132215 137398
132215 138696
132215 141253
132215 142470
132215 142507
132215 149259
132215 149600
132215 150609
132215 151113
132215 151762
132215 153301
132215 154108
132215 9583
132770 133238
132770 133257
132770 133677
132770 134248
132770 134283
132770 134871
132770 134885
132770 134932
132770 135207
132770 135837
132770 136284
132770 136358
132770 136641
132770 136653
132770 137177
132770 137599
132770 137616
132770 137656
132770 137674
132770 138267
132770 138278
132770 138317
132770 138795
132770 138796
132770 139531
132770 139574
132770 140158
132770 140160
132770 140177
132770 141243
132770 141322
132770 141492
132770 141498
132770 141831
132770 142448
132770 142503
132770 146866
132770 146932
132770 146945
132770 147221
132770 147236
132770 147283
132770 149534
132770 149578
132770 150605
132770 151743
132770 152499
132770 152575
132770 153253
132770 153489
132770 154012
132770 154069
133275 45232
133275 133706
133275 133970
133275 135179
133275 135223
133275 136672
133275 138730
133275 139506
133275 141265
133275 141315
133275 142525
133275 149204
133275 149222
133275 149240
133275 150650
133275 151688
133275 151732
133275 153949
133275 9583
133296 133720
133296 135718
133296 150027
133296 38261
133296 38625
133296 45415
133296 132335
133296 132925
133296 132996
133296 133271
133296 133597
133296 133643
133296 133966
133296 134272
133296 134930
133296 135222
133296 135782
133296 135822
133296 135848
133296 135884
133296 136374
133296 136654
133296 136956
133296 137035
133296 137127
133296 137645
133296 137647
133296 137681
133296 138233
133296 138783
133296 139543
133296 140133
133296 141254
133296 141324
133296 141514
133296 141523
133296 141841
133296 141842
133296 146930
133296 147199
133296 149556
133296 149589
133296 150593
133296 150623
133296 150636
133296 151106
133296 151681
133296 152565
133296 153293
133296 153393
133296 154239
133296 140641
133296 9583
133296 55836
133676 133707
133676 133980
133676 134041
133676 134270
133676 135255
133676 135692
133676 135729
133676 135834
133676 135836
133676 136318
133676 136664
133676 136712
133676 138221
133676 139520
133676 142488
133676 149222
133676 149240
133676 150617
133676 150619
133676 151732
133676 151734
133676 134375
133720 132784
133720 134881
133720 135229
133720 135825
133720 138290
133720 138312
133720 138710
133720 138738
133720 139498
133720 141267
133720 141516
133720 141786
133720 146908
133720 147193
133720 147216
133720 149230
133720 149581
133720 150067
133720 150083
133720 150573
133720 150598
133720 151084
133720 151697
133720 151701
133720 152500
133720 152544
133720 153276
133720 138771
133720 135884
135817 132751
135817 133318
135817 133694
135817 134043
135817 134294
135817 135191
135817 136710
135817 136720
135817 137655
135817 139508
135817 139547
135817 140127
135817 141294
135817 141873
135817 151119
135817 151732
135817 152542
135817 153224
135817 9583
136334 18196
136334 38310
136334 132988
136334 133310
136334 134873
136334 134899
136334 135184
136334 135248
136334 135268
136334 135846
136334 135854
136334 136288
136334 136316
136334 137157
136334 138290
136334 138741
136334 138787
136334 138791
136334 140180
136334 140206
136334 141485
136334 141526
136334 141830
136334 142531
136334 147220
136334 147254
136334 147263
136334 149184
136334 149193
136334 149195
136334 149221
136334 149235
136334 150635
136334 151118
136334 151150
136334 151168
136334 151694
136334 151707
136334 151741
136334 151815
136334 152553
136334 153253
136334 153851
136334 138296
137085 58678
137085 133001
137085 151690
137085 132323
137085 133320
137085 133712
137085 133987
137085 134276
137085 134300
137085 135182
137085 135208
137085 135738
137085 135831
137085 136294
137085 137154
137085 137174
137085 138772
137085 138773
137085 140122
137085 141553
137085 141820
137085 142443
137085 146875
137085 146898
137085 147194
137085 147222
137085 147277
137085 149181
137085 149186
137085 149196
137085 149197
137085 149208
137085 149240
137085 149242
137085 149246
137085 150011
137085 150015
137085 150045
137085 151698
137085 151714
137085 151718
137085 152571
137085 153215
137085 154015
137085 140171
137085 133680
138754 18101
140171 132778
140171 133300
140171 133658
140171 134860
140171 135789
140171 136328
140171 138760
140171 139514
140171 139529
140171 141517
140171 149240
140171 149610
140171 150597
140171 152565
140171 154360
140171 9583
140171 55836
140171 133001
140171 153216
140171 141317
140171 133647
140171 133695
140171 151690
140171 136946
140641 146943
140641 9558
140641 45854
140641 55705
140641 56201
140641 59187
140641 132417
140641 132925
140641 132983
140641 133294
140641 133386
140641 134303
140641 134926
140641 135133
140641 135383
140641 136171
140641 137488
140641 140218
140641 141004
140641 147177
140641 149573
140641 150044
140641 150055
140641 150093
140641 151117
140641 151120
140641 151685
140641 151734
140641 151774
140641 152507
140641 152543
140641 152686
140641 153228
140641 153291
140641 153294
140641 153300
140641 153328
140641 153842
140641 153845
140641 55836
151690 133647
151690 134297
151690 134933
151690 135177
151690 135792
151690 136332
151690 138756
151690 141317
151690 141480
151690 141538
151690 149557
151690 149610
151690 150040
151690 151149
151690 151698
151690 151709
151690 151767
151690 152518
151690 152538
151690 153255
151690 153281
151690 154140
151690 132296
151690 150586
151690 136342
151755 146943
151755 132420
151755 55836
4797 55836
7633 55836
7633 2697
7633 23726
7633 45815
7633 137147
7633 148000
9223 9583
9430 55836
9430 133653
9430 151733
9830 45769
9836 9583
10029 45189
10029 45851
10029 58714
10029 132753
10029 134024
10029 136325
10029 137638
10029 139489
17426 134922
17426 55494
17426 132937
17426 135299
17426 149573
17426 153257
17436 9583
17436 55836
17465 17771
17465 133691
17465 137624
17465 142470
17466 55836
17625 9583
17625 17913
17625 38053
17625 132005
17625 132937
17625 132952
17625 133242
17625 133258
17625 134001
17625 134856
17625 135245
17625 136662
17625 139494
17625 141406
17625 141453
17625 149542
17625 150076
17625 150653
17625 150694
17625 151166
17625 151179
17625 153799
17625 153956
17625 154028
17747 9583
17747 55836
17747 134875
17747 142488
17817 9583
17903 55836
17917 55836
17917 59183
17917 133700
17917 134889
17917 135251
17917 139788
17917 147257
23664 55836
23860 9583
23860 58971
23860 132757
23860 141856
23860 149248
23860 151757
23860 153267
24084 55836
24109 9583
24332 55836
24448 9583
24471 55836
38029 135709
38185 55836
38185 55824
38204 9583
38204 55836
38312 55836
38476 9583
38573 9583
38799 9583
38799 55836
45148 55836
45148 151691
45148 146863
45284 134918
45284 135875
45284 136335
45284 136706
45284 149541
45528 38021
45528 132108
45528 132946
45528 136685
45528 152539
45528 55644
45582 9583
45582 45884
45582 134938
45582 135226
45582 136290
45582 136307
45582 141858
45582 149227
45582 151114
45582 154026
45596 9583
45596 55836
45747 55836
45769 17443
45769 133590
45769 134022
45769 134345
45769 134870
45769 142470
45815 146943
45815 137147
45942 132519
45942 132547
45942 132971
45942 142417
55333 9583
55341 133001
55353 132945
55353 141258
55353 142027
55446 55824
55474 18101
55474 55836
55705 55836
55764 9583
55764 141312
55806 9583
55947 146924
56201 55836
56268 133297
56268 135724
56268 141556
56272 133291
56272 139493
56272 140186
56272 142493
58522 55836
58590 132960
58898 133284
58898 134911
58898 135202
58898 135206
58898 137620
58898 146852
58898 146929
58898 152555
58906 135862
58906 150640
59165 133653
59165 134323
59165 136719
59178 151717
59185 59173
131169 9583
131210 138747
131262 139527
131283 55836
131302 9583
131459 151086
131473 55836
132137 135205
132137 140177
132329 55644
132378 55836
132401 55836
132445 135619
132453 134006
132542 55836
132559 132961
132559 133289
132559 135702
132559 137133
132559 138225
132559 139564
132559 140121
132559 141565
132559 142477
132559 150050
132559 151760
132559 153208
132559 154027
132559 146902
132563 135253
132563 146867
132563 146912
132563 147251
132566 9583
132566 150058
132717 9583
132717 55836
132717 135220
132717 140154
132717 149600
132717 133712
132768 132955
132774 55836
132774 134869
132774 135690
132774 135859
132774 141314
132774 141525
132774 141530
132774 149217
132774 149559
132774 149566
132774 150034
132774 150069
132774 150074
132781 9583
132781 153318
132785 55836
132787 38233
132923 153045
132933 9583
132933 151764
132957 135686
132960 9583
132960 131463
132964 9583
132968 55836
133255 132978
133255 133717
133255 136342
133255 138706
133255 141488
133255 147212
133255 149261
133255 153819
133262 55836
133266 9583
133266 55836
133276 55836
133278 9583
133278 59162
133278 132166
133278 134318
133278 134335
133278 134861
133278 134943
133278 135699
133278 135712
133278 137168
133278 138287
133278 139555
133278 141823
133278 152582
133317 132518
133317 153251
133317 141253
133593 58457
133593 136715
133661 132955
133661 133964
133661 134040
133661 139560
133661 150042
133685 135765
133685 147252
133686 18101
133971 9583
133981 135695
133984 55352
133989 9583
133989 149240
133989 132783
133989 134337
133989 134936
133989 134941
133989 138751
133989 138773
133989 140108
133989 141252
133989 141486
133989 153233
133989 153256
133989 153279
133990 58640
133992 55836
134001 134014
134033 140174
134033 141834
134034 133908
134034 134887
134034 142493
134041 135215
134041 135866
134041 142468
134041 146911
134041 147305
134041 148992
134041 149206
134041 150632
134041 152525
134041 153229
134041 153733
134252 58640
134286 151732
134286 150609
134305 149226
134316 135224
134316 136294
134316 138298
134316 138718
134316 141481
134316 141818
134316 150562
134316 151148
134316 151729
134322 55824
134375 9583
134375 55470
134375 59195
134375 135031
134375 139520
134375 142510
134375 146851
134375 151691
134375 141243
134674 141519
134674 141846
134674 151729
134674 153241
134863 133008
134868 9583
134874 9583
134909 9583
134909 55836
134910 55836
134912 55836
134918 141318
135133 55836
135188 55836
135235 151769
135238 55836
135239 58678
135244 55836
135247 18101
135247 135814
135253 9583
135253 55836
135253 137643
135253 135872
135422 137389
135682 134928
135695 141322
135705 149236
135705 152527
135724 142454
135724 142513
135724 150008
135775 18101
135806 134914
135806 139529
135806 147264
135808 9583
135826 135727
135843 133667
135847 9583
135847 137680
135851 9583
135851 136297
135851 137118
135851 137151
135851 137607
135851 150106
135851 151703
135851 152536
135867 137150
135872 55836
135872 134302
135872 135214
135872 147240
136166 55836
136230 149781
136284 9583
136284 134292
136284 134939
136284 136355
136284 137669
136284 138232
136284 138272
136284 139574
136284 140164
136284 141338
136284 146850
136284 147223
136284 147236
136284 147243
136284 150019
136284 151156
136284 153926
136284 154104
136285 149214
136289 150073
136306 55836
136306 140114
136308 55836
136308 56224
136308 133715
136308 134259
136308 135236
136308 135774
136308 139565
136308 140204
136308 142529
136308 149548
136311 135760
136327 136634
136368 134877
136629 133680
136651 58678
136651 150593
136683 55836
136685 18101
136697 135772
136698 59162
136714 9583
136714 134352
136716 137000
136956 9583
136956 153722
137000 58725
137000 134907
137000 154305
137104 9583
137107 9583
137107 55836
137108 9583
137109 135364
137109 137162
137109 138280
137109 138750
137109 140120
137109 147225
137109 153955
137130 9583
137152 150022
137172 149236
137611 55836
137622 45916
137654 136692
137673 141312
137677 136449
137677 137160
137677 150017
138202 55836
138244 134904
138244 136375
138244 152485
138244 154063
138277 134945
138277 151772
138304 55836
138310 9583
138311 134254
138311 135744
138311 135814
138311 146850
138311 147243
138311 154094
138711 149240
138727 55824
138743 58678
138767 58765
139490 45916
139490 142459
139490 154026
139540 55836
139575 149251
140121 133660
140121 133707
140121 139554
140121 150008
141014 141824
141014 153234
141202 55836
141253 9583
141253 55836
141253 149586
141253 149794
141253 150619
141308 9583
141308 141879
141312 23901
141312 38529
141312 64088
141312 151778
141317 133001
141317 135715
141317 136278
141317 141533
141388 55836
141420 9583
141501 55824
141536 152565
141536 138297
141549 133037
141728 55836
141816 9583
146886 55836
146902 134873
146902 150056
146904 134922
146904 133318
146904 134936
146904 135821
146904 137667
146904 141542
146904 149247
146944 132961
146944 136700
147183 55836
147255 142485
147273 55836
147279 58457
147279 133660
147279 139564
147279 150008
149202 9583
149202 55836
149240 133311
149240 133986
149240 134903
149240 138230
149240 138260
149240 139547
149240 141252
149240 141293
149240 146860
149240 149618
149240 150586
149240 150590
149240 150618
149240 153224
149240 153302
149240 141514
149251 138565
149251 141310
149258 9583
149258 149588
149268 55836
149277 9583
149546 55836
149600 55836
149617 135687
149617 138245
149617 149260
150029 9583
150339 55836
150383 9583
151121 55836
151121 135834
151172 9583
151712 9583
151712 133283
152341 9583
152490 141480
152493 18101
152498 142485
152506 9583
152506 136644
152565 9583
152565 55836
152565 44331
152565 136636
152565 147199
152565 153366
152565 153473
152565 153564
152565 153791
152565 154024
152565 154115
152565 213574
152565 55470
153248 55836
153270 58765
153292 150581
153676 55352
153756 135834
154011 135183
9583 55836
9583 58678
9583 136946
9583 138296
9583 9941
9583 17483
9583 24178
9583 45235
9583 45415
9583 45536
9583 45636
9583 55780
9583 55839
9583 56056
9583 56209
9583 58659
9583 59187
9583 59194
9583 132506
9583 132527
9583 132976
9583 133005
9583 133228
9583 133230
9583 133234
9583 133238
9583 133265
9583 133271
9583 133315
9583 133388
9583 133552
9583 133647
9583 133678
9583 133692
9583 133694
9583 133698
9583 133975
9583 134021
9583 134294
9583 134319
9583 134331
9583 134858
9583 134928
9583 134944
9583 135082
9583 135269
9583 135397
9583 135745
9583 135760
9583 135799
9583 136252
9583 136295
9583 136312
9583 136374
9583 136470
9583 136625
9583 136932
9583 137115
9583 137127
9583 137128
9583 137176
9583 137632
9583 137639
9583 137678
9583 139512
9583 139522
9583 140132
9583 140141
9583 140202
9583 140540
9583 140621
9583 140687
9583 141018
9583 141252
9583 141324
9583 141464
9583 141529
9583 141547
9583 141561
9583 141798
9583 141873
9583 142289
9583 142508
9583 146908
9583 149005
9583 149278
9583 149595
9583 150057
9583 150593
9583 151118
9583 151132
9583 151692
9583 151716
9583 151732
9583 152502
9583 152547
9583 153272
9583 154068
9583 154138
9583 154174
9583 214122
9583 134922
9583 149655
9583 141881
9583 146870
9583 134896
9583 55779
9583 134931
136946 132746
136946 135258
136946 136319
136946 138291
136946 134026
7494 135772
55352 138296
55352 24554
55352 38310
55352 45243
55352 131181
55352 132752
55352 133996
55352 134254
55352 134899
55352 135189
55352 135207
55352 135241
55352 135737
55352 137100
55352 138312
55352 138738
55352 138790
55352 139557
55352 139560
55352 140157
55352 141268
55352 141271
55352 141559
55352 149235
55352 149587
55352 151415
55352 153581
55352 154163
55352 55836
133001 138296
133001 45916
133001 58763
133001 134008
133001 134307
133001 134886
133001 135781
133001 135846
133001 137093
133001 137100
133001 138411
133001 139558
133001 139566
133001 141281
133001 141493
133001 141854
133001 141876
133001 147254
133001 149201
133001 149616
133001 150584
133001 154193
133001 150593
133001 137645
135772 136704
135772 142511
146943 132335
146943 134465
146943 137564
146943 152491
146943 152710
146943 153531
146943 55836
150596 59162
150596 134884
150596 135799
150596 139541
150596 150027
17483 134334
17483 135177
17483 138755
17483 138765
17483 149593
17488 55836
17488 137165
17488 141246
17488 151179
17908 55441
24574 55836
38529 55836
38536 55836
38743 55836
45916 55836
45916 135718
45916 17913
45916 45235
45916 133246
45916 138251
45916 139567
45916 150576
45916 151707
55644 18207
55644 38266
55644 45271
55644 45469
55644 45648
55644 64088
55644 133234
55644 134927
55644 135227
55644 136342
55644 151763
58405 18101
58758 55824
58765 146941
131235 55836
132296 133968
132296 18196
132296 135703
132296 137169
132296 141574
132296 151765
132296 153255
132296 154282
132754 132932
132754 151115
132934 134928
132934 141309
132934 141799
133592 135795
133648 132535
133648 135723
133648 136305
133648 136705
133648 149271
133652 152509
133680 137609
133680 138778
133680 141819
133680 149605
133693 137630
133693 146864
133693 147203
133694 59187
133694 132779
133694 135752
133694 135868
133694 137156
133694 139482
133694 139507
133694 140155
133694 141302
133694 141333
133694 142464
133694 142519
133694 147287
133694 149577
133694 150075
133694 152510
133694 154044
133982 150027
133982 135814
133982 137124
133982 138732
133982 139560
134337 136645
134337 138751
134907 139527
134907 146868
134916 135839
134928 45433
134928 134324
134942 151751
135180 150593
135205 55836
135259 134922
135259 135685
135259 136346
135259 136361
135259 137159
135259 149537
135697 146919
135697 151133
135709 134922
135709 135814
135757 55836
135760 138302
135760 140151
135760 150014
135760 153264
135780 55836
135780 150008
135795 141480
135795 133244
135795 135747
135795 135785
135795 136347
135795 138781
135795 141243
135834 58678
135834 135783
135834 147267
135834 150637
135848 142509
135848 153271
135848 153299
135852 133312
135852 136481
135852 141261
135852 146855
135871 55836
136312 141335
136362 152530
136374 132568
136374 149219
136644 141794
136695 141480
136696 133647
136696 142461
136696 150592
136707 55836
137113 146919
137210 139553
138251 154133
138257 134864
139562 146919
139794 18101
140132 135761
140132 137095
140132 139549
140132 140165
140132 141285
141243 137127
141265 135693
141265 133976
141265 136372
141329 150008
141480 150021
141492 136723
141492 149549
141524 150593
141524 137122
141524 141551
141846 138296
141846 133249
141873 142485
142453 141248
142461 133647
146907 55836
147195 134914
147195 137652
147195 138761
147195 153262
148003 148000
149526 152515
149570 146853
149596 135686
149781 137620
149781 141794
149781 149245
149781 150151
149781 152569
18101 17495
18101 58971
18101 132323
18101 137111
18101 139478
18101 149595
18101 151708
18101 151716
55836 23957
55836 38021
55836 38874
55836 55479
55836 59163
55836 132043
55836 132239
55836 132520
55836 132989
55836 133259
55836 133725
55836 134016
55836 134856
55836 135240
55836 135257
55836 135734
55836 135804
55836 135869
55836 136352
55836 136692
55836 137615
55836 138696
55836 138739
55836 139489
55836 139516
55836 139517
55836 139568
55836 140124
55836 140187
55836 141222
55836 141330
55836 141416
55836 141509
55836 141515
55836 141843
55836 141855
55836 142490
55836 142533
55836 146890
55836 146926
55836 146940
55836 147186
55836 149220
55836 149552
55836 149621
55836 149856
55836 150647
55836 151086
55836 151325
55836 151716
55836 151845
55836 152487
55836 152488
55836 152497
55836 152508
55836 153056
55836 154024
55836 154138
55836 58678
55836 134012
55836 55470
55836 45184
55836 59179
18207 56290
18207 135404
134257 141787
134257 149591
134257 153678
134340 140151
135036 136634
136323 137161
136323 153677
136670 135718
136688 134021
137093 135718
137150 135718
137150 153714
137154 135718
137590 55824
138731 150008
139508 151732
140115 134877
141270 55824
141815 147192
147260 153258
147264 135254
149214 150593
150644 58678
150644 152537
151711 140148
152504 141324
2697 55824
17813 55847
17813 135173
56166 55824
132423 55824
133037 55824
133260 55824
135769 55824
136702 55824
137638 133660
137661 55824
140033 55824
148000 55824
148000 142501
148000 142502
136659 55824
133233 55824
141288 55824
55824 4758
55824 23770
55824 55296
55824 55433
55824 55479
55824 55566
55824 55847
55824 59163
55824 59189
55824 59193
55824 131226
55824 132043
55824 132524
55824 132749
55824 132780
55824 132995
55824 133002
55824 133273
55824 133313
55824 133644
55824 133723
55824 134023
55824 134819
55824 134822
55824 134934
55824 135173
55824 135730
55824 135835
55824 136005
55824 136291
55824 136304
55824 136656
55824 136667
55824 136701
55824 137136
55824 137646
55824 137671
55824 138155
55824 138231
55824 138247
55824 140110
55824 140170
55824 140192
55824 140200
55824 141295
55824 141306
55824 141340
55824 141478
55824 141507
55824 142501
55824 142502
55824 147239
55824 149265
55824 149607
55824 152576
55824 153213
55824 153227
55824 153605
55824 154001
55824 154296
4758 139501
4758 135860
4758 132767
4758 140170
58678 132956
58678 133670
58678 134329
58678 135175
58678 135229
58678 135715
58678 137672
58678 137679
58678 138267
58678 138272
58678 138312
58678 138317
58678 139526
58678 141148
58678 141540
58678 141837
58678 142506
58678 146860
58678 149020
58678 150021
58678 150569
58678 150657
58678 151149
58678 151736
58678 152537
58678 152542
58678 153734
58678 153761
58678 137083
132220 55832
132220 134850
132220 137127
132220 139560
132220 149535
132220 151128
132220 151747
138296 135733
138296 135762
138296 135788
138296 137004
138296 137596
138296 137619
138296 137625
138296 138255
138296 141514
138296 141805
138296 142476
138296 149187
138296 149211
138296 149585
138296 152550
150027 133232
150027 133591
150027 133993
150027 134006
150027 137656
150027 138312
150027 141338
150027 141514
132420 132208
132420 134891
132420 136505
132420 136607
132420 139063
132420 147237
132420 150044
132420 150064
132420 150140
134303 142474
134303 153950
134937 58763
134937 132758
134937 133724
134937 134047
134937 134258
134937 134307
134937 136316
134937 136365
134937 151700
137166 154299
141805 137127
147185 136656
147185 139195
149535 137004
149535 137127
149535 149589
151734 152523
55879 134317
55879 151145
133232 133993
133713 135811
136641 138259
142488 147231
147246 141813
150593 149589
150593 38310
150593 133298
150593 134866
150593 135364
150593 135748
150593 136675
150593 138771
150593 147224
150593 149224
150593 152499
150593 153239
150593 152557
151176 134294
153761 135248
140174 138755
140174 141791
140174 146877
45194 18196
45194 45243
45194 133315
45194 134014
45194 134248
45194 135733
45194 135737
45194 135762
45194 137142
45194 141271
45194 141514
45415 132573
45415 135884
131442 132497
133007 141294
134014 137123
134014 140128
134014 146894
134014 146931
134014 147265
134885 147223
135269 138258
135269 138790
135269 139518
135269 142535
135269 146894
137127 142444
137127 142469
137127 147193
137127 150043
138771 151699
138771 151701
150599 149224
151335 132335
153870 134274
153870 140113
153870 142476
153870 149195
153870 149272
153870 150572
153870 152566
133594 134271
133594 137608
133594 138801
133594 149547
133594 154181
133647 59162
133647 133718
133647 135778
133647 135786
133647 135792
133647 140108
133647 141541
133647 141571
133647 149582
133647 151732
137591 133727
138317 150605
146881 134877
55577 154333
134026 152572
135718 133662
135718 134012
135718 134290
135718 134301
135718 135254
135718 135861
135718 136340
135718 137151
135718 137249
135718 137604
135718 139483
135718 139558
135718 140201
135718 141296
135718 141319
135718 141510
135718 141797
135718 141862
135718 141866
135718 141874
135718 146917
135718 146936
135718 147259
135718 149531
135718 149544
135718 149588
135718 149601
135718 150018
135718 150028
135718 150053
135718 150059
135718 150103
135718 150639
135718 150643
135718 151101
135718 151127
135718 151706
135718 151707
135718 151776
135718 153262
45884 146868
58762 139538
58762 153289
58762 135799
133712 151729
133712 141825
133968 139560
133968 141574
134012 139560
134012 136634
134044 135383
135212 134922
135212 140159
135212 140205
135810 141305
135810 150058
136654 135850
137645 135268
137645 150584
137655 149561
141324 142447
141324 149212
141324 149216
141324 151082
141324 154052
141324 141514
150008 136371
150008 137651
150008 151775
151152 134004
151732 59162
151732 132977
151732 134058
151732 135778
151732 138766
151732 141865
151732 146901
151732 149250
151732 149582
151732 149584
151732 151116
151732 152516
151732 152519
152547 133986
55470 134320
55470 134327
55470 138253
55470 151845
55470 153786
55470 154323
55470 212306
55470 213711
59179 134326
59179 133223
59179 136335
59179 137649
132778 141277
135777 134291
135777 142525
135777 153283
135823 138319
136343 151127
136634 134293
136634 135221
136634 137174
136634 137628
136634 138671
136634 138776
136634 142471
136634 142499
136634 142526
136634 147289
137118 133705
138283 151154
141262 132947
141262 137249
141262 149266
150016 139195
150022 149255
150022 153704
151157 151093
151704 154317
151704 213186
151704 214441
151704 215228
151707 45661
151707 141876
137083 140148
137083 150570
134922 134860
134922 136332
134922 137678
10225 149621
45648 138747
134894 136303
136356 135686
138739 134326
150080 134331
132751 137668
132935 134331
133234 136303
133234 137106
133234 152545
135787 138783
136342 135256
134884 139497
135712 59162
134326 135209
134326 136326
134326 150625
134326 153931
134877 134903
134877 134906
134877 135796
134877 136344
134877 138782
134877 139477
134877 150074
137163 154277
150577 154173
135679 45184
134331 132761
134331 151137
134283 135731
134283 138769
134283 153705
134932 133710
134932 133988
134932 138281
134932 149267
134932 151693
134932 153274
139531 154391
139574 149615
140177 153253
141322 133654
141322 134939
141322 135364
141322 149529
141322 150037
141831 147221
150605 132562
153253 141514
132335 134465
132335 136650
132335 137564
132335 149013
132335 149580
132335 150024
132335 150052
132335 152710
132335 153040
132335 153209
132996 135721
132996 135728
132996 151750
132996 151753
133271 141870
137681 136676
137681 141300
137681 141845
139543 147224
141254 154136
141514 133993
141514 24392
141514 134312
141514 136676
141514 149272
141514 150590
141514 152537
136664 150617
132784 152551
134294 152535
18196 150602
135248 136300
135248 136723
135248 146921
135248 150579
135846 151722
137157 149269
137157 150010
138787 137619
147254 141281
151741 134929
151741 149234
135182 134282
134860 151715
135383 153950
135177 137651
45235 139567
45235 147210
133315 24392
133692 136722
134021 135170
134944 150633
134944 152578
137678 135766
137678 150046
137678 151735
140687 154019
24554 133710
24554 139509
131181 139195
59162 59163
59162 59167
59162 134282
59162 134861
59162 134945
59162 137593
59162 138220
59162 149250
59162 150627
59162 150629
59162 152516
45184 136642
141540 134022
141837 150570
149020 44331
137619 134312
134861 141827
135835 139195
136361 132926
132926 45433
147224 149253
147224 151093
134293 142499
134293 153714
136700 142446
153926 135744
135220 141519
149584 134013
137609 135874
136300 141788
137095 136713
135687 137121
135687 138759
136642 132999
136642 138733
135364 154057
132562 140120
150570 137144
150570 150600
149224 137642
149224 141832
134903 140199
140120 142449
137651 134315
139195 133011
149591 136627
132761 132984
