3741 16637
3741 36874
3741 36994
3741 37105
3741 37153
3741 37179
3741 37271
3741 37474
3741 37680
3741 327693
3741 328333
3741 7020
3741 10474
3741 10798
3741 11845
3741 14115
3741 16800
3741 20011
3741 22386
3741 23058
3741 25818
3741 32437
3741 32653
3741 36916
3741 36951
3741 36968
3741 36983
3741 37028
3741 37049
3741 37053
3741 37116
3741 37130
3741 37150
3741 37159
3741 37168
3741 37172
3741 37199
3741 37235
3741 37236
3741 37239
3741 37275
3741 37276
3741 37302
3741 37314
3741 37315
3741 37317
3741 37333
3741 37356
3741 37363
3741 37399
3741 37403
3741 37482
3741 37542
3741 37564
3741 37599
3741 37627
3741 37630
3741 37639
3741 37652
3741 37663
3741 37667
3741 37668
3741 37670
3741 37673
3741 37675
3741 37691
3741 327733
3741 327749
3741 327751
3741 327754
3741 327767
3741 327772
3741 327794
3741 327804
3741 327822
3741 327849
3741 327897
3741 327901
3741 327907
3741 327926
3741 327935
3741 327936
3741 327950
3741 327966
3741 327988
3741 327991
3741 328016
3741 328024
3741 328029
3741 328032
3741 328041
3741 328045
3741 328049
3741 328068
3741 328114
3741 328163
3741 328186
3741 328210
3741 328214
3741 328237
3741 328266
3741 328270
3741 328275
3741 328278
3741 328312
3741 328315
3741 328320
3741 328337
3741 328341
3741 328366
3741 328370
3741 328384
3741 328388
3741 328423
3741 328431
3741 328437
3741 328446
3741 328450
3741 328464
3741 328471
3741 328474
3741 328480
3741 328501
3741 328512
3741 328517
3741 328524
3741 328561
3741 328568
3741 328576
3741 328598
3741 328633
3741 328643
3741 328660
3741 328672
3741 328732
3741 328735
3741 328736
3741 328760
3741 328767
3741 328803
3741 328806
3741 328820
3741 328839
3741 328888
3741 329016
3741 329062
3741 329097
3741 329133
3741 329153
3741 329206
3741 329234
3741 329276
3741 329295
3741 329303
3741 329360
3741 329443
3741 329527
3741 329597
3741 37497
3741 5713
3741 327782
3741 328964
3741 37457
3741 328137
3741 327983
16637 4571
16637 9129
16637 12091
16637 33769
16637 37121
16637 37402
16637 328456
16637 328513
16637 328523
16637 329089
16637 329151
16637 5713
16637 37497
16637 37271
16637 36874
16637 37680
16637 328748
16637 36994
16637 37105
16637 327782
16637 328562
16637 328112
16637 327804
16637 37356
16637 36916
16637 32653
16637 2018
16637 32437
16637 37053
16637 328964
16637 328266
16637 37239
16637 327960
16637 328320
16637 328512
16637 328137
16637 11845
16637 37199
16637 327983
36874 328333
36874 32653
36874 37199
36874 37491
36874 37652
36874 327926
36874 327966
36874 328032
36874 328260
36874 328467
36874 328544
36874 328633
36874 328638
36874 328730
36874 328749
36874 328839
36874 329153
36874 329317
36874 329331
36874 37497
36874 36994
36874 37105
36874 327782
36874 328748
36874 37680
36874 328562
36874 328112
36874 327804
36874 36916
36874 2018
36874 32437
36874 37053
36874 328964
36874 328266
36874 37239
36874 327960
36874 328320
36874 328512
36874 20011
36874 328137
36874 11845
36874 327983
36874 5713
36994 37105
36994 29918
36994 29975
36994 37028
36994 37121
36994 37137
36994 37160
36994 37180
36994 37275
36994 328006
36994 328106
36994 328135
36994 328186
36994 328523
36994 328561
36994 328991
36994 329012
36994 5713
36994 37497
36994 37271
36994 37680
36994 328748
36994 327782
36994 328510
36994 36968
36994 328562
36994 328112
36994 327804
36994 328365
36994 37356
36994 36916
36994 32653
36994 2018
36994 32437
36994 37053
36994 328964
36994 328437
36994 328266
36994 213481
36994 37239
36994 327960
36994 328320
36994 37675
36994 328512
36994 328024
36994 328137
36994 11845
36994 37199
36994 16800
36994 327983
37105 328365
37105 329139
37105 37358
37105 37497
37105 37680
37105 37739
37105 328333
37105 328748
37105 328884
37105 37153
37105 37179
37105 327693
37105 327782
37105 328434
37105 328631
37105 327812
37105 329541
37105 328917
37105 328777
37105 328468
37105 328839
37105 328855
37105 7020
37105 37333
37105 328510
37105 37150
37105 37640
37105 327772
37105 328278
37105 327988
37105 37412
37105 328350
37105 36968
37105 328935
37105 329212
37105 327908
37105 328820
37105 328719
37105 328036
37105 37254
37105 37055
37105 328790
37105 328391
37105 328747
37105 328714
37105 328498
37105 327950
37105 328156
37105 328106
37105 329206
37105 329597
37105 329053
37105 329266
37105 328373
37105 328400
37105 329237
37105 327923
37105 328868
37105 328384
37105 329159
37105 329510
37105 327936
37105 328744
37105 37670
37105 327698
37105 328763
37105 329243
37105 328417
37105 328562
37105 328020
37105 327896
37105 37652
37105 328242
37105 327872
37105 328112
37105 328767
37105 328706
37105 37368
37105 37597
37105 329433
37105 328568
37105 37157
37105 328337
37105 328929
37105 328772
37105 328608
37105 328209
37105 328388
37105 328446
37105 328125
37105 329608
37105 328894
37105 37653
37105 328422
37105 327804
37105 328270
37105 37491
37105 328536
37105 37542
37105 328505
37105 327996
37105 328114
37105 327849
37105 328633
37105 37515
37105 327750
37105 328351
37105 37482
37105 328948
37105 327966
37105 328677
37105 328464
37105 37673
37105 37356
37105 328749
37105 36916
37105 32653
37105 328361
37105 2018
37105 37724
37105 328473
37105 329049
37105 328548
37105 328698
37105 32437
37105 327808
37105 327943
37105 328119
37105 328888
37105 328575
37105 329401
37105 328039
37105 328806
37105 37049
37105 328870
37105 328051
37105 328810
37105 327962
37105 327907
37105 329276
37105 328220
37105 328517
37105 328237
37105 329046
37105 328946
37105 329058
37105 328262
37105 328952
37105 328818
37105 37627
37105 328523
37105 328341
37105 328912
37105 327935
37105 328426
37105 329144
37105 37053
37105 328964
37105 6083
37105 36985
37105 37457
37105 328437
37105 328037
37105 328672
37105 328266
37105 329346
37105 328431
37105 328179
37105 328829
37105 329414
37105 328583
37105 329063
37105 327794
37105 329391
37105 329467
37105 328720
37105 328589
37105 327926
37105 329392
37105 328461
37105 328974
37105 328317
37105 328364
37105 328375
37105 328691
37105 328327
37105 328638
37105 328656
37105 328074
37105 37650
37105 328963
37105 328519
37105 36943
37105 329402
37105 328803
37105 328360
37105 37239
37105 329455
37105 328874
37105 327761
37105 328170
37105 328795
37105 327960
37105 37519
37105 328313
37105 328210
37105 329064
37105 327892
37105 328335
37105 328735
37105 328320
37105 329291
37105 329465
37105 329039
37105 328164
37105 328246
37105 327894
37105 37441
37105 329350
37105 328356
37105 329098
37105 328657
37105 328882
37105 328750
37105 328216
37105 328544
37105 37675
37105 328816
37105 329184
37105 328512
37105 37484
37105 327982
37105 329478
37105 329305
37105 37628
37105 37007
37105 329126
37105 329317
37105 328480
37105 328323
37105 328029
37105 329032
37105 25818
37105 329443
37105 20011
37105 328507
37105 328199
37105 328644
37105 328788
37105 327901
37105 37399
37105 328693
37105 37656
37105 37317
37105 327751
37105 329038
37105 327889
37105 328661
37105 37363
37105 37236
37105 329429
37105 329388
37105 328334
37105 329062
37105 329240
37105 329546
37105 329481
37105 328467
37105 327909
37105 328346
37105 328547
37105 328146
37105 328315
37105 328970
37105 328222
37105 328016
37105 328173
37105 37172
37105 328275
37105 328474
37105 37225
37105 37314
37105 329290
37105 327824
37105 328137
37105 327767
37105 37168
37105 37316
37105 329125
37105 328598
37105 23058
37105 329084
37105 328456
37105 328501
37105 328745
37105 328915
37105 327987
37105 11845
37105 329471
37105 328576
37105 37549
37105 328214
37105 328826
37105 328347
37105 37276
37105 11744
37105 327822
37105 329340
37105 29918
37105 327897
37105 328306
37105 21739
37105 329222
37105 37634
37105 328287
37105 328260
37105 328822
37105 328172
37105 328911
37105 37731
37105 328386
37105 328444
37105 328068
37105 327754
37105 328418
37105 329289
37105 328730
37105 37720
37105 328761
37105 37315
37105 328397
37105 327813
37105 37266
37105 37199
37105 329042
37105 327733
37105 329384
37105 328841
37105 329279
37105 37564
37105 328336
37105 16800
37105 3067
37105 328732
37105 329028
37105 329036
37105 329122
37105 328032
37105 329386
37105 328366
37105 328916
37105 328049
37105 327983
37105 328632
37105 329202
37105 328178
37105 328285
37105 328045
37105 37479
37105 61092
37105 328848
37105 329121
37105 37618
37105 328837
37105 22572
37105 327991
37153 37387
37153 37411
37153 327813
37153 327950
37153 327980
37153 328241
37153 328706
37153 328929
37153 329193
37153 329298
37153 329318
37153 329576
37153 329668
37153 37497
37153 328562
37153 327804
37153 32653
37153 37053
37153 328964
37153 328266
37153 37239
37153 327960
37153 328320
37153 328512
37153 328137
37153 11845
37153 37199
37153 327983
37153 37179
37153 327782
37179 23058
37179 37150
37179 37266
37179 37333
37179 37399
37179 37413
37179 37523
37179 37627
37179 327949
37179 328446
37179 328498
37179 328507
37179 328772
37179 328837
37179 329277
37179 329433
37179 37497
37179 328562
37179 327804
37179 32653
37179 37053
37179 328964
37179 328266
37179 37239
37179 327960
37179 328320
37179 328512
37179 328137
37179 11845
37179 37199
37179 327983
37271 6083
37271 6968
37271 7020
37271 25818
37271 32437
37271 36916
37271 36943
37271 37016
37271 37157
37271 37276
37271 37352
37271 37363
37271 37399
37271 37482
37271 37484
37271 37515
37271 37549
37271 37564
37271 37618
37271 37650
37271 61092
37271 327737
37271 327750
37271 327751
37271 327761
37271 327804
37271 327813
37271 327822
37271 327849
37271 327851
37271 327896
37271 327897
37271 327909
37271 327926
37271 327982
37271 328036
37271 328051
37271 328112
37271 328156
37271 328199
37271 328210
37271 328266
37271 328270
37271 328315
37271 328317
37271 328334
37271 328386
37271 328391
37271 328400
37271 328437
37271 328441
37271 328471
37271 328480
37271 328510
37271 328698
37271 328735
37271 328744
37271 328767
37271 328855
37271 328868
37271 328910
37271 328911
37271 328916
37271 328942
37271 328964
37271 329045
37271 329063
37271 329206
37271 329305
37271 329384
37271 329478
37271 329546
37271 5713
37271 32653
37271 2018
37271 11845
37474 37497
37474 32653
37474 328964
37474 37239
37474 11845
37474 328748
37680 36916
37680 37611
37680 328337
37680 328596
37680 328888
37680 328966
37680 329112
37680 5713
37680 37497
37680 327782
37680 328748
37680 328562
37680 328112
37680 327804
37680 32653
37680 2018
37680 32437
37680 37053
37680 328964
37680 328266
37680 37239
37680 327960
37680 328320
37680 328512
37680 328137
37680 11845
37680 37199
37680 327983
37680 327693
327693 23058
327693 36983
327693 37412
327693 37479
327693 37611
327693 327808
327693 327832
327693 327946
327693 328041
327693 328161
327693 328431
327693 328456
327693 328505
327693 328513
327693 328526
327693 328537
327693 328651
327693 328672
327693 328677
327693 328790
327693 328798
327693 328902
327693 329064
327693 329106
327693 329290
327693 329429
327693 329505
327693 37497
327693 328562
327693 327804
327693 32653
327693 37053
327693 328964
327693 328266
327693 37239
327693 327960
327693 328320
327693 328512
327693 328137
327693 11845
327693 37199
327693 327983
327693 5713
328333 37225
328333 327754
328333 327950
328333 327984
328333 328167
328333 328178
328333 328341
328333 328486
328333 328538
328333 328622
328333 328863
328333 328931
328333 329089
328333 329303
328333 329501
328333 329608
328333 37497
328333 327782
328333 328562
328333 327804
328333 32653
328333 328964
328333 328266
328333 37239
328333 327960
328333 328320
328333 328512
328333 328137
328333 11845
328333 37199
328333 327983
7020 37497
7020 5713
7020 327782
7020 32653
7020 37239
7020 327960
7020 327983
7020 328137
7020 328266
7020 11845
7020 37199
7020 327804
7020 328320
7020 328512
7020 328562
7020 328964
7020 37053
7020 328122
10474 328045
10474 328710
11845 37497
11845 5713
11845 327782
11845 37358
11845 328748
11845 37739
11845 328884
11845 328434
11845 32653
11845 37239
11845 327960
11845 327983
11845 328137
11845 328266
11845 22386
11845 33769
11845 37352
11845 37599
11845 327850
11845 327979
11845 327987
11845 328174
11845 328423
11845 328441
11845 329474
11845 328631
11845 327812
11845 329153
11845 329541
11845 328917
11845 328777
11845 328468
11845 37028
11845 328839
11845 328855
11845 37333
11845 328510
11845 37150
11845 37640
11845 327772
11845 328278
11845 327988
11845 37412
11845 328350
11845 36968
11845 328935
11845 329360
11845 329212
11845 327908
11845 328820
11845 328176
11845 328719
11845 37523
11845 328036
11845 328622
11845 328760
11845 329479
11845 37254
11845 37055
11845 37668
11845 328790
11845 328391
11845 328747
11845 328714
11845 328498
11845 327950
11845 328156
11845 328106
11845 329206
11845 329597
11845 329053
11845 329266
11845 328373
11845 328400
11845 329237
11845 327923
11845 328868
11845 6968
11845 328384
11845 329159
11845 329510
11845 327936
11845 328744
11845 37670
11845 328763
11845 329243
11845 328417
11845 328562
11845 328020
11845 37235
11845 327896
11845 37652
11845 328242
11845 327872
11845 328112
11845 328767
11845 328931
11845 329438
11845 328706
11845 37368
11845 37597
11845 329433
11845 328568
11845 37157
11845 328337
11845 328929
11845 328772
11845 328608
11845 328209
11845 328388
11845 328446
11845 22355
11845 328125
11845 329248
11845 37663
11845 328894
11845 37653
11845 328422
11845 327804
11845 328270
11845 37491
11845 328536
11845 37542
11845 328505
11845 327996
11845 328114
11845 327922
11845 328643
11845 327849
11845 328633
11845 37515
11845 327750
11845 328365
11845 328351
11845 37482
11845 328948
11845 327966
11845 328677
11845 329527
11845 328464
11845 37673
11845 37356
11845 328749
11845 36916
11845 328361
11845 2018
11845 37159
11845 37724
11845 328473
11845 329049
11845 328548
11845 328698
11845 328167
11845 32437
11845 327808
11845 327943
11845 327984
11845 328001
11845 328119
11845 328888
11845 328575
11845 329401
11845 328039
11845 327791
11845 328806
11845 37049
11845 328870
11845 328051
11845 328810
11845 328041
11845 327962
11845 327907
11845 329276
11845 328220
11845 328517
11845 328483
11845 328237
11845 329046
11845 328946
11845 329058
11845 328262
11845 328952
11845 328818
11845 37627
11845 328523
11845 328341
11845 328674
11845 328912
11845 327935
11845 328426
11845 329144
11845 37053
11845 328964
11845 6083
11845 36985
11845 37457
11845 328437
11845 328037
11845 328672
11845 329346
11845 213481
11845 328431
11845 328179
11845 328829
11845 329414
11845 328583
11845 329063
11845 327794
11845 329391
11845 329467
11845 328720
11845 328589
11845 327926
11845 327817
11845 329392
11845 328942
11845 328461
11845 328974
11845 328317
11845 328364
11845 328375
11845 37525
11845 328691
11845 328327
11845 328638
11845 328656
11845 328074
11845 37650
11845 328963
11845 328624
11845 328519
11845 36943
11845 329402
11845 328803
11845 328360
11845 329455
11845 328874
11845 327761
11845 328170
11845 328795
11845 37519
11845 328313
11845 328210
11845 329064
11845 327892
11845 328335
11845 328735
11845 328320
11845 329166
11845 329291
11845 329465
11845 329039
11845 328164
11845 328246
11845 329408
11845 327894
11845 37441
11845 329350
11845 328356
11845 329098
11845 328657
11845 328882
11845 328750
11845 328216
11845 328544
11845 37675
11845 328816
11845 329184
11845 328512
11845 37403
11845 37484
11845 327982
11845 329478
11845 329305
11845 37628
11845 37007
11845 329126
11845 329317
11845 328480
11845 328323
11845 328029
11845 329032
11845 25818
11845 329443
11845 20011
11845 14115
11845 328507
11845 329371
11845 328199
11845 328644
11845 328788
11845 327901
11845 37399
11845 328693
11845 37656
11845 37317
11845 327751
11845 329038
11845 327889
11845 328661
11845 37363
11845 37236
11845 329429
11845 329388
11845 328334
11845 329062
11845 329240
11845 329546
11845 329481
11845 328467
11845 327909
11845 328346
11845 328547
11845 328146
11845 328315
11845 328970
11845 328222
11845 328016
11845 328173
11845 37172
11845 328275
11845 328474
11845 37225
11845 328024
11845 37314
11845 329290
11845 327824
11845 327767
11845 37168
11845 37316
11845 329125
11845 328598
11845 23058
11845 329084
11845 328456
11845 328501
11845 328745
11845 328471
11845 328915
11845 3067
11845 11744
11845 15022
11845 21739
11845 37479
11845 37731
11845 327733
11845 327813
11845 327822
11845 327897
11845 328172
11845 328178
11845 328306
11845 328761
11845 328837
11845 328841
11845 328848
11845 329028
11845 329036
11845 329202
11845 329340
11845 329386
11845 329471
11845 329558
11845 16800
11845 22572
11845 29918
11845 37199
11845 37266
11845 37276
11845 37315
11845 37549
11845 37564
11845 37618
11845 37634
11845 37720
11845 61092
11845 327991
11845 328032
11845 328045
11845 328068
11845 328214
11845 328260
11845 328285
11845 328287
11845 328336
11845 328347
11845 328366
11845 328386
11845 328397
11845 328418
11845 328444
11845 328538
11845 328576
11845 328632
11845 328730
11845 328732
11845 328822
11845 328826
11845 328911
11845 328916
11845 329042
11845 329121
11845 329122
11845 329222
11845 329279
11845 329289
11845 329303
11845 329384
14115 37497
14115 327782
14115 32653
14115 37239
14115 327960
14115 327983
14115 328137
14115 328266
14115 327804
14115 328512
14115 328562
14115 328964
14115 37053
16800 37497
16800 327782
16800 32653
16800 37239
16800 327960
16800 327983
16800 328137
16800 328266
16800 37199
16800 327804
16800 328320
16800 328512
16800 328562
16800 328964
20011 37497
20011 5713
20011 327782
20011 32653
20011 37239
20011 327960
20011 327983
20011 328137
20011 328266
20011 37199
20011 327804
20011 328320
20011 328512
20011 328562
20011 328964
20011 328453
20011 328467
22386 37497
22386 32653
22386 37239
22386 328137
22386 327804
22386 328512
22386 328964
23058 37497
23058 5713
23058 32653
23058 37239
23058 327960
23058 327983
23058 328137
23058 327804
23058 328512
23058 328562
23058 328964
25818 37497
25818 5713
25818 327782
25818 32653
25818 37239
25818 327960
25818 327983
25818 328137
25818 328266
25818 37199
25818 327804
25818 328320
25818 328512
25818 328562
25818 328964
25818 37053
25818 327733
25818 329392
32437 37497
32437 5713
32437 328748
32437 32653
32437 37239
32437 327960
32437 327983
32437 328137
32437 328266
32437 37199
32437 327804
32437 328320
32437 328562
32437 328964
32437 37053
32437 2018
32437 21739
32437 37017
32437 328365
32437 328391
32437 328512
32437 329039
32437 329541
32437 328112
32437 36916
32437 328366
32653 37497
32653 327782
32653 37358
32653 328748
32653 37739
32653 328884
32653 328434
32653 37394
32653 37628
32653 328032
32653 328510
32653 329075
32653 329331
32653 329558
32653 328631
32653 327812
32653 329153
32653 329541
32653 328917
32653 328777
32653 328468
32653 37028
32653 328839
32653 328855
32653 37333
32653 37150
32653 37640
32653 327772
32653 328278
32653 327988
32653 37412
32653 328350
32653 36968
32653 328935
32653 329360
32653 329212
32653 327908
32653 328820
32653 328176
32653 328719
32653 37302
32653 37523
32653 328036
32653 328622
32653 329474
32653 328760
32653 329479
32653 37254
32653 37055
32653 37668
32653 328790
32653 328391
32653 328747
32653 328714
32653 328498
32653 327950
32653 328156
32653 328106
32653 329206
32653 329597
32653 329053
32653 329266
32653 328373
32653 328400
32653 329237
32653 327923
32653 328868
32653 6968
32653 328384
32653 329159
32653 329510
32653 327936
32653 328744
32653 329151
32653 37670
32653 327698
32653 328763
32653 329243
32653 328417
32653 328562
32653 328020
32653 37235
32653 327896
32653 37652
32653 328242
32653 327872
32653 328112
32653 328767
32653 328931
32653 329438
32653 328706
32653 37368
32653 37597
32653 329433
32653 328568
32653 37157
32653 328337
32653 328929
32653 328772
32653 328608
32653 328209
32653 328388
32653 328446
32653 22355
32653 328125
32653 329248
32653 37663
32653 329608
32653 328894
32653 37653
32653 328422
32653 327804
32653 328270
32653 37491
32653 328536
32653 37542
32653 328505
32653 327996
32653 328114
32653 327922
32653 328643
32653 327849
32653 328633
32653 37515
32653 327750
32653 328365
32653 328351
32653 37482
32653 328948
32653 327966
32653 328677
32653 329527
32653 328464
32653 37673
32653 37356
32653 328749
32653 36916
32653 2018
32653 3067
32653 6083
32653 11744
32653 13854
32653 15022
32653 21739
32653 22572
32653 36943
32653 36985
32653 37007
32653 37049
32653 37053
32653 37159
32653 37168
32653 37172
32653 37199
32653 37225
32653 37236
32653 37239
32653 37266
32653 37276
32653 37314
32653 37315
32653 37316
32653 37317
32653 37363
32653 37399
32653 37403
32653 37441
32653 37457
32653 37479
32653 37519
32653 37525
32653 37549
32653 37564
32653 37599
32653 37618
32653 37627
32653 37634
32653 37650
32653 37656
32653 37675
32653 37720
32653 37724
32653 37731
32653 61092
32653 213481
32653 327733
32653 327751
32653 327754
32653 327761
32653 327767
32653 327791
32653 327794
32653 327808
32653 327813
32653 327817
32653 327822
32653 327824
32653 327889
32653 327892
32653 327894
32653 327897
32653 327901
32653 327907
32653 327909
32653 327926
32653 327935
32653 327943
32653 327960
32653 327962
32653 327979
32653 327982
32653 327983
32653 327984
32653 327987
32653 327991
32653 328001
32653 328016
32653 328024
32653 328029
32653 328037
32653 328039
32653 328041
32653 328045
32653 328049
32653 328051
32653 328068
32653 328074
32653 328119
32653 328137
32653 328146
32653 328164
32653 328167
32653 328170
32653 328172
32653 328173
32653 328174
32653 328178
32653 328179
32653 328199
32653 328210
32653 328214
32653 328216
32653 328220
32653 328222
32653 328237
32653 328246
32653 328260
32653 328262
32653 328266
32653 328275
32653 328285
32653 328287
32653 328306
32653 328313
32653 328315
32653 328317
32653 328320
32653 328323
32653 328327
32653 328334
32653 328335
32653 328336
32653 328341
32653 328346
32653 328347
32653 328356
32653 328360
32653 328361
32653 328364
32653 328366
32653 328375
32653 328386
32653 328397
32653 328418
32653 328423
32653 328426
32653 328431
32653 328437
32653 328441
32653 328444
32653 328456
32653 328461
32653 328467
32653 328471
32653 328473
32653 328474
32653 328480
32653 328483
32653 328501
32653 328507
32653 328512
32653 328517
32653 328519
32653 328523
32653 328538
32653 328544
32653 328547
32653 328548
32653 328575
32653 328576
32653 328583
32653 328589
32653 328598
32653 328632
32653 328638
32653 328644
32653 328656
32653 328657
32653 328661
32653 328672
32653 328674
32653 328691
32653 328693
32653 328698
32653 328720
32653 328730
32653 328732
32653 328735
32653 328745
32653 328750
32653 328761
32653 328788
32653 328795
32653 328803
32653 328806
32653 328810
32653 328816
32653 328818
32653 328822
32653 328826
32653 328829
32653 328837
32653 328841
32653 328848
32653 328870
32653 328874
32653 328882
32653 328888
32653 328911
32653 328912
32653 328915
32653 328916
32653 328942
32653 328946
32653 328952
32653 328963
32653 328964
32653 328970
32653 328974
32653 329028
32653 329032
32653 329036
32653 329038
32653 329039
32653 329042
32653 329046
32653 329049
32653 329058
32653 329062
32653 329063
32653 329064
32653 329084
32653 329098
32653 329121
32653 329122
32653 329125
32653 329126
32653 329144
32653 329166
32653 329184
32653 329202
32653 329222
32653 329240
32653 329276
32653 329279
32653 329289
32653 329291
32653 329303
32653 329305
32653 329317
32653 329340
32653 329346
32653 329350
32653 329371
32653 329384
32653 329386
32653 329388
32653 329391
32653 329392
32653 329401
32653 329402
32653 329414
32653 329429
32653 329443
32653 329455
32653 329465
32653 329467
32653 329471
32653 329478
32653 329481
32653 329546
32653 329290
32653 329408
36916 37497
36916 5713
36916 327782
36916 328748
36916 37239
36916 327960
36916 327983
36916 328137
36916 328266
36916 37199
36916 327804
36916 328320
36916 328512
36916 328562
36916 328964
36916 2018
36916 328241
36916 329084
36916 329350
36916 328112
36916 328366
36968 37497
36968 5713
36968 327782
36968 37239
36968 327960
36968 327983
36968 328137
36968 328266
36968 37199
36968 327804
36968 328320
36968 328512
36968 328562
36968 328964
36968 37053
36968 22355
36983 37358
36983 36937
37028 37497
37028 37239
37028 327960
37028 328137
37028 328266
37028 327804
37028 328512
37028 328964
37028 37053
37049 37497
37049 327782
37049 37239
37049 327960
37049 327983
37049 328137
37049 328266
37049 37199
37049 327804
37049 328320
37049 328512
37049 328562
37049 328964
37053 37497
37053 5713
37053 327782
37053 37358
37053 37239
37053 327960
37053 327983
37053 328137
37053 328266
37053 37199
37053 327804
37053 328320
37053 328562
37053 328964
37053 328917
37053 329097
37053 328839
37053 37333
37053 37150
37053 37640
37053 327988
37053 328350
37053 329360
37053 329474
37053 328391
37053 329206
37053 37235
37053 327896
37053 37652
37053 37157
37053 328608
37053 22355
37053 328536
37053 37542
37053 328114
37053 327849
37053 328633
37053 328365
37053 2018
37053 328870
37053 6083
37053 22572
37053 36943
37053 37168
37053 37236
37053 37276
37053 37314
37053 37457
37053 37479
37053 37599
37053 37628
37053 327733
37053 327767
37053 327979
37053 327991
37053 328029
37053 328032
37053 328501
37053 328583
37053 328672
37053 328732
37053 329166
37053 329481
37053 37225
37053 37315
37053 37363
37053 37399
37053 37525
37053 37639
37053 37675
37053 328045
37053 328170
37053 328174
37053 328366
37053 328576
37150 37497
37150 37239
37150 327960
37150 327983
37150 328137
37150 328266
37150 37199
37150 327804
37150 328512
37150 328964
37159 37497
37159 327782
37159 37239
37159 328964
37168 37497
37168 327782
37168 37239
37168 327960
37168 327983
37168 328137
37168 328266
37168 37199
37168 327804
37168 328320
37168 328512
37168 328562
37168 328964
37172 37497
37172 327782
37172 37239
37172 327960
37172 327983
37172 328137
37172 328266
37172 37199
37172 327804
37172 328320
37172 328512
37172 328562
37172 328964
37172 328791
37172 329165
37199 37497
37199 5713
37199 327782
37199 37358
37199 328748
37199 37739
37199 328884
37199 328434
37199 37239
37199 327960
37199 327983
37199 328137
37199 328266
37199 328631
37199 327812
37199 329153
37199 328917
37199 328777
37199 328839
37199 328855
37199 37333
37199 328510
37199 37640
37199 327772
37199 328278
37199 327988
37199 328935
37199 329360
37199 328820
37199 328176
37199 328036
37199 37254
37199 328790
37199 328391
37199 327950
37199 328156
37199 329206
37199 329597
37199 329053
37199 329266
37199 328373
37199 328400
37199 329237
37199 327923
37199 328868
37199 328384
37199 329159
37199 329510
37199 327936
37199 328744
37199 37670
37199 327698
37199 328763
37199 328417
37199 328562
37199 328020
37199 327896
37199 37652
37199 328242
37199 327872
37199 328112
37199 328767
37199 37597
37199 328568
37199 37157
37199 328337
37199 328772
37199 328608
37199 328209
37199 328388
37199 328446
37199 22355
37199 329608
37199 37653
37199 328422
37199 327804
37199 328270
37199 37491
37199 328536
37199 37542
37199 328505
37199 327996
37199 328114
37199 327849
37199 328633
37199 37515
37199 328365
37199 328351
37199 37482
37199 327966
37199 328677
37199 328464
37199 37673
37199 37356
37199 328749
37199 328361
37199 2018
37199 37724
37199 329049
37199 328698
37199 328167
37199 327943
37199 328001
37199 328119
37199 328888
37199 328575
37199 328039
37199 328806
37199 328870
37199 328051
37199 328810
37199 327962
37199 327907
37199 329276
37199 328220
37199 328517
37199 328237
37199 329046
37199 328946
37199 329058
37199 328262
37199 328952
37199 328818
37199 37627
37199 328523
37199 328341
37199 328912
37199 327935
37199 328426
37199 329144
37199 328964
37199 6083
37199 36985
37199 37457
37199 328437
37199 328672
37199 329346
37199 213481
37199 328431
37199 328179
37199 328829
37199 329063
37199 327794
37199 328720
37199 328589
37199 327926
37199 329392
37199 328461
37199 328974
37199 328317
37199 328375
37199 37525
37199 328691
37199 328327
37199 328638
37199 328656
37199 37650
37199 37599
37199 328963
37199 328519
37199 36943
37199 329402
37199 328803
37199 328360
37199 329455
37199 327761
37199 328170
37199 328795
37199 37519
37199 328313
37199 328210
37199 327892
37199 328335
37199 328735
37199 328320
37199 329039
37199 328246
37199 327894
37199 329350
37199 329098
37199 328657
37199 328750
37199 328544
37199 37675
37199 328512
37199 328174
37199 37484
37199 327982
37199 329478
37199 329305
37199 37628
37199 37007
37199 329126
37199 328480
37199 328323
37199 328029
37199 329032
37199 329443
37199 328199
37199 328788
37199 327901
37199 37399
37199 328693
37199 37656
37199 37317
37199 327751
37199 327889
37199 328661
37199 37363
37199 37236
37199 328334
37199 329062
37199 329240
37199 329546
37199 329481
37199 327909
37199 328346
37199 328547
37199 328146
37199 328315
37199 328970
37199 328016
37199 328275
37199 328474
37199 37225
37199 37314
37199 327824
37199 327767
37199 329125
37199 328598
37199 329084
37199 328456
37199 328501
37199 328471
37199 327987
37199 328576
37199 37549
37199 328214
37199 328826
37199 328347
37199 37276
37199 11744
37199 327822
37199 29918
37199 327897
37199 328306
37199 21739
37199 329222
37199 37634
37199 328287
37199 328260
37199 328822
37199 328172
37199 329303
37199 328911
37199 37731
37199 328386
37199 328068
37199 329558
37199 327754
37199 328418
37199 329289
37199 37720
37199 37315
37199 37266
37199 3067
37199 15022
37199 37479
37199 327733
37199 328049
37199 328178
37199 328632
37199 328837
37199 328848
37199 329028
37199 329036
37199 37564
37199 37618
37199 61092
37199 327991
37199 328032
37199 328285
37199 328336
37199 328366
37199 328732
37199 328916
37199 329121
37199 329384
37235 37497
37235 37239
37235 327960
37235 328137
37235 328266
37235 327804
37235 328320
37235 328512
37235 328562
37235 328964
37236 37497
37236 327782
37236 37239
37236 327960
37236 327983
37236 328137
37236 328266
37236 327804
37236 328320
37236 328512
37236 328562
37236 328964
37236 37334
37236 327726
37236 327849
37236 328641
37236 328785
37236 328961
37236 329557
37239 37497
37239 5713
37239 327782
37239 37358
37239 328748
37239 37739
37239 328884
37239 328434
37239 22750
37239 327688
37239 327737
37239 328173
37239 328317
37239 328339
37239 328537
37239 328670
37239 328761
37239 329097
37239 329113
37239 329229
37239 328631
37239 327812
37239 329153
37239 329541
37239 328777
37239 328468
37239 328839
37239 328855
37239 37333
37239 328510
37239 37640
37239 327772
37239 328278
37239 327988
37239 37412
37239 328350
37239 328935
37239 329360
37239 329212
37239 327908
37239 328820
37239 328176
37239 328719
37239 37302
37239 37523
37239 328036
37239 328622
37239 329474
37239 328760
37239 329479
37239 37254
37239 37055
37239 37668
37239 328790
37239 328391
37239 328747
37239 328714
37239 328498
37239 327950
37239 328156
37239 328106
37239 329206
37239 329597
37239 329053
37239 329266
37239 328373
37239 328400
37239 329237
37239 327923
37239 328868
37239 6968
37239 328384
37239 329159
37239 329510
37239 327936
37239 328744
37239 37670
37239 328763
37239 329243
37239 328417
37239 328562
37239 328020
37239 327896
37239 37652
37239 328242
37239 327872
37239 328112
37239 328767
37239 328931
37239 329438
37239 328706
37239 37368
37239 37597
37239 329433
37239 328568
37239 37157
37239 328337
37239 328929
37239 328772
37239 37352
37239 328608
37239 328209
37239 328388
37239 328446
37239 22355
37239 328125
37239 329248
37239 37663
37239 329608
37239 328894
37239 37653
37239 328422
37239 327804
37239 328270
37239 37491
37239 328536
37239 37542
37239 328505
37239 327996
37239 328114
37239 327922
37239 328643
37239 327849
37239 328633
37239 37515
37239 327750
37239 328365
37239 328351
37239 37482
37239 328948
37239 327966
37239 328677
37239 329527
37239 328464
37239 37673
37239 37356
37239 328749
37239 328361
37239 2018
37239 37724
37239 328473
37239 329049
37239 328548
37239 328698
37239 328167
37239 327808
37239 327943
37239 327984
37239 328001
37239 328119
37239 328888
37239 328575
37239 329401
37239 328039
37239 327791
37239 328806
37239 328870
37239 328051
37239 328810
37239 328041
37239 327962
37239 327907
37239 329276
37239 328220
37239 328517
37239 328483
37239 328237
37239 329046
37239 328946
37239 329058
37239 328262
37239 328952
37239 328818
37239 37627
37239 328523
37239 328341
37239 328674
37239 328912
37239 327935
37239 328426
37239 329144
37239 328964
37239 6083
37239 36985
37239 37457
37239 328437
37239 328037
37239 328672
37239 328266
37239 329346
37239 213481
37239 328431
37239 328179
37239 328829
37239 329414
37239 328583
37239 329063
37239 327794
37239 329391
37239 329467
37239 328720
37239 328589
37239 327926
37239 327817
37239 329392
37239 328942
37239 328461
37239 328974
37239 328364
37239 328375
37239 37525
37239 328691
37239 328327
37239 328638
37239 328656
37239 328074
37239 37650
37239 37599
37239 328963
37239 328624
37239 328519
37239 36943
37239 329402
37239 328803
37239 328360
37239 3067
37239 11744
37239 15022
37239 21739
37239 22572
37239 29918
37239 37007
37239 37225
37239 37266
37239 37276
37239 37314
37239 37315
37239 37316
37239 37363
37239 37399
37239 37403
37239 37441
37239 37479
37239 37484
37239 37519
37239 37549
37239 37564
37239 37618
37239 37628
37239 37634
37239 37656
37239 37675
37239 37731
37239 61092
37239 327733
37239 327751
37239 327754
37239 327761
37239 327767
37239 327813
37239 327822
37239 327824
37239 327889
37239 327892
37239 327894
37239 327897
37239 327901
37239 327960
37239 327979
37239 327982
37239 327983
37239 327987
37239 327991
37239 328016
37239 328024
37239 328029
37239 328032
37239 328045
37239 328049
37239 328068
37239 328137
37239 328146
37239 328164
37239 328170
37239 328172
37239 328178
37239 328199
37239 328210
37239 328214
37239 328216
37239 328222
37239 328246
37239 328260
37239 328275
37239 328285
37239 328287
37239 328306
37239 328315
37239 328320
37239 328323
37239 328334
37239 328335
37239 328336
37239 328346
37239 328347
37239 328366
37239 328386
37239 328397
37239 328418
37239 328423
37239 328441
37239 328444
37239 328456
37239 328467
37239 328471
37239 328474
37239 328480
37239 328501
37239 328507
37239 328512
37239 328538
37239 328544
37239 328547
37239 328576
37239 328598
37239 328632
37239 328644
37239 328657
37239 328661
37239 328693
37239 328730
37239 328732
37239 328735
37239 328745
37239 328750
37239 328788
37239 328795
37239 328816
37239 328822
37239 328826
37239 328837
37239 328841
37239 328848
37239 328874
37239 328882
37239 328911
37239 328915
37239 328916
37239 328970
37239 329028
37239 329032
37239 329036
37239 329038
37239 329039
37239 329042
37239 329062
37239 329064
37239 329084
37239 329098
37239 329121
37239 329125
37239 329126
37239 329166
37239 329184
37239 329202
37239 329222
37239 329240
37239 329279
37239 329289
37239 329291
37239 329303
37239 329305
37239 329317
37239 329340
37239 329350
37239 329371
37239 329384
37239 329386
37239 329388
37239 329429
37239 329443
37239 329455
37239 329465
37239 329471
37239 329478
37239 329481
37239 329546
37239 329558
37239 37317
37239 37720
37239 328174
37239 328313
37239 328356
37239 329122
37239 329290
37239 329408
37276 37497
37276 327782
37276 327960
37276 327983
37276 328137
37276 328266
37276 327804
37276 328320
37276 328512
37276 328562
37276 328964
37276 328359
37276 328917
37276 329237
37302 37497
37302 327983
37302 328366
37314 37497
37314 328137
37314 328266
37314 327804
37314 328512
37314 328964
37314 36937
37314 37316
37314 37441
37314 328074
37314 328313
37314 328816
37314 328894
37314 329291
37315 37497
37315 327782
37315 327960
37315 327983
37315 328137
37315 328266
37315 327804
37315 328512
37315 328964
37315 33762
37315 36898
37315 37488
37315 327840
37315 328608
37315 328806
37317 37497
37317 327960
37317 327983
37317 328137
37317 328266
37317 327804
37317 328320
37317 328512
37317 328562
37317 328964
37333 37497
37333 327960
37333 327983
37333 328137
37333 328266
37333 327804
37333 328512
37333 328964
37356 37497
37356 327782
37356 327960
37356 327983
37356 328137
37356 328266
37356 327804
37356 328320
37356 328512
37356 328562
37356 328964
37356 328384
37363 37497
37363 327960
37363 327983
37363 328137
37363 328266
37363 327804
37363 328320
37363 328512
37363 328562
37363 328964
37399 37497
37399 327960
37399 327983
37399 328137
37399 328266
37399 327804
37399 328512
37399 328964
37403 37497
37403 327960
37403 328137
37403 327804
37403 328512
37403 328562
37403 328964
37482 37497
37482 327782
37482 327960
37482 327983
37482 328137
37482 328266
37482 327804
37482 328320
37482 328512
37482 328562
37482 328964
37542 37497
37542 327960
37542 327983
37542 328137
37542 328266
37542 327804
37542 328320
37542 328512
37542 328562
37542 328964
37542 328157
37564 37497
37564 327782
37564 327960
37564 327983
37564 328137
37564 328266
37564 327804
37564 328320
37564 328512
37564 328562
37564 328964
37599 37497
37599 327983
37599 328137
37599 328266
37599 327804
37599 328512
37599 328964
37627 37497
37627 327960
37627 327983
37627 328137
37627 328266
37627 327804
37627 328512
37627 328964
37630 36937
37639 5713
37652 37497
37652 327782
37652 327960
37652 327983
37652 328137
37652 328266
37652 327804
37652 328320
37652 328512
37652 328562
37652 328964
37663 37497
37663 328748
37663 328266
37668 37497
37668 328748
37670 37497
37670 327960
37670 327983
37670 328137
37670 328266
37670 327804
37670 328320
37670 328512
37670 328562
37670 328964
37670 329266
37673 37497
37673 327960
37673 327983
37673 328137
37673 328266
37673 327804
37673 328320
37673 328512
37673 328562
37673 328964
37673 328371
37673 328872
37673 328912
37673 329266
37673 22355
37675 37497
37675 5713
37675 327782
37675 327960
37675 327983
37675 328137
37675 328266
37675 327804
37675 328320
37675 328512
37675 328562
37675 328964
327733 37497
327733 327960
327733 327983
327733 328137
327733 328266
327733 327804
327733 328320
327733 328512
327733 328562
327733 328964
327733 328156
327751 37497
327751 327960
327751 327983
327751 328137
327751 328266
327751 327804
327751 328320
327751 328512
327751 328562
327751 328964
327751 328524
327754 37497
327754 327960
327754 327983
327754 328137
327754 328266
327754 327804
327754 328320
327754 328512
327754 328562
327754 328964
327767 37497
327767 327960
327767 327983
327767 328137
327767 328266
327767 327804
327767 328320
327767 328512
327767 328562
327767 328964
327767 37731
327767 213481
327767 328974
327767 329294
327772 37497
327772 327782
327772 327960
327772 327983
327772 328137
327772 328266
327772 327804
327772 328320
327772 328512
327772 328562
327772 328964
327794 37497
327794 327782
327794 327960
327794 328137
327794 328266
327794 327804
327794 328512
327794 328964
327794 328608
327794 37618
327804 37497
327804 5713
327804 327782
327804 37358
327804 328748
327804 37739
327804 328884
327804 328434
327804 327960
327804 327983
327804 328137
327804 328266
327804 328631
327804 327812
327804 329153
327804 329541
327804 328917
327804 328777
327804 328468
327804 328839
327804 328855
327804 328510
327804 37640
327804 328278
327804 327988
327804 37412
327804 328350
327804 328935
327804 329360
327804 327908
327804 328820
327804 328176
327804 328719
327804 37523
327804 328036
327804 329474
327804 37254
327804 328790
327804 328391
327804 328747
327804 328714
327804 328498
327804 327950
327804 328156
327804 328106
327804 329206
327804 329597
327804 329053
327804 329266
327804 328373
327804 328400
327804 329237
327804 327923
327804 328868
327804 6968
327804 328384
327804 329159
327804 329510
327804 327936
327804 328744
327804 327698
327804 328763
327804 329243
327804 328417
327804 328562
327804 328020
327804 327896
327804 328242
327804 327872
327804 328112
327804 328767
327804 328931
327804 328706
327804 37368
327804 37597
327804 329433
327804 328568
327804 37157
327804 328337
327804 328772
327804 328608
327804 328209
327804 328388
327804 328446
327804 22355
327804 329608
327804 328894
327804 37653
327804 328422
327804 2018
327804 3067
327804 6083
327804 11744
327804 22572
327804 29918
327804 36943
327804 37007
327804 37225
327804 37266
327804 37316
327804 37441
327804 37479
327804 37484
327804 37491
327804 37515
327804 37519
327804 37525
327804 37549
327804 37618
327804 37628
327804 37634
327804 37650
327804 37720
327804 37724
327804 37731
327804 61092
327804 213481
327804 327761
327804 15022
327804 21739
327804 36985
327804 37457
327804 37656
327804 327750
327804 327791
327804 327813
327804 327817
327804 327822
327804 327962
327804 328016
327804 328049
327804 328178
327804 328210
327804 328222
327804 328320
327804 328327
327804 328341
327804 328346
327804 328360
327804 328423
327804 328437
327804 328441
327804 328467
327804 328501
327804 328512
327804 328519
327804 328523
327804 328638
327804 328643
327804 328661
327804 328745
327804 328761
327804 328806
327804 328837
327804 328848
327804 328874
327804 328946
327804 328948
327804 328974
327804 329028
327804 329036
327804 329038
327804 329125
327804 329184
327804 329317
327804 329371
327804 329388
327804 329478
327804 327808
327804 327824
327804 327849
327804 327889
327804 327892
327804 327894
327804 327897
327804 327901
327804 327907
327804 327909
327804 327926
327804 327935
327804 327943
327804 327966
327804 327979
327804 327982
327804 327984
327804 327987
327804 327991
327804 327996
327804 328001
327804 328024
327804 328029
327804 328037
327804 328039
327804 328041
327804 328045
327804 328051
327804 328068
327804 328074
327804 328114
327804 328119
327804 328146
327804 328164
327804 328167
327804 328170
327804 328172
327804 328173
327804 328174
327804 328179
327804 328199
327804 328214
327804 328216
327804 328220
327804 328237
327804 328246
327804 328260
327804 328262
327804 328270
327804 328275
327804 328285
327804 328287
327804 328306
327804 328313
327804 328315
327804 328317
327804 328323
327804 328334
327804 328335
327804 328336
327804 328347
327804 328351
327804 328356
327804 328361
327804 328366
327804 328375
327804 328386
327804 328418
327804 328426
327804 328431
327804 328444
327804 328456
327804 328461
327804 328464
327804 328471
327804 328473
327804 328474
327804 328480
327804 328505
327804 328507
327804 328517
327804 328536
327804 328538
327804 328544
327804 328547
327804 328548
327804 328575
327804 328576
327804 328583
327804 328589
327804 328598
327804 328624
327804 328632
327804 328633
327804 328644
327804 328656
327804 328657
327804 328672
327804 328677
327804 328691
327804 328693
327804 328698
327804 328720
327804 328730
327804 328732
327804 328735
327804 328749
327804 328750
327804 328788
327804 328795
327804 328803
327804 328810
327804 328816
327804 328818
327804 328822
327804 328826
327804 328829
327804 328841
327804 328870
327804 328882
327804 328888
327804 328911
327804 328912
327804 328915
327804 328916
327804 328952
327804 328963
327804 328964
327804 328970
327804 329032
327804 329039
327804 329042
327804 329046
327804 329049
327804 329058
327804 329062
327804 329063
327804 329064
327804 329084
327804 329098
327804 329121
327804 329122
327804 329126
327804 329166
327804 329202
327804 329222
327804 329240
327804 329276
327804 329279
327804 329289
327804 329290
327804 329291
327804 329303
327804 329305
327804 329340
327804 329346
327804 329350
327804 329384
327804 329386
327804 329391
327804 329392
327804 329401
327804 329402
327804 329414
327804 329443
327804 329455
327804 329465
327804 329467
327804 329471
327804 329527
327804 329546
327804 329558
327822 37497
327822 327782
327822 327983
327822 328266
327822 328512
327822 328964
327849 37497
327849 327782
327849 327960
327849 327983
327849 328137
327849 328266
327849 328320
327849 328512
327849 328562
327849 328964
327849 329276
327849 329289
327897 37497
327897 327782
327897 327960
327897 327983
327897 328137
327897 328266
327897 328320
327897 328512
327897 328562
327897 328964
327897 329125
327901 37497
327901 5713
327901 327782
327901 327960
327901 327983
327901 328137
327901 328266
327901 328320
327901 328512
327901 328562
327901 328964
327901 327896
327901 328533
327907 37497
327907 327960
327907 328137
327907 328266
327907 328512
327907 328964
327907 329243
327926 37497
327926 327960
327926 327983
327926 328137
327926 328266
327926 328320
327926 328512
327926 328562
327926 328964
327926 328020
327935 37497
327935 5713
327935 327782
327935 327960
327935 327983
327935 328137
327935 328266
327935 328320
327935 328512
327935 328562
327935 328964
327935 11157
327935 328483
327936 37497
327936 327782
327936 327960
327936 327983
327936 328137
327936 328266
327936 328320
327936 328512
327936 328562
327936 328964
327950 37497
327950 327782
327950 327983
327950 328137
327950 328266
327950 328512
327950 328964
327966 37497
327966 327960
327966 327983
327966 328137
327966 328266
327966 328320
327966 328512
327966 328562
327966 328964
327988 37497
327988 327960
327988 327983
327988 328137
327988 328266
327988 328320
327988 328512
327988 328562
327988 328964
327991 37497
327991 37358
327991 327960
327991 327983
327991 328137
327991 328266
327991 328320
327991 328512
327991 328562
327991 328964
328016 37497
328016 327960
328016 327983
328016 328137
328016 328266
328016 328320
328016 328512
328016 328562
328016 328964
328024 37497
328024 327782
328024 327960
328024 327983
328024 328137
328024 328512
328024 328562
328024 328964
328029 37497
328029 327782
328029 327960
328029 327983
328029 328137
328029 328266
328029 328320
328029 328512
328029 328562
328029 328964
328032 37497
328032 327782
328032 327983
328032 328137
328032 328266
328032 328512
328032 328964
328041 37497
328041 327782
328041 327960
328041 328137
328041 328266
328041 328512
328041 328562
328041 328964
328041 329068
328041 328366
328045 37497
328045 327782
328045 327960
328045 328137
328045 328266
328045 328320
328045 328512
328045 328562
328045 328964
328049 37497
328049 327782
328049 327960
328049 327983
328049 328137
328049 328266
328049 328320
328049 328512
328049 328562
328049 328964
328068 37497
328068 328748
328068 327960
328068 328137
328068 328266
328068 328320
328068 328512
328068 328562
328068 328964
328114 37497
328114 327782
328114 327960
328114 327983
328114 328137
328114 328266
328114 328320
328114 328512
328114 328562
328114 328964
328114 328346
328210 37497
328210 327960
328210 327983
328210 328137
328210 328266
328210 328320
328210 328512
328210 328562
328210 328964
328214 37497
328214 37358
328214 327960
328214 327983
328214 328137
328214 328266
328214 328320
328214 328512
328214 328562
328214 328964
328214 328963
328237 37497
328237 327960
328237 327983
328237 328137
328237 328266
328237 328512
328237 328964
328266 37497
328266 327782
328266 37358
328266 328748
328266 37739
328266 328884
328266 328434
328266 327960
328266 327983
328266 328137
328266 328631
328266 327812
328266 329153
328266 328917
328266 328777
328266 328839
328266 328855
328266 328510
328266 37640
328266 328278
328266 328935
328266 329360
328266 328820
328266 328176
328266 328036
328266 37254
328266 328790
328266 328391
328266 328156
328266 329206
328266 329597
328266 329053
328266 329266
328266 328373
328266 328400
328266 329237
328266 327923
328266 328868
328266 328384
328266 329159
328266 329510
328266 328744
328266 327698
328266 328763
328266 328417
328266 328562
328266 328020
328266 327896
328266 328242
328266 327872
328266 328112
328266 328767
328266 37597
328266 328568
328266 37157
328266 328337
328266 328772
328266 328608
328266 328209
328266 328388
328266 328446
328266 22355
328266 37653
328266 328422
328266 328270
328266 37491
328266 328536
328266 328505
328266 327996
328266 328633
328266 37515
328266 328365
328266 328351
328266 328677
328266 328464
328266 328749
328266 328361
328266 2018
328266 37724
328266 329049
328266 328698
328266 328167
328266 327943
328266 328001
328266 328119
328266 328888
328266 328575
328266 328039
328266 328806
328266 328870
328266 328051
328266 328810
328266 327962
328266 329276
328266 328220
328266 328517
328266 329046
328266 328946
328266 329058
328266 328262
328266 328952
328266 328818
328266 328523
328266 328341
328266 328912
328266 328426
328266 329144
328266 328964
328266 6083
328266 36985
328266 37457
328266 328437
328266 328672
328266 3067
328266 29918
328266 37007
328266 37225
328266 37266
328266 37484
328266 37525
328266 37549
328266 37618
328266 37628
328266 37634
328266 37650
328266 37720
328266 61092
328266 327761
328266 327824
328266 327892
328266 327909
328266 327987
328266 328146
328266 328170
328266 328174
328266 328199
328266 328246
328266 328260
328266 11744
328266 15022
328266 21739
328266 36943
328266 37479
328266 37519
328266 37656
328266 37731
328266 213481
328266 327889
328266 327894
328266 327982
328266 328172
328266 328178
328266 328179
328266 328306
328266 328320
328266 328323
328266 328327
328266 328335
328266 328346
328266 328360
328266 328375
328266 328418
328266 328474
328266 328480
328266 328501
328266 328512
328266 328519
328266 328598
328266 328632
328266 328638
328266 328656
328266 328661
328266 328732
328266 328788
328266 328795
328266 328837
328266 328848
328266 328911
328266 328916
328266 328963
328266 328970
328266 328974
328266 329028
328266 329032
328266 329036
328266 329039
328266 329062
328266 329125
328266 329303
328266 329305
328266 329443
328266 329478
328266 329481
328266 329558
328266 328275
328266 328285
328266 328287
328266 328313
328266 328315
328266 328317
328266 328334
328266 328336
328266 328347
328266 328366
328266 328386
328266 328431
328266 328456
328266 328461
328266 328471
328266 328544
328266 328547
328266 328576
328266 328589
328266 328657
328266 328691
328266 328693
328266 328720
328266 328735
328266 328750
328266 328803
328266 328822
328266 328826
328266 328829
328266 328882
328266 329063
328266 329084
328266 329098
328266 329121
328266 329126
328266 329222
328266 329240
328266 329289
328266 329346
328266 329350
328266 329384
328266 329392
328266 329402
328266 329455
328266 329546
328270 37497
328270 327960
328270 327983
328270 328137
328270 328320
328270 328512
328270 328562
328270 328964
328270 329247
328275 37497
328275 327782
328275 327960
328275 327983
328275 328137
328275 328320
328275 328512
328275 328562
328275 328964
328278 37497
328278 327782
328278 327960
328278 327983
328278 328137
328278 328320
328278 328512
328278 328562
328278 328964
328312 36937
328315 37497
328315 327782
328315 327960
328315 327983
328315 328137
328315 328320
328315 328512
328315 328562
328315 328964
328320 37497
328320 327782
328320 37358
328320 37739
328320 328884
328320 328434
328320 327960
328320 327983
328320 328137
328320 328562
328320 328631
328320 327812
328320 329541
328320 328777
328320 328839
328320 328510
328320 37640
328320 328350
328320 328935
328320 327908
328320 328820
328320 328036
328320 37254
328320 328790
328320 328747
328320 328106
328320 329206
328320 329597
328320 329053
328320 329266
328320 328373
328320 328400
328320 329237
328320 327923
328320 328868
328320 329510
328320 328744
328320 327698
328320 328417
328320 327896
328320 327872
328320 328112
328320 328767
328320 328568
328320 37157
328320 328337
328320 328772
328320 328608
328320 328209
328320 328388
328320 328446
328320 328125
328320 37653
328320 328422
328320 37491
328320 328536
328320 328505
328320 328633
328320 37515
328320 327750
328320 328351
328320 328677
328320 328749
328320 328361
328320 2018
328320 37724
328320 328698
328320 327943
328320 328119
328320 329401
328320 328039
328320 328870
328320 328051
328320 328810
328320 328220
328320 329046
328320 328946
328320 328262
328320 328952
328320 328523
328320 328341
328320 328426
328320 328964
328320 6083
328320 36985
328320 37457
328320 328437
328320 328037
328320 328672
328320 329346
328320 328179
328320 328829
328320 328583
328320 329063
328320 329391
328320 329467
328320 328720
328320 329392
328320 328974
328320 328317
328320 328375
328320 328691
328320 328327
328320 328638
328320 328656
328320 37650
328320 328963
328320 328519
328320 329402
328320 328803
328320 328360
328320 327761
328320 328170
328320 328795
328320 37519
328320 328313
328320 329064
328320 327892
328320 328335
328320 328735
328320 3067
328320 11744
328320 29918
328320 37007
328320 37266
328320 37479
328320 37484
328320 37549
328320 37618
328320 37634
328320 37720
328320 37731
328320 61092
328320 327889
328320 327894
328320 327909
328320 327979
328320 327982
328320 327987
328320 328146
328320 328172
328320 328173
328320 328199
328320 328216
328320 328285
328320 328287
328320 328306
328320 21739
328320 328346
328320 328467
328320 328501
328320 328512
328320 328661
328320 328761
328320 328848
328320 329038
328320 329125
328320 329317
328320 329478
328320 328334
328320 328336
328320 328347
328320 328366
328320 328386
328320 328456
328320 328480
328320 328544
328320 328547
328320 328576
328320 328598
328320 328632
328320 328657
328320 328730
328320 328732
328320 328788
328320 328822
328320 328841
328320 328911
328320 328916
328320 329032
328320 329036
328320 329039
328320 329062
328320 329084
328320 329098
328320 329121
328320 329222
328320 329240
328320 329289
328320 329290
328320 329305
328320 329350
328320 329384
328320 329443
328320 329546
328337 37497
328337 327782
328337 327960
328337 327983
328337 328137
328337 328512
328337 328562
328337 328964
328341 37497
328341 327960
328341 327983
328341 328137
328341 328512
328341 328562
328341 328964
328366 37497
328366 328748
328366 327960
328366 327983
328366 328137
328366 328512
328366 328562
328366 328964
328366 2018
328366 328112
328366 328043
328366 328568
328366 329578
328370 327782
328384 37497
328384 327782
328384 327983
328384 328512
328384 328964
328388 37497
328388 327960
328388 327983
328388 328137
328388 328512
328388 328562
328388 328964
328423 37497
328423 327983
328423 328137
328423 328512
328423 328562
328423 328964
328431 37497
328431 327983
328431 328964
328437 37497
328437 327782
328437 327960
328437 327983
328437 328137
328437 328512
328437 328562
328437 328964
328446 37497
328446 327960
328446 327983
328446 328137
328446 328512
328446 328562
328446 328964
328464 37497
328464 327960
328464 327983
328464 328137
328464 328512
328464 328964
328471 37497
328471 328137
328471 328512
328471 328964
328471 329300
328474 37497
328474 327983
328474 328512
328474 328964
328474 328112
328480 37497
328480 327782
328480 327960
328480 327983
328480 328137
328480 328512
328480 328562
328480 328964
328501 37497
328501 327960
328501 327983
328501 328137
328501 328512
328501 328562
328501 328964
328501 328391
328512 37497
328512 5713
328512 327782
328512 37358
328512 328748
328512 37739
328512 328884
328512 328434
328512 327960
328512 327983
328512 328137
328512 329248
328512 328631
328512 327812
328512 329153
328512 329541
328512 328777
328512 328468
328512 328839
328512 328510
328512 37640
328512 37412
328512 328350
328512 328935
328512 329360
328512 329212
328512 327908
328512 328820
328512 328176
328512 328719
328512 37523
328512 328036
328512 329474
328512 37254
328512 328790
328512 328747
328512 328714
328512 328498
328512 328106
328512 329206
328512 329597
328512 329053
328512 329266
328512 328373
328512 328400
328512 329237
328512 327923
328512 328868
328512 6968
328512 329510
328512 328744
328512 327698
328512 328763
328512 329243
328512 328417
328512 328562
328512 327896
328512 327872
328512 328112
328512 328767
328512 328931
328512 328706
328512 37368
328512 37597
328512 329433
328512 328568
328512 37157
328512 328929
328512 328772
328512 328608
328512 328209
328512 22355
328512 328125
328512 329608
328512 328894
328512 37653
328512 328422
328512 37491
328512 328536
328512 328505
328512 327996
328512 328643
328512 328633
328512 37515
328512 327750
328512 328365
328512 328351
328512 328948
328512 328677
328512 329527
328512 328749
328512 328361
328512 2018
328512 37724
328512 328473
328512 328548
328512 328698
328512 327808
328512 327943
328512 327984
328512 328001
328512 328119
328512 328888
328512 328575
328512 329401
328512 328039
328512 327791
328512 328870
328512 328051
328512 328810
328512 327962
328512 329276
328512 328220
328512 328517
328512 329046
328512 328946
328512 329058
328512 328262
328512 328952
328512 328818
328512 328523
328512 328912
328512 328426
328512 328964
328512 6083
328512 36985
328512 37457
328512 328037
328512 328672
328512 329346
328512 213481
328512 328179
328512 328829
328512 329414
328512 328583
328512 329063
328512 329391
328512 329467
328512 328720
328512 327817
328512 329392
328512 328461
328512 328974
328512 328317
328512 328375
328512 37525
328512 328691
328512 328327
328512 328638
328512 328656
328512 328074
328512 37650
328512 328963
328512 328624
328512 328519
328512 329402
328512 328803
328512 328360
328512 329455
328512 328874
328512 327761
328512 328170
328512 328795
328512 37519
328512 328313
328512 329064
328512 327892
328512 328335
328512 328735
328512 329166
328512 329291
328512 329465
328512 329039
328512 328164
328512 327894
328512 37441
328512 329350
328512 328356
328512 329098
328512 328657
328512 328882
328512 328216
328512 328544
328512 328816
328512 329184
328512 3067
328512 11744
328512 15022
328512 21739
328512 22572
328512 29918
328512 37007
328512 37225
328512 37266
328512 37316
328512 37479
328512 37484
328512 37549
328512 37618
328512 37628
328512 37634
328512 37720
328512 37731
328512 61092
328512 327813
328512 327824
328512 327889
328512 327909
328512 327979
328512 327982
328512 327987
328512 328146
328512 328172
328512 328173
328512 328178
328512 328199
328512 328222
328512 328285
328512 328287
328512 328306
328512 328323
328512 328334
328512 328336
328512 328346
328512 328347
328512 328386
328512 328397
328512 328441
328512 328444
328512 328456
328512 328467
328512 328507
328512 329038
328512 328538
328512 328547
328512 328576
328512 328598
328512 328632
328512 328644
328512 328661
328512 328730
328512 328732
328512 328745
328512 328761
328512 328788
328512 328822
328512 328826
328512 328841
328512 328848
328512 328911
328512 328915
328512 328916
328512 328970
328512 329028
328512 329032
328512 329036
328512 329042
328512 329062
328512 329084
328512 329121
328512 329122
328512 329125
328512 329126
328512 329202
328512 329222
328512 329240
328512 329279
328512 329289
328512 329290
328512 329303
328512 329305
328512 329317
328512 329340
328512 329371
328512 329384
328512 329386
328512 329388
328512 329443
328512 329471
328512 329478
328512 329546
328517 37497
328517 37358
328517 327960
328517 327983
328517 328137
328517 328964
328568 37497
328568 327960
328568 327983
328568 328137
328568 328562
328568 328964
328576 37497
328576 327960
328576 327983
328576 328137
328576 328562
328576 328964
328576 37515
328576 22355
328598 37497
328598 327782
328598 327960
328598 327983
328598 328137
328598 328562
328598 328964
328598 22355
328633 37497
328633 327782
328633 327960
328633 327983
328633 328137
328633 328562
328633 328964
328643 37497
328643 327960
328643 328137
328643 328562
328643 328964
328672 37497
328672 327782
328672 327960
328672 327983
328672 328137
328672 328562
328672 328964
328732 37497
328732 327960
328732 327983
328732 328137
328732 328562
328732 328964
328735 37497
328735 327960
328735 327983
328735 328137
328735 328562
328735 328964
328760 327782
328767 37497
328767 327960
328767 327983
328767 328137
328767 328562
328767 328964
328803 37497
328803 327782
328803 327960
328803 327983
328803 328137
328803 328562
328803 328964
328806 37497
328806 328748
328806 328964
328820 37497
328820 327960
328820 327983
328820 328137
328820 328562
328820 328964
328839 37497
328839 327960
328839 327983
328839 328137
328839 328562
328839 328964
328839 329276
328888 37497
328888 37739
328888 327960
328888 327983
328888 328137
328888 328964
328888 37368
328888 327805
328888 327962
328888 328257
328888 328538
328888 328608
328888 328714
328888 328719
328888 329462
329016 5713
329062 37497
329062 327782
329062 327960
329062 327983
329062 328137
329062 328562
329062 328964
329097 327782
329153 37497
329153 328137
329153 328964
329153 22355
329206 37497
329206 327960
329206 327983
329206 328137
329206 328562
329206 328964
329206 328723
329276 37497
329276 328137
329276 328964
329276 329181
329276 329196
329303 37497
329303 328137
329303 328964
329303 327791
329303 328441
329303 329360
329303 329371
329360 37497
329360 328137
329360 328964
329443 37497
329443 327782
329443 327960
329443 327983
329443 328137
329443 328562
329443 328964
329527 37497
329527 328137
329527 328562
329527 328964
329597 37497
329597 327960
329597 327983
329597 328137
329597 328562
329597 328964
37497 328884
37497 37254
37497 37720
37497 327750
37497 327892
37497 327979
37497 327983
37497 328037
37497 328170
37497 328216
37497 328327
37497 328350
37497 328351
37497 328608
37497 328631
37497 328661
37497 328747
37497 328810
37497 328841
37497 329038
37497 329438
37497 329479
37497 329558
37497 5713
37497 37739
37497 327782
37497 328748
37497 328434
37497 327812
37497 329541
37497 328917
37497 328777
37497 328468
37497 328855
37497 328510
37497 37640
37497 37412
37497 328935
37497 329212
37497 327908
37497 328176
37497 328719
37497 37523
37497 328036
37497 328622
37497 329474
37497 37055
37497 328790
37497 328391
37497 328714
37497 328498
37497 328156
37497 329053
37497 329266
37497 328373
37497 328400
37497 329237
37497 327923
37497 328868
37497 6968
37497 329159
37497 329510
37497 328744
37497 328763
37497 329243
37497 328417
37497 328562
37497 328020
37497 327896
37497 328242
37497 327872
37497 328112
37497 328931
37497 328706
37497 37368
37497 37597
37497 329433
37497 37157
37497 328929
37497 328772
37497 37352
37497 328209
37497 22355
37497 329248
37497 328894
37497 37653
37497 328422
37497 37491
37497 328536
37497 328505
37497 327996
37497 37515
37497 328365
37497 328948
37497 328677
37497 328749
37497 328361
37497 2018
37497 37724
37497 328473
37497 329049
37497 328548
37497 328698
37497 328167
37497 327808
37497 327943
37497 327984
37497 328001
37497 328119
37497 329401
37497 328039
37497 327791
37497 328870
37497 328051
37497 327962
37497 328220
37497 328483
37497 329046
37497 328946
37497 329058
37497 328262
37497 328952
37497 328818
37497 328523
37497 328674
37497 328912
37497 328964
37497 6083
37497 36985
37497 37457
37497 329346
37497 213481
37497 328179
37497 328829
37497 329414
37497 328583
37497 329063
37497 329391
37497 329467
37497 328720
37497 328589
37497 327817
37497 329392
37497 328461
37497 328974
37497 328317
37497 328364
37497 328375
37497 37525
37497 328691
37497 328638
37497 328656
37497 328074
37497 37650
37497 328963
37497 328624
37497 328519
37497 36943
37497 329402
37497 328360
37497 329455
37497 328874
37497 328795
37497 327960
37497 37519
37497 328313
37497 329064
37497 328335
37497 329166
37497 329291
37497 329465
37497 329039
37497 328164
37497 328246
37497 329408
37497 327894
37497 37441
37497 329350
37497 328356
37497 329098
37497 328657
37497 328882
37497 328816
37497 329184
37497 328174
37497 37484
37497 327982
37497 329478
37497 329305
37497 37628
37497 37007
37497 329126
37497 329317
37497 328323
37497 329032
37497 328507
37497 329371
37497 328199
37497 328644
37497 328441
37497 328788
37497 37656
37497 327889
37497 329429
37497 329388
37497 328334
37497 329240
37497 329546
37497 328467
37497 327909
37497 328346
37497 328547
37497 328146
37497 328222
37497 328173
37497 37225
37497 329290
37497 327824
37497 328137
37497 37316
37497 329125
37497 329084
37497 328456
37497 328745
37497 328915
37497 327987
37497 329471
37497 37549
37497 328826
37497 328347
37497 11744
37497 329340
37497 29918
37497 328306
37497 21739
37497 329222
37497 37634
37497 328287
37497 328260
37497 328822
37497 328172
37497 328911
37497 37731
37497 328386
37497 328444
37497 328418
37497 329289
37497 328730
37497 328761
37497 328397
37497 327813
37497 37266
37497 329042
37497 329384
37497 329279
37497 15022
37497 3067
37497 329028
37497 329036
37497 329122
37497 329386
37497 328916
37497 328538
37497 329202
37497 328178
37497 328285
37497 37479
37497 61092
37497 328848
37497 329121
37497 37618
37497 328837
37497 22572
37497 37358
5713 37358
5713 3067
5713 5734
5713 37251
5713 37402
5713 37428
5713 37457
5713 37519
5713 327791
5713 327943
5713 328039
5713 328106
5713 328122
5713 328146
5713 328349
5713 328350
5713 328375
5713 328422
5713 328461
5713 328523
5713 328691
5713 328712
5713 328713
5713 328848
5713 328855
5713 328868
5713 328947
5713 329284
5713 328748
5713 37739
5713 328112
5713 2018
327782 11744
327782 37055
327782 37438
327782 37650
327782 327787
327782 327791
327782 327894
327782 327960
327782 327982
327782 328120
327782 328125
327782 328246
327782 328314
327782 328360
327782 328364
327782 328536
327782 328547
327782 328612
327782 328826
327782 328948
327782 329184
327782 329249
327782 329515
327782 328884
327782 328434
327782 328917
327782 328855
327782 328510
327782 329212
327782 329479
327782 328790
327782 328373
327782 328868
327782 328562
327782 37597
327782 328929
327782 329608
327782 328365
327782 328351
327782 2018
327782 328870
327782 327962
327782 328220
327782 328262
327782 328818
327782 328964
327782 37457
327782 213481
327782 328589
327782 328942
327782 328317
327782 328327
327782 36943
327782 327761
327782 37519
327782 329166
327782 329039
327782 328750
327782 328544
327782 37484
327782 37628
327782 328137
327782 327987
327782 37549
327782 328260
327782 328397
327782 329028
327782 327983
327782 328178
327782 328285
327782 61092
328964 37358
328964 328748
328964 37739
328964 328884
328964 328434
328964 327960
328964 327983
328964 328137
328964 328562
328964 328631
328964 327812
328964 329541
328964 328917
328964 328777
328964 328468
328964 328855
328964 328510
328964 37640
328964 37412
328964 328350
328964 328935
328964 329212
328964 327908
328964 328176
328964 328719
328964 37523
328964 328036
328964 329474
328964 37254
328964 37055
328964 328790
328964 328391
328964 328747
328964 328714
328964 328498
328964 328156
328964 328106
328964 329053
328964 329266
328964 328373
328964 328400
328964 329237
328964 327923
328964 328868
328964 6968
328964 329159
328964 329510
328964 328744
328964 329151
328964 327698
328964 328763
328964 329243
328964 328417
328964 328020
328964 327896
328964 328242
328964 327872
328964 328112
328964 328931
328964 328706
328964 37368
328964 37597
328964 329433
328964 37157
328964 328929
328964 328772
328964 37352
328964 328608
328964 328209
328964 22355
328964 328125
328964 328894
328964 37653
328964 328422
328964 37491
328964 328536
328964 328505
328964 327996
328964 37515
328964 327750
328964 328365
328964 328351
328964 328948
328964 328677
328964 328749
328964 328361
328964 2018
328964 37724
328964 328473
328964 329049
328964 328548
328964 328698
328964 328167
328964 327808
328964 327943
328964 327984
328964 328001
328964 328119
328964 328575
328964 329401
328964 328039
328964 327791
328964 328870
328964 328051
328964 328810
328964 327962
328964 328220
328964 329046
328964 328946
328964 329058
328964 328262
328964 328952
328964 328818
328964 328523
328964 328912
328964 328426
328964 329144
328964 3067
328964 6083
328964 22572
328964 29918
328964 36943
328964 37007
328964 37225
328964 37266
328964 37316
328964 37441
328964 37484
328964 37525
328964 37549
328964 37618
328964 37628
328964 37634
328964 37650
328964 37720
328964 61092
328964 327761
328964 327824
328964 327889
328964 327892
328964 327894
328964 327909
328964 327979
328964 327987
328964 328074
328964 328146
328964 328164
328964 328170
328964 328173
328964 328174
328964 328199
328964 328216
328964 328246
328964 328260
328964 328285
328964 328287
328964 328313
328964 328317
328964 328334
328964 328336
328964 328347
328964 328356
328964 328386
328964 328397
328964 328444
328964 328456
328964 328461
328964 328507
328964 328538
328964 328544
328964 328547
328964 328583
328964 328589
328964 328624
328964 328657
328964 328691
328964 328693
328964 328720
328964 328730
328964 328750
328964 328822
328964 328826
328964 328829
328964 328882
328964 328911
328964 328915
328964 328916
328964 11744
328964 15022
328964 21739
328964 36985
328964 37457
328964 37479
328964 37519
328964 37656
328964 37731
328964 213481
328964 327813
328964 327817
328964 327982
328964 328037
328964 328172
328964 328178
328964 328179
328964 328222
328964 328306
328964 328323
328964 328327
328964 328335
328964 328346
328964 328360
328964 328364
328964 328375
328964 328418
328964 328441
328964 328467
328964 328519
328964 328632
328964 328638
328964 328644
328964 328656
328964 328661
328964 328745
328964 328761
328964 328788
328964 328795
328964 328816
328964 328837
328964 328841
328964 328848
328964 328874
328964 328963
328964 328970
328964 328974
328964 329028
328964 329032
328964 329036
328964 329038
328964 329039
328964 329125
328964 329184
328964 329202
328964 329291
328964 329317
328964 329340
328964 329371
328964 329386
328964 329388
328964 329414
328964 329429
328964 329471
328964 329478
328964 329481
328964 329558
328964 329042
328964 329063
328964 329064
328964 329084
328964 329098
328964 329121
328964 329122
328964 329126
328964 329166
328964 329222
328964 329240
328964 329279
328964 329289
328964 329290
328964 329305
328964 329346
328964 329350
328964 329384
328964 329391
328964 329392
328964 329402
328964 329455
328964 329465
328964 329467
328964 329546
37457 327960
37457 327983
37457 328137
37457 328562
37457 37167
37457 327839
328137 37358
328137 328748
328137 37739
328137 328884
328137 328434
328137 327960
328137 327983
328137 328631
328137 327812
328137 329541
328137 328777
328137 328468
328137 328510
328137 37640
328137 37412
328137 328350
328137 328935
328137 329212
328137 327908
328137 328176
328137 328719
328137 37523
328137 328036
328137 329474
328137 37254
328137 328790
328137 328747
328137 328714
328137 328498
328137 328106
328137 329053
328137 329266
328137 328373
328137 328400
328137 329237
328137 327923
328137 328868
328137 6968
328137 329510
328137 328744
328137 327698
328137 328763
328137 329243
328137 328417
328137 328562
328137 327896
328137 327872
328137 328112
328137 328931
328137 328706
328137 37368
328137 329433
328137 37157
328137 328929
328137 328772
328137 328608
328137 328209
328137 22355
328137 328125
328137 328894
328137 37653
328137 328422
328137 37491
328137 328536
328137 328505
328137 327996
328137 37515
328137 327750
328137 328365
328137 328351
328137 328948
328137 328677
328137 328749
328137 328361
328137 2018
328137 37724
328137 328473
328137 328548
328137 328698
328137 327808
328137 327943
328137 327984
328137 328001
328137 328119
328137 328575
328137 329401
328137 328039
328137 327791
328137 328870
328137 328051
328137 328810
328137 327962
328137 328220
328137 329046
328137 328946
328137 329058
328137 328262
328137 328952
328137 328523
328137 328912
328137 328426
328137 6083
328137 36985
328137 328037
328137 329346
328137 213481
328137 328179
328137 328829
328137 329414
328137 328583
328137 329063
328137 329391
328137 329467
328137 328720
328137 327817
328137 329392
328137 328461
328137 328974
328137 328317
328137 328375
328137 37525
328137 328691
328137 328327
328137 328638
328137 328656
328137 328074
328137 37650
328137 328963
328137 328624
328137 328519
328137 329402
328137 328360
328137 329455
328137 328874
328137 327761
328137 328170
328137 328795
328137 37519
328137 328313
328137 329064
328137 327892
328137 328335
328137 329166
328137 329291
328137 329465
328137 329039
328137 328164
328137 327894
328137 37441
328137 329350
328137 328356
328137 329098
328137 328657
328137 328882
328137 328216
328137 328544
328137 328816
328137 329184
328137 37484
328137 327982
328137 329478
328137 329305
328137 37628
328137 37007
328137 329126
328137 329317
328137 328323
328137 329032
328137 328507
328137 329371
328137 328199
328137 328644
328137 328441
328137 328788
328137 329038
328137 327889
328137 328661
328137 329388
328137 328334
328137 329240
328137 329546
328137 328467
328137 327909
328137 328346
328137 328547
328137 328146
328137 328970
328137 328222
328137 328173
328137 37225
328137 329290
328137 327824
328137 3067
328137 37720
328137 61092
328137 15022
328137 21739
328137 22572
328137 29918
328137 37266
328137 37316
328137 37479
328137 37549
328137 37618
328137 37634
328137 327813
328137 327979
328137 327987
328137 328172
328137 328178
328137 328285
328137 328287
328137 328306
328137 328336
328137 328347
328137 328386
328137 328397
328137 328538
328137 328632
328137 328730
328137 328745
328137 328761
328137 328826
328137 328841
328137 328848
328137 328911
328137 328915
328137 328916
328137 329036
328137 329042
328137 329084
328137 329121
328137 329125
328137 329202
328137 329222
328137 329279
328137 329289
328137 329340
328137 329384
328137 329386
328137 329471
328137 328444
328137 328456
328137 328822
328137 329122
328137 37731
327983 37358
327983 328748
327983 37739
327983 328884
327983 328434
327983 327960
327983 328125
327983 328544
327983 329144
327983 329481
327983 328631
327983 327812
327983 329541
327983 328917
327983 328777
327983 328855
327983 328510
327983 37640
327983 37412
327983 328350
327983 328935
327983 328036
327983 329479
327983 37254
327983 328790
327983 328747
327983 328714
327983 328498
327983 328156
327983 328106
327983 329053
327983 328373
327983 328400
327983 329237
327983 327923
327983 328868
327983 329159
327983 329510
327983 328744
327983 327698
327983 328763
327983 328417
327983 328562
327983 328020
327983 327896
327983 327872
327983 328112
327983 329438
327983 37368
327983 37597
327983 37157
327983 328772
327983 328608
327983 328209
327983 329248
327983 37653
327983 328422
327983 37491
327983 328536
327983 328505
327983 327996
327983 327922
327983 37515
327983 327750
327983 328365
327983 328351
327983 328677
327983 328749
327983 328361
327983 2018
327983 37724
327983 328698
327983 327808
327983 327943
327983 328119
327983 328575
327983 329401
327983 328039
327983 328870
327983 328051
327983 328810
327983 327962
327983 328220
327983 328483
327983 329046
327983 328946
327983 329058
327983 328262
327983 328952
327983 328818
327983 328523
327983 328674
327983 328426
327983 6083
327983 36985
327983 328037
327983 329346
327983 213481
327983 328179
327983 328829
327983 328583
327983 329063
327983 329391
327983 329467
327983 328720
327983 328589
327983 329392
327983 328942
327983 328461
327983 328974
327983 328317
327983 328375
327983 328691
327983 328327
327983 328638
327983 328656
327983 37650
327983 328963
327983 328519
327983 36943
327983 329402
327983 328360
327983 327761
327983 328170
327983 328795
327983 37519
327983 328313
327983 329064
327983 327892
327983 328335
327983 329039
327983 328164
327983 328246
327983 327894
327983 329350
327983 329098
327983 328657
327983 328882
327983 328750
327983 328216
327983 37484
327983 327982
327983 329478
327983 329305
327983 37628
327983 37007
327983 329126
327983 329317
327983 328323
327983 329032
327983 328199
327983 328788
327983 328693
327983 37656
327983 329038
327983 327889
327983 328661
327983 328334
327983 329240
327983 329546
327983 328467
327983 327909
327983 328346
327983 328547
327983 328146
327983 328970
327983 328222
327983 328173
327983 37225
327983 329290
327983 329125
327983 329084
327983 328456
327983 328745
327983 327987
327983 329471
327983 37549
327983 328347
327983 11744
327983 29918
327983 328306
327983 21739
327983 329222
327983 37634
327983 328287
327983 328260
327983 328822
327983 328172
327983 328911
327983 37731
327983 328386
327983 328418
327983 329289
327983 328730
327983 37720
327983 327813
327983 37266
327983 329384
327983 328841
327983 328336
327983 3067
327983 329028
327983 329036
327983 328916
327983 37618
327983 61092
327983 37479
327983 327979
327983 328178
327983 328632
327983 328837
327983 328848
327983 329202
327983 328285
327983 329121
328456 327960
328456 328562
328523 327960
328523 328562
328748 22572
328748 213481
328748 328020
328748 328364
328748 328397
328748 328399
328748 328468
328748 328507
328748 328548
328748 328719
328748 328749
328748 328915
328748 329028
328748 329042
328748 329184
328748 329279
328748 329363
328748 329386
328748 329414
328748 329429
328748 329465
328748 328112
328748 2018
328748 327960
328562 37358
328562 37739
328562 328884
328562 328434
328562 327960
328562 328704
328562 328631
328562 327812
328562 329541
328562 328777
328562 328510
328562 37640
328562 328350
328562 328935
328562 327908
328562 328036
328562 37254
328562 328790
328562 328747
328562 328106
328562 329053
328562 329266
328562 328373
328562 328400
328562 329237
328562 327923
328562 328868
328562 329510
328562 328744
328562 327698
328562 328417
328562 3067
328562 37157
328562 37720
328562 61092
328562 328125
328562 328313
328562 328351
328562 2018
328562 6083
328562 11744
328562 21739
328562 29918
328562 36985
328562 37007
328562 37266
328562 37479
328562 37484
328562 37491
328562 37515
328562 37519
328562 37549
328562 37618
328562 37634
328562 37650
328562 37653
328562 37724
328562 37731
328562 327750
328562 327761
328562 327889
328562 327892
328562 327894
328562 327896
328562 327909
328562 327943
328562 327979
328562 327982
328562 327987
328562 328037
328562 328039
328562 328051
328562 328112
328562 328119
328562 328146
328562 328170
328562 328172
328562 328173
328562 328179
328562 328199
328562 328209
328562 328216
328562 328220
328562 328262
328562 328285
328562 328287
328562 328306
328562 328317
328562 328327
328562 328334
328562 328335
328562 328336
328562 328346
328562 328347
328562 328360
328562 328361
328562 328375
328562 328386
328562 328422
328562 328426
328562 328467
328562 328505
328562 328519
328562 328536
328562 328544
328562 328547
328562 328583
328562 328608
328562 328632
328562 328638
328562 328656
328562 328657
328562 328661
328562 328677
328562 328691
328562 328720
328562 328730
328562 328749
328562 328761
328562 328772
328562 328788
328562 328795
328562 328810
328562 328841
328562 328848
328562 328870
328562 328911
328562 328916
328562 328946
328562 328952
328562 328963
328562 328974
328562 329032
328562 329036
328562 329038
328562 329039
328562 329046
328562 329063
328562 329084
328562 329125
328562 329222
328562 329240
328562 329289
328562 329305
328562 329317
328562 329350
328562 329384
328562 329391
328562 329392
328562 329401
328562 329402
328562 329467
328562 329478
328562 328698
328562 328822
328562 328829
328562 329064
328562 329098
328562 329290
328562 329346
328562 329546
328112 327960
328112 2018
2018 327960
2018 6149
2018 8094
2018 36982
2018 37501
2018 37520
2018 329522
327960 37358
327960 37739
327960 328884
327960 328434
327960 328631
327960 327812
327960 328777
327960 328468
327960 328510
327960 37640
327960 37412
327960 328350
327960 328935
327960 328719
327960 328036
327960 37254
327960 328790
327960 328747
327960 328714
327960 328498
327960 328106
327960 329053
327960 328373
327960 328400
327960 329237
327960 327923
327960 328868
327960 329510
327960 328744
327960 327698
327960 328763
327960 329243
327960 328417
327960 327896
327960 327872
327960 328706
327960 37368
327960 329433
327960 37157
327960 328772
327960 328608
327960 328209
327960 328125
327960 37653
327960 328422
327960 37491
327960 328536
327960 328505
327960 327996
327960 37515
327960 327750
327960 328351
327960 328948
327960 328677
327960 328749
327960 328361
327960 37724
327960 328473
327960 328548
327960 328698
327960 327808
327960 327943
327960 328119
327960 328575
327960 329401
327960 328039
327960 328870
327960 328051
327960 328810
327960 327962
327960 328220
327960 329046
327960 328946
327960 329058
327960 328262
327960 328952
327960 328426
327960 6083
327960 36985
327960 328037
327960 329346
327960 213481
327960 328179
327960 328829
327960 329414
327960 328583
327960 329063
327960 329391
327960 329467
327960 328720
327960 329392
327960 328461
327960 328974
327960 328317
327960 328375
327960 328691
327960 328327
327960 328638
327960 328656
327960 37650
327960 328963
327960 328519
327960 329402
327960 328360
327960 329455
327960 328874
327960 327761
327960 328170
327960 328795
327960 3067
327960 37720
327960 61092
327960 11744
327960 21739
327960 22572
327960 29918
327960 37007
327960 37225
327960 37266
327960 37316
327960 37479
327960 37484
327960 37519
327960 37549
327960 37618
327960 37634
327960 37731
327960 327813
327960 327889
327960 327892
327960 327894
327960 327909
327960 327979
327960 327982
327960 327987
327960 328146
327960 328164
327960 328172
327960 328173
327960 328199
327960 328216
327960 328222
327960 328285
327960 328287
327960 328306
327960 328323
327960 328334
327960 328335
327960 328336
327960 328346
327960 328347
327960 328386
327960 328467
327960 328507
327960 328544
327960 328547
327960 328632
327960 328644
327960 328657
327960 328661
327960 328730
327960 328745
327960 328788
327960 328841
327960 328848
327960 328882
327960 328911
327960 328915
327960 328916
327960 328970
327960 329032
327960 329036
327960 329038
327960 329039
327960 329042
327960 329084
327960 329121
327960 329125
327960 329126
327960 329184
327960 329202
327960 329222
327960 329240
327960 329279
327960 329289
327960 329305
327960 329317
327960 329340
327960 329350
327960 329384
327960 329386
327960 329388
327960 329465
327960 329471
327960 329478
327960 328313
327960 328356
327960 328444
327960 328822
327960 329064
327960 329098
327960 329122
327960 329290
327960 329546
37180 36937
328106 328884
37358 327984
37358 328364
37358 328434
37358 328487
37358 328952
37358 329036
37358 329122
37358 329184
37358 329340
37358 329388
37358 329433
37739 328711
37739 329249
37739 329369
37739 329371
37739 329391
328884 328426
328884 328974
328631 328925
37640 37724
37640 328461
328498 329143
329266 327910
328400 329121
328744 327745
327698 328916
329243 37731
328020 37656
327872 37724
328706 37731
328608 36898
328608 328693
328608 328970
37515 328900
328948 37731
328473 37731
327943 329355
329401 37731
329401 22355
328583 37731
329467 37731
328974 37720
328317 327893
328317 328695
328327 37731
37650 328218
329455 37731
328874 37731
327892 328632
328356 328113
328750 329047
329184 327813
329305 37411
37628 37353
329429 329197
328334 328336
328970 329502
327824 329570
328915 37731
328915 329643
327987 22355
329471 329202
37731 328444
37731 329408
3067 3068
329202 329643
37611 328227
37611 328889
329106 329523
328176 327791
22355 37520
22355 328410
328624 15022
36937 37312
