16265 3327
16265 43350
16265 44592
16265 47864
16265 52000
16265 16147
16265 60781
16265 12859
16265 15703
16265 15830
16265 1136
16265 5580
16265 8283
16265 21320
16265 38930
16265 42156
16265 49544
16265 50673
16265 51088
16265 20562
16265 57866
16265 3333
16265 1103
16265 39572
16265 1248
16265 62167
16265 6206
16265 15695
16265 20940
16265 25152
16265 197000
16265 60022
16265 1140
3327 20562
3327 50673
3327 15830
3327 8455
3327 8283
3327 49544
3327 42156
3327 12859
3327 3333
3327 1103
3327 39572
3327 1248
3327 62167
3327 6206
3327 15695
3327 20940
3327 25152
3327 197000
3327 60022
3327 1140
43350 34373
43350 38919
43350 39563
43350 64437
43350 199752
43350 203623
43350 208622
43350 15703
43350 50673
43350 51088
43350 8283
43350 49544
43350 12859
43350 3333
43350 1103
43350 62167
43350 1140
43350 6830
44592 212242
44592 216226
44592 15703
44592 50673
44592 51088
44592 8283
44592 49544
44592 12859
44592 3333
44592 1103
44592 62167
44592 1140
44592 6830
47864 50673
47864 49544
52000 206932
52000 209847
52000 50673
52000 51088
52000 8283
52000 49544
52000 12859
52000 1103
52000 62167
16147 12859
16147 1136
12859 3333
12859 12654
12859 25152
12859 34942
12859 197000
12859 200132
12859 200995
12859 203762
12859 206281
12859 208164
12859 6830
12859 24785
12859 200020
12859 57866
12859 15703
12859 20562
12859 50673
12859 60144
12859 15830
12859 51088
12859 8283
12859 49544
12859 42156
12859 49127
12859 212477
12859 39686
12859 1136
12859 24875
12859 49981
12859 56504
12859 39637
12859 51758
12859 47973
12859 58291
12859 201401
12859 205915
12859 202418
12859 39563
12859 209267
12859 62105
12859 29001
12859 198763
12859 206292
12859 208844
12859 44854
12859 41480
12859 210977
12859 41960
12859 213028
12859 207315
12859 15447
12859 29311
12859 199332
12859 51752
12859 48886
12859 57032
12859 15435
12859 207489
12859 51514
12859 24753
12859 211623
12859 44103
12859 213753
12859 44858
12859 41887
12859 31673
12859 16298
12859 212635
12859 61013
12859 215680
12859 34612
12859 1103
12859 51050
12859 213035
12859 5418
12859 29063
12859 207375
12859 207866
12859 1104
12859 206389
12859 202022
12859 210728
12859 39521
12859 20969
12859 50522
12859 49033
12859 62097
12859 201290
12859 48522
12859 206836
12859 57626
12859 201650
12859 45009
12859 200232
12859 20847
12859 38983
12859 16350
12859 59985
12859 212591
12859 57029
12859 42567
12859 61200
12859 50072
12859 15562
12859 39591
12859 216092
12859 61029
12859 49870
12859 206521
12859 213822
12859 60404
12859 39704
12859 5390
12859 211713
12859 44439
12859 50655
12859 64404
12859 1248
12859 57795
12859 207777
12859 200184
12859 197731
12859 34756
12859 206238
12859 62167
12859 38965
12859 57112
12859 39647
12859 50295
12859 202932
12859 43366
12859 44299
12859 214380
12859 49206
12859 43190
12859 21221
12859 20559
12859 42755
12859 207283
12859 25151
12859 211588
12859 211041
12859 47172
12859 50266
12859 207176
12859 42517
12859 41047
12859 58138
12859 205668
12859 1101
12859 58075
12859 15693
12859 6206
12859 50737
12859 15695
12859 60557
12859 20940
12859 59865
12859 38230
12859 57124
12859 30870
12859 57043
12859 35421
12859 203126
12859 211251
12859 8315
12859 9150
12859 42093
12859 213279
12859 47121
12859 16278
12859 59554
12859 35224
12859 31477
12859 197156
12859 43414
12859 29263
12859 12902
12859 199939
12859 28788
12859 30925
12859 207487
12859 48972
12859 48635
12859 49453
12859 8587
12859 24730
12859 201866
12859 210897
12859 207778
12859 20504
12859 60880
12859 214668
12859 34968
12859 198468
12859 213959
12859 197727
12859 20495
12859 24586
12859 15466
12859 29028
12859 204805
12859 50399
12859 196752
12859 203932
12859 215296
12859 58272
12859 12414
12859 211316
12859 57758
12859 205943
12859 216456
12859 199752
12859 198352
12859 59545
12859 213050
12859 61349
12859 51517
12859 49685
12859 49627
12859 60022
12859 31019
12859 216107
12859 25182
12859 208034
12859 205755
12859 49820
12859 5524
12859 216251
12859 200023
12859 42707
12859 41529
12859 34373
12859 200596
12859 198089
12859 201791
12859 44608
12859 202591
12859 15966
12859 1140
15703 8283
15703 20562
15703 20769
15703 15830
15703 24875
15703 49544
15703 50673
15703 51088
15703 3333
15703 1103
15703 39591
15703 62167
15703 57043
15703 1140
15703 57866
15703 24785
15703 200020
15830 3185
15830 16243
15830 22683
15830 28806
15830 48283
15830 60142
15830 199850
15830 202072
15830 202918
15830 204698
15830 205111
15830 205915
15830 207523
15830 208951
15830 209048
15830 209330
15830 211316
15830 212782
15830 212892
15830 213050
15830 213065
15830 213208
15830 215299
15830 6830
15830 20562
15830 50673
15830 8455
15830 1136
15830 8283
15830 42156
15830 49544
15830 51088
15830 3333
15830 1103
15830 39572
15830 1248
15830 62167
15830 6206
15830 15695
15830 20940
15830 25152
15830 197000
15830 60022
15830 1140
1136 2043
1136 3333
1136 8694
1136 8737
1136 12414
1136 13266
1136 21286
1136 28685
1136 34663
1136 42894
1136 48037
1136 57744
1136 59599
1136 60719
1136 61346
1136 61357
1136 62215
1136 201644
1136 203396
1136 206200
1136 206516
1136 212151
1136 212157
1136 24785
1136 50673
1136 8455
1136 49544
1136 49981
1136 29311
1136 1103
1136 1104
1136 62167
1136 59776
1136 20940
1136 59865
1136 57043
1136 199408
1136 1140
1136 6830
5580 34164
5580 203256
5580 49544
8283 15562
8283 30875
8283 38965
8283 38970
8283 45009
8283 47816
8283 206292
8283 207487
8283 209845
8283 210320
8283 211321
8283 212635
8283 212855
8283 213052
8283 213100
8283 213333
8283 214380
8283 215248
8283 215296
8283 6830
8283 200020
8283 20562
8283 50673
8283 60144
8283 35133
8283 51088
8283 24875
8283 39637
8283 39686
8283 49544
8283 56504
8283 42156
8283 49127
8283 49981
8283 50917
8283 212477
8283 51758
8283 47973
8283 58291
8283 201401
8283 39563
8283 39022
8283 209267
8283 62105
8283 202585
8283 208844
8283 61044
8283 200132
8283 44854
8283 210977
8283 3333
8283 34343
8283 41960
8283 213028
8283 207315
8283 15447
8283 51752
8283 57032
8283 15435
8283 207489
8283 211623
8283 44103
8283 213753
8283 44858
8283 41887
8283 31673
8283 16298
8283 215680
8283 34612
8283 1103
8283 51050
8283 213035
8283 207375
8283 207866
8283 1104
8283 206389
8283 210728
8283 39521
8283 20969
8283 50522
8283 49033
8283 201290
8283 201650
8283 208864
8283 200232
8283 20847
8283 38983
8283 59985
8283 212591
8283 42567
8283 50072
8283 61029
8283 49870
8283 206521
8283 60404
8283 39704
8283 5390
8283 211713
8283 44439
8283 50655
8283 64404
8283 1248
8283 207777
8283 43996
8283 197731
8283 31383
8283 34756
8283 206238
8283 62167
8283 57112
8283 39647
8283 50295
8283 202932
8283 43366
8283 44299
8283 202562
8283 212762
8283 21221
8283 20559
8283 42755
8283 25151
8283 211588
8283 211041
8283 47172
8283 50266
8283 207176
8283 41047
8283 58138
8283 205668
8283 1101
8283 58075
8283 6206
8283 15695
8283 60557
8283 20940
8283 59865
8283 30870
8283 57043
8283 211251
8283 8315
8283 9150
8283 208501
8283 42093
8283 16278
8283 35224
8283 31477
8283 43414
8283 29263
8283 12902
8283 199939
8283 28788
8283 30925
8283 48635
8283 49453
8283 8587
8283 203993
8283 51430
8283 24730
8283 39114
8283 201723
8283 20504
8283 60880
8283 200995
8283 50554
8283 214668
8283 35467
8283 34968
8283 198468
8283 213959
8283 197727
8283 20495
8283 24586
8283 204805
8283 196752
8283 12414
8283 57758
8283 205943
8283 216456
8283 199752
8283 59545
8283 61349
8283 51517
8283 49685
8283 49627
8283 60022
8283 31019
8283 216107
8283 25182
8283 42812
8283 208034
8283 205755
8283 49820
8283 5524
8283 200023
8283 42707
8283 200596
8283 198089
8283 45040
8283 201791
8283 15966
8283 215512
8283 51198
8283 1140
8283 38930
8283 57866
8283 8455
21320 20965
21320 8455
21320 49544
21320 24875
21320 1103
21320 39572
21320 20940
21320 12654
21320 197000
21320 49820
38930 9017
38930 16281
38930 25433
38930 43861
38930 47172
38930 47482
38930 50570
38930 56372
38930 60679
38930 197302
38930 207843
42156 41696
42156 42718
42156 51198
42156 60404
42156 200596
42156 205111
42156 57866
42156 51088
42156 3333
42156 1103
42156 39572
42156 1248
42156 62167
42156 6206
42156 15695
42156 20940
42156 25152
42156 197000
42156 60022
42156 1140
42156 49544
42156 20562
42156 24785
49544 5419
49544 28997
49544 41960
49544 48283
49544 58272
49544 62370
49544 64404
49544 197156
49544 199332
49544 200342
49544 201510
49544 202625
49544 202918
49544 205316
49544 208390
49544 208917
49544 211769
49544 214783
49544 215747
49544 6830
49544 24785
49544 200020
49544 57866
49544 20562
49544 50673
49544 60144
49544 8455
49544 51088
49544 24875
49544 39637
49544 39686
49544 49127
49544 49981
49544 56504
49544 212477
49544 51758
49544 47973
49544 58291
49544 201401
49544 205915
49544 202418
49544 39563
49544 209267
49544 62105
49544 29001
49544 198763
49544 202585
49544 206292
49544 208844
49544 200132
49544 44854
49544 41480
49544 210977
49544 3333
49544 213028
49544 207315
49544 15447
49544 51752
49544 48886
49544 57032
49544 15435
49544 207489
49544 51514
49544 24753
49544 211623
49544 44103
49544 213753
49544 44858
49544 41887
49544 31673
49544 16298
49544 212635
49544 61013
49544 215680
49544 34612
49544 1103
49544 51050
49544 213035
49544 5418
49544 29063
49544 207375
49544 207866
49544 1104
49544 206389
49544 202022
49544 210728
49544 39521
49544 20969
49544 50522
49544 49033
49544 62097
49544 201290
49544 48522
49544 206836
49544 57626
49544 201650
49544 45009
49544 200232
49544 20847
49544 38983
49544 16350
49544 59985
49544 212591
49544 57029
49544 42567
49544 61200
49544 50072
49544 15562
49544 39591
49544 216092
49544 61029
49544 49870
49544 39572
49544 206521
49544 213822
49544 60404
49544 39704
49544 5390
49544 211713
49544 44439
49544 201789
49544 50655
49544 1248
49544 207777
49544 200184
49544 197731
49544 34756
49544 206238
49544 62167
49544 38965
49544 57112
49544 39647
49544 50295
49544 202932
49544 60893
49544 43366
49544 44299
49544 214380
49544 215300
49544 49206
49544 43190
49544 21221
49544 20559
49544 42755
49544 207283
49544 25151
49544 211588
49544 211041
49544 47172
49544 50266
49544 207176
49544 42517
49544 41047
49544 58138
49544 205668
49544 59560
49544 1101
49544 58075
49544 209847
49544 15693
49544 6206
49544 50737
49544 15695
49544 60557
49544 20940
49544 59865
49544 38230
49544 12654
49544 57124
49544 30870
49544 57043
49544 35421
49544 203126
49544 211251
49544 8315
49544 9150
49544 42093
49544 213279
49544 47121
49544 16278
49544 59554
49544 35224
49544 212855
49544 202196
49544 31477
49544 43414
49544 29263
49544 12902
49544 199939
49544 28788
49544 30925
49544 207487
49544 48972
49544 48635
49544 49453
49544 8587
49544 51430
49544 24730
49544 201866
49544 210897
49544 201723
49544 207778
49544 20504
49544 60880
49544 200995
49544 214668
49544 25152
49544 197000
49544 34968
49544 198468
49544 213959
49544 197727
49544 20495
49544 24586
49544 15466
49544 215248
49544 29028
49544 204805
49544 50399
49544 196752
49544 203932
49544 215296
49544 12414
49544 211316
49544 57758
49544 205943
49544 216456
49544 199752
49544 198352
49544 59545
49544 213050
49544 61349
49544 51517
49544 49685
49544 34942
49544 49627
49544 60022
49544 31019
49544 216107
49544 25182
49544 208034
49544 205755
49544 49820
49544 5524
49544 216251
49544 200023
49544 42707
49544 41529
49544 34373
49544 213052
49544 206281
49544 200596
49544 198089
49544 201791
49544 44608
49544 202591
49544 15966
49544 215512
49544 1140
50673 8587
50673 12459
50673 12654
50673 31383
50673 31477
50673 34612
50673 38965
50673 39114
50673 41960
50673 43414
50673 44858
50673 45040
50673 51430
50673 59800
50673 59802
50673 60222
50673 60404
50673 61044
50673 198089
50673 198468
50673 200470
50673 201789
50673 203815
50673 203993
50673 204963
50673 205668
50673 207595
50673 207627
50673 208685
50673 208864
50673 209072
50673 209754
50673 211895
50673 213192
50673 24785
50673 200020
50673 57866
50673 20562
50673 49127
50673 49981
50673 24875
50673 39686
50673 51088
50673 50917
50673 212477
50673 51758
50673 47973
50673 201401
50673 205915
50673 62105
50673 29001
50673 208844
50673 41480
50673 3333
50673 15447
50673 51752
50673 48886
50673 51514
50673 24753
50673 31673
50673 61013
50673 1103
50673 213035
50673 5418
50673 29063
50673 207375
50673 202022
50673 39521
50673 20969
50673 49033
50673 62097
50673 201290
50673 48522
50673 206836
50673 57626
50673 201650
50673 20847
50673 38983
50673 42567
50673 61200
50673 50072
50673 216092
50673 49870
50673 39704
50673 1248
50673 200184
50673 34756
50673 62167
50673 39647
50673 50295
50673 43366
50673 42755
50673 207283
50673 25151
50673 47172
50673 50867
50673 50266
50673 42517
50673 58138
50673 6206
50673 50737
50673 20940
50673 59865
50673 57124
50673 57043
50673 203126
50673 9150
50673 47121
50673 59554
50673 29263
50673 12902
50673 199939
50673 28788
50673 30925
50673 49453
50673 24730
50673 201866
50673 210897
50673 20504
50673 35467
50673 197000
50673 34968
50673 197727
50673 24586
50673 15466
50673 204805
50673 50399
50673 196752
50673 203932
50673 211316
50673 57758
50673 205943
50673 198352
50673 59545
50673 49685
50673 34942
50673 208034
50673 49820
50673 5524
50673 216251
50673 200023
50673 42707
50673 206281
50673 200596
50673 201791
50673 44608
50673 202591
50673 15966
50673 1140
50673 6830
51088 12902
51088 15562
51088 20953
51088 24642
51088 31019
51088 35027
51088 35421
51088 42703
51088 50119
51088 50559
51088 52102
51088 52199
51088 57129
51088 60131
51088 60358
51088 60479
51088 64404
51088 201995
51088 205668
51088 207179
51088 210449
51088 213577
51088 213773
51088 214423
51088 214988
51088 200020
51088 20562
51088 60144
51088 39637
51088 49127
51088 49981
51088 24875
51088 39686
51088 56504
51088 212477
51088 51758
51088 207942
51088 58291
51088 201401
51088 39563
51088 209267
51088 62105
51088 202585
51088 206292
51088 208844
51088 200132
51088 44854
51088 210977
51088 3333
51088 34343
51088 41960
51088 213028
51088 207315
51088 15447
51088 51752
51088 57032
51088 15435
51088 207489
51088 211623
51088 44103
51088 213753
51088 41887
51088 31673
51088 16298
51088 212635
51088 215680
51088 34612
51088 1103
51088 51050
51088 213035
51088 207375
51088 207866
51088 206389
51088 39521
51088 20969
51088 50522
51088 201290
51088 45009
51088 200232
51088 20847
51088 38983
51088 59985
51088 212591
51088 42567
51088 50072
51088 61029
51088 49870
51088 206521
51088 39704
51088 5390
51088 211713
51088 44439
51088 50655
51088 1248
51088 207777
51088 197731
51088 34756
51088 206238
51088 62167
51088 38965
51088 57112
51088 39647
51088 50295
51088 202932
51088 43366
51088 44299
51088 202562
51088 21221
51088 20559
51088 42755
51088 25151
51088 211588
51088 211041
51088 47172
51088 50266
51088 207176
51088 41047
51088 58138
51088 1101
51088 58075
51088 6206
51088 15695
51088 60557
51088 20940
51088 62068
51088 30870
51088 57043
51088 211251
51088 8315
51088 9150
51088 208501
51088 42093
51088 16278
51088 35224
51088 212855
51088 31477
51088 43414
51088 29263
51088 199939
51088 28788
51088 30925
51088 48635
51088 49453
51088 51430
51088 24730
51088 39114
51088 20504
51088 60880
51088 200995
51088 50554
51088 214668
51088 35467
51088 211786
51088 34968
51088 198468
51088 197727
51088 20495
51088 24586
51088 204805
51088 196752
51088 12414
51088 51942
51088 57758
51088 205943
51088 216456
51088 199752
51088 59545
51088 61349
51088 49685
51088 49627
51088 60022
51088 216107
51088 25182
51088 42812
51088 208034
51088 205755
51088 49820
51088 5524
51088 200023
51088 42707
51088 213052
51088 198089
51088 199408
51088 201791
51088 15966
51088 51198
51088 1140
51088 56393
20562 5418
20562 12871
20562 12902
20562 15466
20562 15693
20562 16350
20562 20504
20562 20559
20562 21221
20562 24753
20562 29001
20562 29063
20562 30925
20562 31673
20562 34210
20562 34427
20562 34756
20562 34942
20562 35421
20562 35705
20562 39647
20562 41038
20562 41480
20562 42517
20562 42707
20562 43190
20562 44854
20562 47121
20562 48522
20562 48886
20562 48972
20562 49033
20562 50072
20562 50399
20562 50522
20562 50570
20562 51758
20562 51849
20562 57090
20562 57124
20562 57146
20562 57626
20562 57758
20562 59545
20562 59560
20562 59865
20562 59985
20562 60404
20562 61013
20562 61060
20562 61357
20562 62097
20562 62105
20562 197727
20562 198012
20562 198203
20562 198334
20562 198692
20562 198763
20562 199937
20562 200184
20562 200756
20562 201404
20562 201650
20562 201866
20562 202022
20562 203932
20562 204805
20562 205755
20562 206121
20562 206281
20562 206521
20562 206982
20562 207176
20562 207283
20562 207866
20562 207982
20562 208164
20562 211316
20562 213065
20562 216092
20562 216251
20562 6830
20562 24785
20562 39686
20562 49127
20562 201401
20562 208844
20562 3333
20562 200005
20562 15447
20562 29311
20562 15435
20562 1103
20562 207375
20562 201330
20562 210728
20562 201290
20562 20847
20562 39572
20562 1248
20562 43996
20562 62167
20562 50295
20562 43366
20562 49206
20562 208332
20562 47172
20562 58075
20562 6206
20562 50737
20562 15695
20562 20940
20562 9150
20562 29263
20562 25152
20562 197000
20562 24586
20562 58272
20562 205943
20562 38915
20562 214783
20562 60022
20562 5524
20562 34373
20562 1140
57866 15695
57866 24642
57866 25182
57866 25433
57866 34612
57866 35260
57866 35316
57866 35383
57866 39146
57866 39292
57866 41696
57866 43190
57866 44103
57866 44854
57866 44858
57866 49627
57866 50601
57866 50901
57866 51050
57866 56722
57866 58075
57866 58186
57866 59985
57866 60557
57866 60950
57866 61349
57866 62188
57866 62353
57866 64404
57866 198203
57866 199590
57866 200132
57866 200232
57866 200342
57866 200746
57866 201311
57866 201330
57866 201424
57866 201510
57866 201712
57866 202072
57866 202585
57866 202882
57866 202947
57866 204030
57866 204586
57866 205644
57866 205755
57866 206605
57866 207647
57866 208164
57866 208332
57866 208418
57866 209549
57866 209936
57866 210710
57866 211005
57866 211217
57866 211220
57866 211251
57866 211499
57866 211588
57866 211786
57866 211993
57866 213161
57866 213567
57866 213857
57866 215982
57866 39637
57866 39686
57866 49981
57866 58291
57866 201401
57866 41960
57866 41887
57866 212635
57866 1103
57866 213035
57866 1104
57866 50522
57866 45009
57866 15562
57866 61029
57866 39704
57866 197731
57866 206238
57866 39647
57866 202932
57866 60893
57866 207176
57866 205668
57866 1101
57866 8315
57866 28685
57866 31477
57866 43414
57866 30925
57866 48635
57866 204805
57866 12414
57866 199752
57866 49685
57866 60022
57866 44608
57866 6830
3333 6830
3333 24785
3333 49981
3333 24875
3333 39686
3333 49127
3333 212477
3333 200020
3333 39637
3333 51758
3333 1103
3333 1140
3333 2121
3333 12654
3333 47973
3333 58291
3333 201401
3333 205915
3333 202418
3333 62105
3333 29001
3333 198763
3333 202585
3333 206292
3333 208844
3333 200132
3333 41480
3333 1248
3333 1101
3333 1104
3333 5390
3333 5418
3333 5524
3333 8315
3333 9150
3333 12414
3333 12902
3333 15435
3333 15447
3333 15466
3333 15693
3333 15695
3333 15966
3333 16298
3333 16350
3333 20495
3333 20847
3333 20940
3333 21221
3333 24753
3333 25151
3333 28788
3333 29028
3333 29063
3333 29263
3333 30870
3333 31019
3333 31477
3333 31673
3333 34968
3333 35421
3333 38230
3333 38915
3333 39521
3333 39647
3333 39704
3333 41529
3333 41887
3333 41960
3333 42567
3333 43190
3333 43366
3333 47121
3333 48522
3333 48635
3333 48886
3333 49033
3333 49627
3333 49685
3333 50266
3333 50295
3333 50399
3333 50522
3333 50737
3333 51752
3333 57029
3333 57112
3333 58075
3333 58272
3333 59545
3333 59865
3333 60022
3333 61013
3333 62167
3333 196752
3333 197000
3333 197156
3333 197727
3333 198203
3333 199332
3333 199408
3333 199752
3333 199939
3333 200023
3333 200596
3333 201290
3333 201791
3333 202022
3333 202591
3333 202932
3333 203932
3333 205668
3333 205755
3333 205943
3333 206521
3333 206836
3333 207176
3333 207375
3333 207487
3333 207778
3333 208034
3333 210897
3333 211316
3333 211588
3333 211713
3333 212635
3333 213052
3333 213822
3333 215248
3333 215296
3333 216107
3333 6206
3333 8587
3333 20504
3333 20559
3333 20969
3333 24586
3333 24730
3333 25152
3333 25182
3333 30925
3333 34373
3333 34756
3333 34942
3333 35224
3333 38983
3333 42093
3333 42517
3333 42707
3333 42755
3333 43414
3333 44608
3333 44858
3333 47172
3333 48972
3333 49206
3333 49453
3333 49820
3333 50072
3333 51050
3333 51514
3333 57043
3333 57124
3333 57626
3333 57758
3333 58138
3333 59554
3333 59985
3333 60404
3333 61349
3333 62097
3333 198089
3333 198352
3333 200184
3333 201650
3333 201723
3333 201866
3333 203126
3333 206281
3333 207283
3333 207866
3333 211623
3333 212591
3333 212855
3333 213050
3333 213279
3333 214380
3333 216092
3333 216251
3333 216456
1103 6830
1103 24785
1103 49981
1103 8455
1103 24875
1103 39686
1103 49127
1103 212477
1103 200020
1103 39637
1103 56504
1103 60144
1103 20965
1103 51758
1103 1101
1103 1102
1103 1104
1103 1128
1103 1133
1103 1140
1103 1145
1103 1147
1103 1152
1103 1161
1103 1888
1103 12654
1103 25152
1103 25182
1103 203769
1103 206130
1103 215088
1103 47973
1103 58291
1103 201401
1103 205915
1103 202418
1103 39563
1103 209267
1103 62105
1103 29001
1103 198763
1103 202585
1103 206292
1103 208844
1103 200132
1103 44854
1103 41480
1103 210977
1103 35332
1103 41960
1103 213028
1103 207315
1103 15447
1103 29311
1103 199332
1103 51752
1103 48886
1103 57032
1103 15435
1103 207489
1103 51514
1103 24753
1103 211623
1103 44103
1103 213753
1103 44858
1103 41887
1103 31673
1103 16298
1103 212635
1103 61013
1103 215680
1103 34612
1103 5390
1103 5418
1103 8315
1103 12414
1103 15695
1103 20847
1103 25151
1103 29263
1103 34968
1103 38965
1103 39521
1103 39704
1103 44299
1103 44439
1103 45009
1103 49627
1103 50737
1103 51517
1103 58075
1103 59545
1103 60022
1103 62167
1103 64404
1103 196752
1103 197727
1103 200023
1103 200596
1103 202932
1103 204805
1103 205755
1103 205943
1103 207375
1103 207487
1103 207778
1103 211041
1103 211251
1103 211316
1103 211713
1103 213959
1103 215296
1103 216456
1103 1248
1103 5524
1103 6206
1103 8587
1103 9150
1103 12902
1103 15466
1103 15562
1103 15693
1103 15966
1103 16278
1103 16350
1103 20495
1103 20504
1103 20559
1103 20940
1103 20969
1103 21221
1103 24586
1103 24730
1103 28788
1103 29028
1103 29063
1103 30870
1103 30925
1103 31019
1103 31477
1103 34373
1103 34756
1103 34942
1103 35224
1103 35421
1103 38230
1103 38983
1103 39647
1103 41047
1103 41529
1103 42093
1103 42517
1103 42567
1103 42707
1103 42755
1103 43190
1103 43366
1103 43414
1103 44608
1103 47121
1103 47172
1103 48522
1103 48635
1103 48972
1103 49033
1103 49206
1103 49453
1103 49685
1103 49820
1103 49870
1103 50072
1103 50266
1103 50295
1103 50399
1103 50522
1103 50655
1103 51050
1103 57029
1103 57043
1103 57112
1103 57124
1103 57626
1103 57758
1103 58138
1103 58272
1103 59554
1103 59865
1103 59985
1103 60404
1103 60557
1103 60880
1103 61029
1103 61200
1103 61349
1103 62097
1103 197000
1103 197156
1103 197731
1103 198089
1103 198352
1103 198468
1103 199408
1103 199752
1103 199939
1103 200184
1103 200232
1103 200995
1103 201290
1103 201650
1103 201723
1103 201791
1103 201866
1103 202022
1103 202591
1103 203126
1103 203932
1103 205668
1103 206238
1103 206281
1103 206389
1103 206521
1103 206676
1103 206836
1103 207176
1103 207283
1103 207777
1103 207866
1103 208034
1103 210897
1103 211588
1103 212591
1103 212855
1103 213035
1103 213050
1103 213052
1103 213279
1103 213822
1103 214668
1103 215248
1103 215512
1103 216092
1103 216107
1103 216251
39572 62167
39572 1248
39572 15695
39572 20940
39572 60022
39572 197000
39572 6206
39572 25152
1248 1140
1248 62167
1248 6206
1248 15695
1248 20940
1248 25152
1248 60022
1248 197000
62167 24785
62167 49981
62167 24875
62167 49127
62167 212477
62167 200020
62167 39637
62167 51758
62167 1140
62167 207942
62167 58291
62167 201401
62167 205915
62167 202418
62167 39563
62167 39022
62167 209267
62167 62105
62167 29001
62167 198763
62167 202585
62167 206292
62167 61044
62167 200132
62167 44854
62167 41480
62167 34343
62167 41960
62167 15447
62167 199332
62167 51752
62167 48886
62167 57032
62167 15435
62167 207489
62167 51514
62167 24753
62167 211623
62167 44103
62167 44858
62167 41887
62167 31673
62167 16298
62167 212635
62167 61013
62167 215680
62167 51050
62167 207551
62167 213035
62167 5418
62167 29063
62167 207866
62167 206389
62167 201330
62167 202022
62167 50522
62167 49033
62167 62097
62167 201290
62167 48522
62167 206836
62167 57626
62167 201650
62167 24652
62167 208864
62167 45009
62167 200232
62167 20847
62167 38983
62167 16350
62167 59985
62167 57029
62167 61200
62167 50072
62167 216092
62167 61029
62167 49870
62167 206521
62167 213822
62167 60404
62167 39704
62167 5390
62167 211713
62167 201789
62167 50655
62167 64404
62167 200184
62167 197731
62167 31383
62167 34756
62167 1101
62167 6206
62167 8587
62167 9150
62167 12414
62167 12902
62167 15466
62167 15693
62167 20495
62167 20504
62167 20559
62167 20940
62167 21221
62167 24586
62167 25152
62167 25182
62167 30925
62167 31019
62167 31477
62167 34373
62167 34942
62167 34968
62167 35224
62167 35421
62167 38230
62167 38965
62167 39114
62167 39647
62167 41047
62167 41529
62167 42093
62167 42517
62167 42707
62167 42755
62167 42812
62167 43190
62167 43414
62167 47121
62167 48635
62167 48972
62167 49206
62167 49250
62167 49453
62167 49627
62167 50295
62167 50399
62167 51198
62167 51942
62167 57043
62167 57112
62167 57124
62167 57758
62167 58075
62167 58138
62167 58272
62167 59554
62167 59865
62167 60557
62167 60880
62167 61349
62167 8315
62167 15695
62167 45040
62167 50554
62167 50737
62167 51430
62167 59545
62167 60022
62167 62068
62167 197727
62167 200023
62167 202562
62167 202932
62167 204805
62167 207487
62167 211041
62167 211316
62167 215296
62167 197000
62167 198089
62167 198352
62167 199752
62167 199939
62167 201723
62167 201791
62167 201866
62167 202591
62167 203126
62167 203932
62167 203993
62167 205668
62167 205755
62167 206281
62167 207176
62167 207283
62167 208034
62167 208501
62167 209754
62167 210897
62167 211588
62167 212855
62167 213050
62167 213052
62167 213279
62167 214380
62167 215248
62167 216251
6206 1140
6206 15695
6206 20940
6206 60022
6206 197000
6206 35430
6206 38965
6206 39521
6206 62349
6206 25152
6206 56584
15695 6830
15695 1140
15695 202120
15695 20940
15695 25152
15695 60022
15695 197000
20940 6830
20940 8455
20940 1140
20940 21342
20940 31108
20940 33905
20940 34164
20940 35204
20940 200005
20940 49206
20940 25152
20940 60022
20940 197000
25152 8455
25152 1140
25152 60022
25152 197000
197000 6830
197000 1140
197000 60022
60022 6830
60022 1140
1140 6830
1140 24785
1140 49981
1140 24875
1140 39686
1140 49127
1140 212477
1140 200020
1140 39637
1140 51758
1140 47973
1140 58291
1140 201401
1140 205915
1140 202418
1140 62105
1140 29001
1140 198763
1140 202585
1140 206292
1140 208844
1140 200132
1140 41480
1140 41960
1140 15447
1140 29311
1140 199332
1140 51752
1140 48886
1140 15435
1140 51514
1140 24753
1140 211623
1140 44858
1140 41887
1140 31673
1140 16298
1140 212635
1140 61013
1140 51050
1140 5418
1140 29063
1140 207375
1140 207866
1140 1104
1140 201330
1140 202022
1140 39521
1140 20969
1140 50522
1140 49033
1140 62097
1140 201290
1140 48522
1140 206836
1140 57626
1140 201650
1140 20847
1140 38983
1140 16350
1140 59985
1140 212591
1140 57029
1140 42567
1140 61200
1140 50072
1140 216092
1140 206521
1140 213822
1140 60404
1140 39704
1140 5390
1140 211713
1140 57795
1140 200184
1140 34756
1140 57112
1140 39647
1140 50295
1140 202932
1140 43366
1140 214380
1140 49206
1140 43190
1140 21221
1140 20559
1140 42755
1140 207283
1140 25151
1140 211588
1140 47172
1140 50266
1140 207176
1140 42517
1140 58138
1140 205668
1140 59560
1140 1101
1140 58075
1140 15693
1140 50737
1140 59865
1140 38230
1140 57124
1140 30870
1140 57043
1140 35421
1140 203126
1140 8315
1140 9150
1140 42093
1140 213279
1140 47121
1140 59554
1140 35224
1140 212855
1140 31477
1140 197156
1140 43414
1140 29263
1140 12902
1140 199939
1140 28788
1140 30925
1140 207487
1140 48972
1140 48635
1140 49453
1140 8587
1140 24730
1140 201866
1140 210897
1140 201723
1140 207778
1140 20504
1140 34968
1140 197727
1140 20495
1140 24586
1140 15466
1140 215248
1140 29028
1140 204805
1140 50399
1140 196752
1140 203932
1140 215296
1140 58272
1140 12414
1140 211316
1140 57758
1140 205943
1140 216456
1140 199752
1140 198352
1140 59545
1140 213050
1140 61349
1140 49685
1140 34942
1140 49627
1140 31019
1140 216107
1140 25182
1140 208034
1140 205755
1140 49820
1140 5524
1140 216251
1140 200023
1140 42707
1140 41529
1140 34373
1140 213052
1140 206281
1140 200596
1140 198089
1140 201791
1140 44608
1140 202591
1140 15966
8455 6830
8455 39637
8455 8587
8455 9150
8455 12654
8455 12666
8455 12945
8455 20559
8455 20953
8455 24586
8455 29028
8455 30870
8455 31251
8455 34141
8455 34215
8455 34373
8455 34427
8455 34766
8455 34968
8455 35332
8455 39244
8455 39371
8455 39647
8455 40985
8455 41153
8455 41480
8455 41960
8455 42383
8455 42433
8455 42755
8455 42812
8455 42836
8455 47121
8455 47175
8455 47543
8455 48520
8455 49033
8455 49250
8455 49627
8455 49685
8455 49820
8455 50018
8455 50554
8455 51091
8455 51514
8455 52144
8455 57129
8455 57440
8455 57795
8455 58138
8455 58186
8455 59865
8455 60750
8455 61147
8455 61200
8455 61349
8455 197395
8455 197731
8455 198058
8455 198730
8455 199332
8455 199743
8455 200023
8455 200318
8455 201290
8455 201401
8455 201510
8455 201791
8455 202016
8455 202022
8455 202591
8455 202796
8455 203111
8455 204030
8455 204586
8455 205915
8455 206176
8455 206730
8455 206836
8455 206861
8455 207777
8455 207942
8455 208034
8455 208152
8455 208344
8455 208501
8455 208728
8455 209010
8455 209048
8455 210151
8455 210649
8455 210776
8455 211217
8455 211550
8455 213374
8455 213577
8455 214423
8455 214679
8455 216092
8455 50266
34373 24785
34373 213968
38919 6830
39563 35055
39563 28685
199752 25459
208622 200023
209847 213999
12654 31019
12654 15562
34942 24785
200132 49127
200132 200232
200132 201723
200132 202585
200132 207487
200132 212855
200132 213052
200132 214380
200132 215248
200132 215296
200132 215512
203762 5524
206281 24785
208164 24785
208164 199700
208164 203071
208164 214011
6830 24785
6830 35133
6830 49981
6830 8315
6830 15435
6830 29028
6830 31079
6830 33915
6830 34343
6830 35332
6830 35467
6830 39521
6830 39704
6830 41960
6830 43366
6830 43414
6830 48635
6830 49033
6830 50295
6830 50655
6830 59776
6830 60893
6830 61349
6830 199408
6830 201401
6830 24875
6830 39686
6830 49127
6830 212477
6830 215085
6830 50266
6830 207176
6830 42093
6830 20495
6830 12414
24785 3185
24785 5390
24785 5418
24785 8211
24785 12902
24785 12945
24785 13266
24785 15447
24785 15466
24785 15693
24785 16298
24785 20504
24785 20559
24785 20847
24785 20969
24785 21221
24785 21315
24785 24586
24785 24753
24785 29001
24785 29028
24785 29063
24785 29311
24785 30879
24785 31673
24785 34210
24785 34427
24785 34756
24785 35224
24785 35332
24785 35349
24785 35421
24785 35705
24785 35782
24785 38915
24785 39371
24785 39647
24785 41038
24785 41480
24785 42517
24785 42707
24785 43190
24785 44074
24785 44608
24785 44858
24785 47121
24785 48522
24785 48886
24785 48972
24785 48997
24785 49033
24785 50072
24785 50295
24785 50399
24785 50570
24785 50737
24785 51514
24785 51758
24785 51849
24785 52102
24785 52144
24785 52186
24785 56953
24785 57029
24785 57090
24785 57124
24785 57146
24785 57440
24785 57626
24785 57758
24785 57795
24785 58075
24785 58272
24785 59545
24785 59554
24785 59560
24785 59685
24785 59865
24785 59985
24785 60404
24785 60671
24785 61013
24785 61060
24785 61200
24785 61329
24785 61404
24785 62097
24785 62105
24785 196752
24785 197727
24785 198012
24785 198080
24785 198089
24785 198203
24785 198334
24785 198352
24785 198692
24785 198763
24785 199523
24785 199743
24785 199937
24785 200184
24785 200318
24785 200756
24785 201290
24785 201330
24785 201372
24785 201401
24785 201404
24785 201650
24785 201866
24785 201968
24785 202022
24785 202189
24785 202270
24785 202591
24785 203111
24785 203126
24785 203205
24785 203320
24785 203932
24785 204805
24785 205019
24785 205307
24785 205755
24785 205915
24785 205999
24785 206121
24785 206521
24785 206730
24785 206836
24785 206861
24785 206982
24785 207176
24785 207283
24785 207866
24785 207982
24785 208034
24785 208332
24785 209048
24785 209377
24785 209573
24785 209871
24785 210897
24785 211316
24785 212380
24785 212610
24785 212922
24785 213822
24785 215841
24785 216092
24785 216251
200020 8312
200020 8315
200020 9150
200020 12414
200020 24586
200020 25151
200020 34968
200020 39647
200020 41887
200020 49685
200020 50266
200020 51758
200020 59545
60144 56393
60144 202419
49127 30870
49127 44103
49127 44854
49127 47482
49127 203172
49127 204401
49127 206238
49127 206521
49127 207083
49127 207257
49127 207366
49127 207551
49127 211052
49127 211623
49127 213028
49127 213788
49127 214668
49127 215512
49127 215558
49127 215680
212477 199740
212477 206921
39686 15966
39686 29396
39686 31624
39686 47829
39686 51412
39686 51647
39686 52186
39686 56500
39686 57090
39686 59393
39686 60941
39686 61331
39686 61956
39686 198687
39686 200347
39686 200560
39686 200756
39686 201017
39686 201402
39686 201766
39686 204319
39686 205185
39686 205637
39686 206249
39686 206436
39686 207283
39686 208654
39686 209145
39686 209573
39686 209871
39686 210372
39686 211465
39686 211822
39686 211856
39686 213857
39686 214406
39686 214689
24875 13136
24875 58073
24875 202614
24875 202786
24875 204601
24875 215224
49981 6872
49981 35055
49981 60790
49981 202956
49981 206994
49981 211588
49981 214313
49981 214673
49981 214970
56504 56393
56504 210269
39637 12595
39637 28995
39637 31584
39637 34108
39637 41887
39637 42812
39637 43190
39637 51030
39637 51849
39637 197731
39637 202482
39637 206188
39637 206389
39637 207777
39637 208332
39637 209010
39637 209573
39637 210501
39637 211550
39637 213822
58291 59929
58291 206009
58291 207489
201401 204465
209267 35133
62105 59521
198763 198089
44854 51517
44854 211251
41960 15693
41960 16298
41960 44187
41960 44557
41960 51299
41960 61349
41960 200191
41960 201117
41960 201311
41960 202918
41960 203172
41960 204589
41960 207903
41960 208033
41960 209288
41960 209377
41960 216031
41960 50522
29311 34968
29311 48645
15435 30925
207489 56393
207489 61349
207489 213753
51514 49685
211623 20495
44103 35133
44103 202855
44103 211041
44103 213619
44103 215553
213753 56393
213753 213035
41887 34108
41887 49250
41887 209754
212635 209845
212635 214380
51050 39647
213035 210654
29063 25599
29063 29519
207375 206238
202022 206676
210728 25151
210728 44694
39521 47690
39521 61060
39521 207778
39521 213784
20969 51097
50522 201117
50522 208537
50522 61349
49033 35133
49033 62125
201290 205538
201290 208247
57626 205185
20847 16350
20847 39390
20847 48972
20847 56517
20847 56599
20847 211465
20847 213050
38983 199139
38983 201597
212591 50917
57029 28685
15562 56393
15562 48603
15562 206238
39591 202970
39591 212610
49870 49305
49870 57717
60404 34420
60404 38913
60404 60649
39704 41037
39704 41038
39704 41153
39704 42152
39704 44439
39704 48501
39704 48812
39704 198508
39704 202315
39704 204751
39704 209495
39704 210882
39704 215914
211713 200023
211713 42093
44439 43366
64404 35133
57795 58075
57795 41193
57795 60479
57795 60805
57795 62215
57795 199850
57795 201403
57795 201405
57795 209390
207777 197016
197731 34233
197731 204983
38965 61349
57112 203152
57112 204737
57112 208864
39647 39022
39647 197016
39647 203474
202932 20769
202932 200318
202932 202189
202932 204635
202932 206426
43366 41153
43366 60880
43366 201791
43366 202606
43366 204751
43366 208152
43366 208209
43366 209495
44299 35133
44299 205185
214380 1101
43190 5524
20559 39390
42755 56393
42755 51942
42755 202270
42755 206009
42755 206250
42755 208344
25151 15535
211588 209626
211588 215085
211588 215481
211588 216022
211588 216107
211041 35133
47172 152460
47172 213687
50266 13127
50266 25596
50266 31615
207176 213577
1101 1102
1101 215125
58075 205185
57124 38915
30870 56393
30870 20495
30870 42585
30870 205839
211251 203966
8315 16278
8315 28836
8315 197302
8315 212311
9150 60126
9150 200071
9150 201940
9150 203439
42093 41529
42093 44541
42093 57325
42093 201875
42093 202585
42093 205838
42093 208530
42093 213959
42093 215085
59554 198513
59554 208751
59554 209985
31477 8312
31477 29028
31477 51923
31477 198508
31477 198692
31477 201791
31477 204751
31477 209223
31477 213052
43414 43995
43414 49784
43414 206894
43414 213713
29263 33915
12902 60341
12902 199816
199939 209653
28788 41241
28788 50319
30925 44074
48972 200934
48635 203037
48635 205631
48635 207257
48635 211005
49453 57172
24730 39022
60880 208537
34968 30720
34968 47863
34968 48645
34968 203179
213959 202585
20495 203822
20495 205726
24586 61428
24586 203318
12414 203993
12414 205617
12414 210789
12414 214836
216456 207551
198352 205185
59545 202477
59545 203681
59545 206348
61349 39587
61349 51942
61349 201117
51517 28685
49685 5524
49685 21155
49685 28878
49685 31586
49685 198334
5524 199927
5524 211566
200023 34766
200023 208715
200023 211982
42707 207647
42707 207829
198089 49250
198089 214386
15966 203368
16243 206676
208951 203755
8694 35332
8737 3265
8737 15879
28685 21162
28685 31537
28685 35024
28685 42492
28685 198012
28685 200342
28685 200991
28685 203966
28685 207179
34663 13127
34663 24595
42894 13127
48037 13127
57744 13127
61346 35332
203396 13127
212151 33915
212157 13127
34164 21342
209845 213333
215248 50917
35133 50917
35133 57706
35133 200223
35133 202956
35133 212253
35133 212762
35133 215085
50917 44733
50917 208258
50917 209094
50917 213619
50917 215318
202585 215085
61044 45040
61044 205247
208501 208490
51430 201789
51430 61295
35467 30830
35467 39244
35467 203170
35467 206126
35467 214966
35467 56584
42812 60820
42812 204754
42812 207627
20965 202012
60679 61005
60679 61007
60679 48921
201789 61295
201789 12459
60893 208654
60893 208973
209754 203769
209754 206294
62068 50868
62068 214337
62068 57717
201404 60805
201404 201403
201404 201405
62353 205185
209549 205999
209936 35332
33915 12315
33915 48869
33915 56517
33915 58083
33915 61351
33915 61956
33915 200428
33915 203159
33915 203242
33915 206475
33915 207275
33915 207894
33915 208240
33915 208973
33915 209390
33915 209721
33915 212778
33915 213099
33915 215104
35332 16089
35332 31433
35332 215922
215085 205838
35349 34766
52186 51412
201968 39700
34766 44612
210151 28878
29396 209590
47829 13127
61331 39700
200560 205637
205185 25459
205185 210501
205185 212098
214406 28878
214689 215104
207083 211748
25459 200191
200428 43293
211566 13127
201940 39700
60341 61999
21342 31108
51923 16074
204751 208209
47863 28878
21155 61161
28878 203242
28878 39700
31586 35470
31586 39700
13127 15670
13127 20507
13127 34430
13127 50862
13127 51857
13127 201521
13127 202553
13127 203740
13127 204635
13127 208153
6819 15879
6819 64416
12315 61351
58083 39700
39700 201975
57717 56611
57717 211177
