3303 8758
3303 15600
3303 29222
3303 8300
3303 8803
3303 9042
3303 12333
3303 12511
3303 12620
3303 12649
3303 12651
3303 12750
3303 12776
3303 12928
3303 13267
3303 13283
3303 15398
3303 15517
3303 15532
3303 15547
3303 15623
3303 15796
3303 16114
3303 20743
3303 20988
3303 21040
3303 21222
3303 24951
3303 24952
3303 25090
3303 25275
3303 25289
3303 25598
3303 28916
3303 29058
3303 29166
3303 29500
3303 30786
3303 31097
3303 31141
3303 31736
3303 33965
3303 34261
3303 34532
3303 35276
3303 39132
3303 39166
3303 39671
3303 39932
3303 41294
3303 41503
3303 41521
3303 41768
3303 42760
3303 43127
3303 43440
3303 43828
3303 44346
3303 44888
3303 47299
3303 47302
3303 47538
3303 47617
3303 48038
3303 48138
3303 48482
3303 48590
3303 48885
3303 49446
3303 50110
3303 50117
3303 50277
3303 50350
3303 50476
3303 50598
3303 50609
3303 50734
3303 50849
3303 51778
3303 51877
3303 59414
3303 60059
3303 60420
3303 60486
3303 196722
3303 197380
3303 197689
3303 198175
3303 198808
3303 199802
3303 199811
3303 200308
3303 200417
3303 200544
3303 200815
3303 200987
3303 201365
3303 201436
3303 201590
3303 201621
3303 201870
3303 202360
3303 202452
3303 203104
3303 203384
3303 203732
3303 204095
3303 204483
3303 204510
3303 204572
3303 204697
3303 204783
3303 204970
3303 205073
3303 205218
3303 205678
3303 205815
3303 206147
3303 206225
3303 206261
3303 206466
3303 206790
3303 206794
3303 207482
3303 208065
3303 208305
3303 208381
3303 208813
3303 208836
3303 208980
3303 209494
3303 209822
3303 209848
3303 209880
3303 210998
3303 211197
3303 212777
3303 212823
3303 212920
3303 213011
3303 213076
3303 214163
3303 214274
3303 214756
3303 215044
3303 215278
3303 215891
3303 216381
3303 216434
3303 1836
3303 6730
3303 25091
3303 34927
3303 13030
3303 15576
3303 12350
3303 198385
3303 9044
3303 51873
3303 59905
3303 51395
3303 200759
3303 12387
3303 39764
3303 31424
3303 43284
3303 59622
3303 13250
3303 15675
3303 31004
3303 559
3303 198249
3303 24585
3303 34288
3303 8302
3303 6893
3303 51907
3303 49983
3303 58057
3303 60284
8758 20612
8758 29691
8758 35712
8758 42085
8758 42128
8758 42760
8758 48027
8758 51395
8758 51798
8758 196621
8758 199403
8758 199533
8758 199819
8758 204478
8758 206492
8758 207733
8758 208378
8758 209886
8758 210036
8758 211096
8758 211174
8758 211837
8758 215044
8758 215217
8758 34927
8758 25091
8758 58299
8758 8298
8758 58115
8758 1836
8758 15600
8758 29222
8758 47176
8758 61174
8758 204178
8758 12350
8758 58280
8758 199662
8758 198385
8758 62371
8758 21040
8758 21232
8758 12333
8758 198951
8758 41549
8758 51262
8758 51154
8758 206616
8758 50598
8758 24889
8758 48461
8758 48971
8758 9044
8758 51873
8758 60486
8758 50837
8758 62035
8758 59905
8758 15623
8758 61423
8758 6772
8758 43440
8758 204631
8758 203434
8758 57777
8758 41913
8758 200759
8758 41655
8758 12387
8758 15398
8758 39764
8758 205678
8758 31424
8758 43284
8758 200544
8758 59622
8758 24951
8758 51786
8758 199554
8758 13250
8758 12553
8758 52183
8758 210752
8758 211452
8758 31736
8758 9100
8758 25375
8758 33965
8758 47617
8758 208731
8758 8821
8758 59891
8758 47302
8758 39419
8758 61287
8758 16242
8758 559
8758 25598
8758 35360
8758 35793
8758 198249
8758 203969
8758 29655
8758 34960
8758 62044
8758 212865
8758 24585
8758 41872
8758 25563
8758 8803
8758 34288
8758 61232
8758 20932
8758 15517
8758 202032
8758 8302
8758 51768
8758 31662
8758 6776
8758 12307
8758 6775
8758 9092
8758 34578
8758 15547
8758 60804
8758 29097
8758 51776
8758 61098
8758 207335
8758 33845
8758 199562
8758 20893
8758 51907
8758 42346
8758 49983
8758 48885
8758 25435
8758 3250
8758 199811
8758 30786
8758 59414
8758 196810
8758 58057
8758 15796
8758 6730
8758 15576
15600 8821
15600 42346
15600 13030
15600 25091
15600 58299
15600 1836
15600 29222
15600 12350
15600 21232
15600 9044
15600 51873
15600 15623
15600 29691
15600 59891
15600 559
15600 34288
15600 20932
15600 15547
29222 513
29222 207688
29222 34927
29222 13030
29222 25091
29222 58299
29222 8298
29222 58115
29222 15576
29222 1836
29222 47176
29222 12347
29222 61174
29222 204178
29222 12350
29222 58280
29222 199662
29222 198385
29222 62371
29222 21040
29222 21232
29222 12333
29222 41549
29222 49489
29222 51262
29222 51154
29222 24889
29222 48971
29222 9044
29222 51873
29222 60486
29222 50837
29222 62035
29222 59905
29222 15623
29222 61423
29222 6772
29222 43440
29222 204631
29222 203434
29222 51395
29222 57777
29222 41913
29222 200759
29222 41655
29222 12387
29222 15398
29222 39764
29222 31424
29222 43284
29222 24951
29222 51786
29222 199554
29222 13250
29222 12553
29222 52183
29222 31736
29222 206492
29222 9100
29222 34554
29222 25375
29222 33965
29222 208731
29222 8821
29222 35202
29222 29691
29222 59891
29222 47302
29222 39419
29222 61287
29222 16242
29222 559
29222 20612
29222 35360
29222 198249
29222 203969
29222 29655
29222 210036
29222 62044
29222 212865
29222 41872
29222 28875
29222 34288
29222 61232
29222 20932
29222 15517
29222 202032
29222 8302
29222 31662
29222 6776
29222 12307
29222 6775
29222 9092
29222 15547
29222 60804
29222 57118
29222 61098
29222 33845
29222 199562
29222 20893
29222 51907
29222 60129
29222 42346
29222 49983
29222 48885
29222 3250
29222 199811
29222 30786
29222 59414
29222 58057
29222 15796
8803 1836
8803 6730
8803 13030
8803 58299
8803 51873
8803 12350
8803 15623
8803 21232
8803 9044
9042 6730
12333 1836
12333 25091
12333 34927
12333 13030
12333 8298
12333 58299
12333 198385
12333 559
12333 12307
12333 59414
12333 12350
12333 15547
12333 15623
12333 20612
12333 20932
12333 21232
12333 34288
12333 51786
12333 57777
12333 58057
12333 29691
12333 59891
12333 202032
12333 513
12620 48350
12651 6730
12750 8821
12928 6730
13267 6730
15398 1836
15398 25091
15398 34927
15398 8298
15398 58299
15398 198385
15398 559
15398 12307
15398 59414
15398 15547
15398 15623
15398 20612
15398 20932
15398 21232
15398 34288
15398 51786
15398 57777
15398 58057
15398 29691
15398 59891
15398 202032
15517 1836
15517 25091
15517 34927
15517 13030
15517 8298
15517 58299
15517 198385
15517 559
15517 12307
15517 51873
15517 59414
15517 12350
15517 15623
15517 20612
15517 20932
15517 21232
15517 34288
15517 51786
15517 57777
15517 58057
15517 29691
15517 59891
15532 6730
15547 1836
15547 25091
15547 34927
15547 13030
15547 15576
15547 8298
15547 47176
15547 58115
15547 58299
15547 198385
15547 12347
15547 559
15547 12307
15547 51873
15547 59414
15547 12350
15547 31124
15547 34781
15547 39440
15547 39544
15547 206857
15547 211182
15547 61174
15547 204178
15547 58280
15547 62371
15547 21040
15547 21232
15547 49113
15547 198951
15547 41549
15547 49489
15547 51154
15547 206616
15547 24889
15547 48971
15547 9044
15547 60486
15547 50837
15547 59905
15547 15623
15547 61423
15547 6772
15547 43440
15547 203434
15547 51395
15547 57777
15547 41913
15547 200759
15547 12387
15547 39764
15547 205678
15547 31424
15547 43284
15547 200544
15547 24951
15547 51786
15547 199554
15547 13250
15547 12553
15547 513
15547 31736
15547 206492
15547 9100
15547 34554
15547 33965
15547 47617
15547 208731
15547 8821
15547 35202
15547 29691
15547 59891
15547 61287
15547 16242
15547 20612
15547 35793
15547 2613
15547 203969
15547 196621
15547 29655
15547 210036
15547 215044
15547 62044
15547 212865
15547 28875
15547 25563
15547 34288
15547 20932
15547 202032
15547 8302
15547 51768
15547 31662
15547 6775
15547 9092
15547 34578
15547 30786
15547 33845
15547 42346
15547 51907
15547 57118
15547 57965
15547 15796
15547 48885
15547 51776
15547 58057
15547 60129
15547 60804
15547 61098
15547 199811
15623 1836
15623 6730
15623 25091
15623 34927
15623 13030
15623 15576
15623 8298
15623 47176
15623 58115
15623 58299
15623 198385
15623 12347
15623 559
15623 12307
15623 51873
15623 59414
15623 12350
15623 6732
15623 31051
15623 35712
15623 43107
15623 43291
15623 50805
15623 51786
15623 61232
15623 201228
15623 202451
15623 206214
15623 206779
15623 208065
15623 209346
15623 211861
15623 214060
15623 216381
15623 61174
15623 204178
15623 58280
15623 199662
15623 62371
15623 21040
15623 21232
15623 198951
15623 41549
15623 49489
15623 51262
15623 206616
15623 50598
15623 24889
15623 48461
15623 48971
15623 9044
15623 60486
15623 50837
15623 62035
15623 59905
15623 8302
15623 3250
15623 6772
15623 6775
15623 6776
15623 8271
15623 8821
15623 9092
15623 9100
15623 12387
15623 12553
15623 16242
15623 20612
15623 20893
15623 24585
15623 25435
15623 25563
15623 25598
15623 28875
15623 29097
15623 29691
15623 30786
15623 31662
15623 31736
15623 33845
15623 33965
15623 34288
15623 35202
15623 35360
15623 35793
15623 39419
15623 39764
15623 41655
15623 41913
15623 42346
15623 42760
15623 43284
15623 43440
15623 47617
15623 49983
15623 51768
15623 51907
15623 52183
15623 57118
15623 57777
15623 59891
15623 61098
15623 61287
15623 62044
15623 196621
15623 199554
15623 199562
15623 200759
15623 202032
15623 203969
15623 204631
15623 207335
15623 208731
15623 210036
15623 215044
15623 15796
15623 20932
15623 24951
15623 25375
15623 29655
15623 31424
15623 34554
15623 34578
15623 41872
15623 47302
15623 48885
15623 51395
15623 58057
15623 60804
15623 61423
15623 196810
15623 198249
15623 199811
15623 200544
15623 203434
15623 206492
15623 212865
15796 1836
15796 6730
15796 25091
15796 34927
15796 13030
15796 8298
15796 58299
15796 198385
15796 559
15796 12307
15796 59414
15796 12350
15796 20612
15796 20932
15796 21232
15796 34288
15796 51786
15796 57777
15796 58057
15796 29691
15796 59891
15796 202032
15796 513
16114 20932
20743 6730
20988 13030
21040 1836
21040 6730
21040 25091
21040 34927
21040 13030
21040 8298
21040 58299
21040 198385
21040 559
21040 12307
21040 59414
21040 20612
21040 20932
21040 21232
21040 34288
21040 51786
21040 57777
21040 58057
21040 29691
21040 59891
21040 202032
21222 6730
24951 1836
24951 25091
24951 34927
24951 13030
24951 8298
24951 58299
24951 198385
24951 559
24951 12307
24951 51873
24951 59414
24951 12350
24951 20612
24951 20932
24951 21232
24951 34288
24951 51786
24951 57777
24951 58057
24951 29691
24951 59891
24951 202032
24951 39932
24951 62320
24951 200726
24951 208216
24951 208316
25090 198385
25598 1836
25598 6730
25598 34927
25598 15576
25598 8298
25598 58299
25598 559
25598 12307
25598 59414
25598 20612
25598 20932
25598 21232
25598 34288
25598 51786
25598 57777
25598 58057
25598 29691
28916 6730
29058 6730
30786 1836
30786 6730
30786 25091
30786 34927
30786 8298
30786 58299
30786 198385
30786 559
30786 12307
30786 59414
30786 20612
30786 20932
30786 21232
30786 34288
30786 51786
30786 57777
30786 58057
30786 29691
30786 59891
30786 202032
31097 6730
31736 25091
31736 13030
31736 58299
31736 198385
31736 559
31736 12307
31736 51873
31736 59414
31736 12350
31736 20612
31736 20932
31736 21232
31736 34288
31736 51786
31736 57777
31736 58057
31736 29691
31736 42155
31736 48461
31736 203882
33965 25091
33965 13030
33965 58299
33965 198385
33965 559
33965 12307
33965 51873
33965 59414
33965 12350
33965 20612
33965 20932
33965 21232
33965 34288
33965 51786
33965 57777
33965 58057
33965 29691
33965 59891
33965 28686
33965 34960
33965 41872
33965 47506
33965 57676
33965 59647
33965 198433
33965 204594
33965 206137
33965 210308
33965 210378
33965 210468
34261 6730
34532 6730
35276 1836
39166 6730
39671 13030
41294 8821
41768 34554
42760 25091
42760 13030
42760 58299
42760 198385
42760 559
42760 12307
42760 59414
42760 20612
42760 20932
42760 21232
42760 34288
42760 51786
42760 57777
42760 58057
42760 29691
43127 6730
43440 1836
43440 25091
43440 34927
43440 8298
43440 58115
43440 58299
43440 198385
43440 559
43440 12307
43440 51873
43440 59414
43440 20612
43440 20932
43440 21232
43440 34288
43440 51786
43440 58057
43440 29691
43440 59891
43440 202032
43828 6730
44346 6730
47299 20932
47302 25091
47302 13030
47302 58299
47302 198385
47302 559
47302 12307
47302 59414
47302 12350
47302 20612
47302 20932
47302 21232
47302 34288
47302 51786
47302 57777
47302 58057
47302 29691
47538 6730
47617 1836
47617 25091
47617 34927
47617 15576
47617 8298
47617 58299
47617 198385
47617 559
47617 12307
47617 59414
47617 20612
47617 20932
47617 21232
47617 34288
47617 51786
47617 57777
47617 58057
47617 29691
47617 59891
47617 202032
48482 6730
48885 1836
48885 6730
48885 25091
48885 34927
48885 13030
48885 8298
48885 58299
48885 198385
48885 559
48885 12307
48885 51873
48885 59414
48885 12350
48885 20612
48885 20932
48885 21232
48885 34288
48885 51786
48885 57777
48885 58057
48885 29691
48885 59891
48885 202032
48885 44885
48885 59898
48885 205747
48885 207014
49446 31662
50277 25091
50350 21217
50476 6730
50598 1836
50598 25091
50598 34927
50598 8298
50598 58299
50598 198385
50598 559
50598 12307
50598 59414
50598 20612
50598 20932
50598 21232
50598 34288
50598 51786
50598 57777
50598 58057
50598 29691
50598 59891
50598 202032
50598 12387
50734 1836
51778 47176
51778 203200
59414 1836
59414 25091
59414 34927
59414 13030
59414 15576
59414 8298
59414 47176
59414 58115
59414 58299
59414 198385
59414 12347
59414 559
59414 12307
59414 51873
59414 21124
59414 58222
59414 203434
59414 214867
59414 61174
59414 204178
59414 12350
59414 58280
59414 199662
59414 62371
59414 21232
59414 198951
59414 41549
59414 49489
59414 51262
59414 206616
59414 24889
59414 48461
59414 48971
59414 9044
59414 60486
59414 50837
59414 62035
59414 59905
59414 61423
59414 6772
59414 204631
59414 51395
59414 57777
59414 41913
59414 200759
59414 41655
59414 12387
59414 39764
59414 205678
59414 31424
59414 43284
59414 200544
59414 51786
59414 199554
59414 13250
59414 12553
59414 52183
59414 206492
59414 9100
59414 34554
59414 25375
59414 208731
59414 8821
59414 35202
59414 29691
59414 59891
59414 39419
59414 61287
59414 16242
59414 20612
59414 35360
59414 35793
59414 198249
59414 203969
59414 196621
59414 29655
59414 210036
59414 215044
59414 62044
59414 212865
59414 24585
59414 41872
59414 28875
59414 25563
59414 34288
59414 61232
59414 20932
59414 202032
59414 8302
59414 51768
59414 31662
59414 6776
59414 6775
59414 9092
59414 34578
59414 60804
59414 57118
59414 61098
59414 207335
59414 33845
59414 199562
59414 20893
59414 51907
59414 42346
59414 49983
59414 25435
59414 3250
59414 199811
59414 58057
59414 196810
60059 6730
60486 1836
60486 25091
60486 34927
60486 13030
60486 8298
60486 58299
60486 198385
60486 559
60486 12307
60486 51873
60486 20612
60486 20932
60486 21232
60486 34288
60486 51786
60486 57777
60486 58057
60486 29691
60486 59891
60486 202032
60486 58193
196722 6730
196722 559
197380 6730
197380 42346
197689 6730
198175 8821
198808 6730
199802 6730
199811 25091
199811 13030
199811 58299
199811 559
199811 12307
199811 51873
199811 20612
199811 20932
199811 21232
199811 34288
199811 51786
199811 57777
199811 58057
199811 29691
199811 203130
200417 6730
200544 1836
200544 25091
200544 34927
200544 15576
200544 8298
200544 58299
200544 198385
200544 559
200544 12307
200544 20612
200544 20932
200544 21232
200544 34288
200544 51786
200544 57777
200544 58057
200544 29691
200544 59891
200544 202032
200544 33845
200987 6730
201365 34781
201590 13030
202452 25091
202452 200759
203104 61423
203384 6730
203732 6730
204095 6730
204483 42346
204510 6730
204697 6730
204783 6730
204970 1836
205218 559
205678 1836
205678 25091
205678 34927
205678 8298
205678 58299
205678 198385
205678 559
205678 12307
205678 20612
205678 20932
205678 21232
205678 34288
205678 51786
205678 57777
205678 58057
205678 29691
205678 59891
205678 202032
205815 6730
206261 12387
206466 6730
206790 6730
208813 6730
208980 6730
209822 6730
211197 1836
212920 20932
213011 6730
214163 6730
214274 47176
215044 1836
215044 25091
215044 34927
215044 8298
215044 58299
215044 198385
215044 559
215044 12307
215044 20612
215044 20932
215044 21232
215044 34288
215044 51786
215044 57777
215044 58057
215044 29691
215044 59891
215278 47176
216381 6730
216381 13030
216434 6730
216434 15513
1836 35793
1836 41577
1836 43477
1836 43549
1836 50405
1836 58057
1836 60115
1836 197202
1836 197742
1836 199567
1836 200107
1836 200888
1836 201329
1836 205067
1836 206492
1836 208921
1836 210346
1836 214700
1836 34927
1836 13030
1836 25091
1836 58299
1836 8298
1836 58115
1836 15576
1836 47176
1836 61174
1836 204178
1836 12350
1836 199662
1836 198385
1836 62371
1836 21232
1836 198951
1836 41549
1836 51262
1836 51154
1836 206616
1836 48971
1836 9044
1836 51873
1836 50837
1836 59905
1836 61423
1836 203434
1836 51395
1836 57777
1836 41913
1836 200759
1836 12387
1836 39764
1836 43284
1836 59622
1836 51786
1836 199554
1836 13250
1836 12553
1836 34554
1836 208731
1836 8821
1836 29691
1836 59891
1836 39419
1836 61287
1836 559
1836 20612
1836 35360
1836 196621
1836 29655
1836 62044
1836 212865
1836 25563
1836 34288
1836 61232
1836 20932
1836 202032
1836 8302
1836 51768
1836 31662
1836 12307
1836 6775
1836 9092
1836 34578
1836 29097
1836 207335
1836 33845
1836 199562
1836 20893
1836 51907
1836 42346
1836 25435
1836 196810
6730 513
6730 6772
6730 6893
6730 8302
6730 8414
6730 8453
6730 8659
6730 8821
6730 8883
6730 9108
6730 12387
6730 13250
6730 15575
6730 15585
6730 15661
6730 15675
6730 16267
6730 21047
6730 21405
6730 21466
6730 24585
6730 24889
6730 25021
6730 25164
6730 25375
6730 25563
6730 28749
6730 28810
6730 28928
6730 29097
6730 29296
6730 29356
6730 29617
6730 29641
6730 29691
6730 30934
6730 30973
6730 31004
6730 31051
6730 31052
6730 33845
6730 34146
6730 34271
6730 34514
6730 34578
6730 35240
6730 35396
6730 39212
6730 39419
6730 39457
6730 39624
6730 39750
6730 41481
6730 41590
6730 41655
6730 42168
6730 43107
6730 43291
6730 43549
6730 44885
6730 44938
6730 47649
6730 48218
6730 48258
6730 48307
6730 48540
6730 48849
6730 48857
6730 49071
6730 49457
6730 49489
6730 49520
6730 49525
6730 49642
6730 49938
6730 49983
6730 50136
6730 50170
6730 50185
6730 50805
6730 51423
6730 51907
6730 51934
6730 52183
6730 56743
6730 57559
6730 57676
6730 57987
6730 58260
6730 60115
6730 61970
6730 64442
6730 196651
6730 196810
6730 197352
6730 197525
6730 197742
6730 198172
6730 198534
6730 199047
6730 199225
6730 199554
6730 199562
6730 200713
6730 200759
6730 200925
6730 201319
6730 201481
6730 201586
6730 202032
6730 202035
6730 203130
6730 203153
6730 203639
6730 203892
6730 204594
6730 205377
6730 206137
6730 206214
6730 206567
6730 206662
6730 206857
6730 206891
6730 206969
6730 207271
6730 207335
6730 208316
6730 208378
6730 208650
6730 208948
6730 210018
6730 210308
6730 210378
6730 210500
6730 211452
6730 211540
6730 211565
6730 213081
6730 213270
6730 213924
6730 214217
6730 214700
6730 214898
6730 13030
6730 25091
6730 12350
6730 50837
6730 559
6730 62044
25091 8298
25091 513
25091 6893
25091 15675
25091 20582
25091 21217
25091 21449
25091 31592
25091 34310
25091 35360
25091 39419
25091 41003
25091 41766
25091 41906
25091 47271
25091 49114
25091 49642
25091 50837
25091 56395
25091 56798
25091 58326
25091 60129
25091 60785
25091 60804
25091 60901
25091 61970
25091 62035
25091 62139
25091 64426
25091 64431
25091 196810
25091 199562
25091 199662
25091 200759
25091 201199
25091 210983
25091 213298
25091 34927
25091 13030
25091 15576
25091 47176
25091 50869
25091 58115
25091 58299
25091 12347
25091 61174
25091 204178
25091 12350
25091 58280
25091 198385
25091 62371
25091 21232
25091 198951
25091 41549
25091 49489
25091 51262
25091 51154
25091 206616
25091 24889
25091 48461
25091 48971
25091 9044
25091 51873
25091 59905
25091 61423
25091 6772
25091 204631
25091 203434
25091 51395
25091 57777
25091 41913
25091 41655
25091 12387
25091 39764
25091 31424
25091 43284
25091 51786
25091 199554
25091 13250
25091 12553
25091 52183
25091 210752
25091 206492
25091 9100
25091 34554
25091 25375
25091 204333
25091 208731
25091 8821
25091 35202
25091 29691
25091 59891
25091 61287
25091 49457
25091 16242
25091 41051
25091 559
25091 20612
25091 34800
25091 35793
25091 198249
25091 203969
25091 196621
25091 59812
25091 29655
25091 62044
25091 212865
25091 24585
25091 41872
25091 28875
25091 25563
25091 34288
25091 61232
25091 47194
25091 202032
25091 8302
25091 51768
25091 31662
25091 6776
25091 12307
25091 6775
25091 204082
25091 9092
25091 34578
25091 51776
25091 57118
25091 61098
25091 207335
25091 33845
25091 20893
25091 51907
25091 209898
25091 42346
25091 49983
25091 57965
25091 25435
25091 3250
25091 58057
25091 208608
34927 209533
34927 12307
34927 57521
34927 59812
34927 60265
34927 203218
34927 204631
34927 205929
34927 207149
34927 212378
34927 8298
34927 13030
34927 15576
34927 47176
34927 47498
34927 50869
34927 58115
34927 58299
34927 61174
34927 204178
34927 58280
34927 199662
34927 198385
34927 62371
34927 213929
34927 21232
34927 198951
34927 41549
34927 51262
34927 51154
34927 206616
34927 24889
34927 48971
34927 9044
34927 51873
34927 50837
34927 59905
34927 61423
34927 203434
34927 51395
34927 57777
34927 41913
34927 200759
34927 12387
34927 39764
34927 31424
34927 43284
34927 51786
34927 199554
34927 13250
34927 12553
34927 210752
34927 206492
34927 34554
34927 204333
34927 208731
34927 8821
34927 35202
34927 29691
34927 59891
34927 39419
34927 61287
34927 41051
34927 559
34927 20612
34927 34800
34927 35360
34927 35793
34927 198249
34927 196621
34927 29655
34927 62044
34927 212865
34927 25563
34927 34288
34927 61232
34927 20932
34927 202032
34927 8302
34927 51768
34927 31662
34927 6775
34927 9092
34927 34578
34927 51776
34927 61098
34927 207335
34927 33845
34927 199562
34927 20893
34927 51907
34927 209898
34927 42346
34927 57965
34927 25435
34927 196810
34927 58057
34927 208608
13030 47176
13030 58299
13030 3250
13030 6772
13030 6775
13030 6776
13030 8271
13030 9108
13030 16111
13030 16221
13030 16242
13030 21232
13030 24585
13030 24889
13030 25164
13030 25375
13030 29097
13030 29691
13030 31424
13030 31662
13030 34182
13030 34514
13030 34960
13030 35206
13030 35507
13030 35518
13030 35663
13030 39212
13030 39764
13030 41481
13030 41655
13030 42059
13030 42357
13030 42500
13030 43284
13030 43393
13030 43735
13030 44238
13030 44468
13030 44776
13030 47506
13030 47649
13030 48218
13030 48263
13030 48461
13030 49520
13030 49983
13030 50255
13030 50997
13030 51395
13030 52183
13030 57521
13030 59810
13030 59891
13030 60728
13030 60804
13030 60901
13030 61098
13030 61287
13030 62035
13030 64442
13030 197988
13030 198249
13030 199003
13030 199533
13030 200759
13030 200925
13030 200979
13030 203718
13030 203882
13030 204082
13030 204631
13030 205377
13030 205737
13030 205747
13030 205959
13030 206201
13030 206291
13030 206484
13030 206522
13030 206567
13030 207143
13030 208224
13030 208731
13030 209042
13030 209346
13030 209886
13030 210231
13030 210500
13030 210602
13030 210983
13030 211452
13030 211540
13030 211861
13030 213059
13030 213196
13030 213298
13030 213929
13030 214060
13030 214815
13030 215217
13030 215852
13030 8298
13030 12350
13030 198385
13030 206616
13030 21190
13030 48971
13030 9044
13030 61423
13030 41913
13030 12387
13030 51786
13030 13250
13030 513
13030 204333
13030 559
13030 2613
13030 29655
13030 62044
13030 34288
13030 61232
13030 20932
13030 202032
13030 8302
13030 211096
13030 6893
13030 33845
13030 20893
13030 42346
15576 47176
15576 15716
15576 21232
15576 24585
15576 25353
15576 33845
15576 34288
15576 34578
15576 35635
15576 39265
15576 41632
15576 41872
15576 42810
15576 43800
15576 43906
15576 44879
15576 47469
15576 51529
15576 51768
15576 51907
15576 60311
15576 61287
15576 196621
15576 198326
15576 198385
15576 198951
15576 199819
15576 200647
15576 201134
15576 201416
15576 202714
15576 203434
15576 205029
15576 206616
15576 210861
15576 58299
15576 8298
15576 58115
15576 12350
15576 9044
15576 51873
15576 57777
15576 41913
15576 51786
15576 513
15576 29691
15576 59891
15576 559
15576 20612
15576 35793
15576 62044
15576 20932
15576 202032
15576 12307
15576 61098
15576 6893
15576 58057
12350 58299
12350 198385
12350 12347
12350 559
12350 51873
12350 3334
12350 60199
12350 201586
12350 203153
12350 205393
12350 215825
12350 513
12350 3250
12350 6772
12350 6776
12350 8821
12350 9044
12350 12387
12350 13250
12350 20893
12350 21232
12350 24889
12350 25563
12350 28875
12350 29097
12350 29691
12350 31662
12350 33845
12350 34288
12350 35518
12350 41549
12350 41913
12350 42346
12350 49489
12350 49983
12350 61232
12350 62371
12350 196621
12350 201228
12350 202032
12350 20932
12350 21449
12350 25375
12350 29655
12350 31424
12350 34554
12350 34578
12350 34960
12350 39764
12350 50837
12350 51395
12350 58280
12350 59891
12350 60129
198385 8298
198385 47176
198385 58115
198385 58299
198385 41290
198385 21190
198385 41562
198385 42357
198385 199229
198385 203882
198385 204082
198385 207646
198385 207758
198385 12347
198385 61174
198385 204178
198385 58280
198385 559
198385 2613
198385 3250
198385 6772
198385 6775
198385 6776
198385 6893
198385 8302
198385 8821
198385 9044
198385 9092
198385 9100
198385 12387
198385 12553
198385 13250
198385 16242
198385 20612
198385 20893
198385 20932
198385 21232
198385 24585
198385 24889
198385 25375
198385 25435
198385 25563
198385 28875
198385 29655
198385 29691
198385 31424
198385 31662
198385 33845
198385 34288
198385 34554
198385 34578
198385 34960
198385 35202
198385 35793
198385 39764
198385 41549
198385 41655
198385 41872
198385 41913
198385 42346
198385 43284
198385 48461
198385 48971
198385 49457
198385 49489
198385 49983
198385 50963
198385 51154
198385 51262
198385 51395
198385 51768
198385 51786
198385 51907
198385 52183
198385 57118
198385 57777
198385 57965
198385 58057
198385 59891
198385 59905
198385 61098
198385 61232
198385 61287
198385 61423
198385 62044
198385 62371
198385 196621
198385 198249
198385 12307
198385 48390
198385 51873
198385 206616
198385 198951
198385 199554
198385 200759
198385 202032
198385 203434
198385 203969
198385 204631
198385 206492
198385 207335
198385 208731
198385 210036
198385 212865
9044 8298
9044 58115
9044 58299
9044 559
9044 12307
9044 51873
9044 20612
9044 20932
9044 21232
9044 34288
9044 51786
9044 57777
9044 58057
9044 29691
9044 59891
9044 202032
9044 6772
9044 29296
9044 34438
9044 35034
9044 44238
9044 47337
9044 59622
9044 200647
9044 202424
9044 203200
9044 207143
9044 208613
9044 209615
9044 211096
9044 212944
9044 6775
9044 8302
9044 201228
9044 29097
9044 35793
9044 41913
9044 62044
9044 211452
51873 8298
51873 47176
51873 58115
51873 58299
51873 12347
51873 559
51873 12307
51873 61174
51873 204178
51873 58280
51873 199662
51873 62371
51873 21232
51873 198951
51873 41549
51873 49489
51873 51262
51873 206616
51873 48461
51873 48971
51873 3250
51873 6772
51873 6775
51873 6776
51873 8302
51873 8821
51873 9092
51873 9100
51873 12387
51873 12553
51873 13250
51873 16242
51873 20612
51873 20893
51873 20932
51873 25375
51873 25435
51873 25563
51873 28875
51873 29097
51873 29655
51873 29691
51873 31424
51873 31662
51873 33845
51873 34288
51873 34554
51873 34578
51873 35202
51873 35360
51873 35793
51873 39419
51873 39764
51873 41655
51873 41913
51873 42346
51873 43284
51873 49983
51873 50837
51873 51395
51873 51768
51873 51786
51873 51907
51873 52183
51873 57118
51873 57777
51873 58057
51873 59891
51873 59905
51873 60804
51873 61098
51873 61287
51873 61423
51873 62035
51873 62044
51873 196621
51873 196810
51873 198249
51873 199554
51873 199562
51873 200759
51873 202032
51873 203434
51873 203969
51873 204631
51873 206492
51873 207335
51873 208731
51873 210036
51873 212865
51873 24889
59905 8298
59905 58299
59905 559
59905 12307
59905 20612
59905 20932
59905 21232
59905 34288
59905 51786
59905 57777
59905 58057
59905 29691
59905 59891
59905 202032
51395 8298
51395 58299
51395 559
51395 12307
51395 20612
51395 20932
51395 21232
51395 34288
51395 51786
51395 57777
51395 58057
51395 29691
51395 35336
51395 56803
51395 59741
51395 59891
200759 8298
200759 58299
200759 559
200759 12307
200759 20612
200759 20932
200759 21232
200759 34288
200759 51786
200759 57777
200759 58057
200759 29691
200759 202240
200759 202411
200759 203892
200759 214552
12387 8298
12387 58299
12387 559
12387 12307
12387 20612
12387 20932
12387 21232
12387 34288
12387 51786
12387 57777
12387 58057
12387 29691
12387 59891
12387 202032
12387 20914
12387 25435
12387 42128
12387 205357
12387 205737
12387 207335
12387 210736
12387 212629
39764 8298
39764 58299
39764 559
39764 12307
39764 20612
39764 20932
39764 21232
39764 34288
39764 51786
39764 57777
39764 58057
39764 29691
39764 59891
39764 202032
31424 58299
31424 559
31424 12307
31424 20612
31424 20932
31424 21232
31424 34288
31424 51786
31424 57777
31424 58057
31424 29691
31424 42346
31424 41481
31424 43621
31424 199003
31424 199661
31424 204631
31424 212506
43284 8298
43284 58115
43284 58299
43284 559
43284 12307
43284 20612
43284 20932
43284 21232
43284 34288
43284 51786
43284 57777
43284 58057
43284 29691
43284 59891
43284 202032
43284 30973
43284 199567
59622 60633
13250 8298
13250 58299
13250 559
13250 12307
13250 20612
13250 20932
13250 21232
13250 34288
13250 51786
13250 57777
13250 58057
13250 29691
13250 59891
13250 202032
559 8298
559 47176
559 58115
559 58299
559 12347
559 25021
559 200233
559 202123
559 213196
559 61174
559 204178
559 58280
559 199662
559 62371
559 21232
559 198951
559 41549
559 49489
559 51262
559 51154
559 206616
559 24889
559 48461
559 48971
559 50837
559 62035
559 61423
559 6772
559 204631
559 203434
559 57777
559 41913
559 41655
559 8271
559 51786
559 199554
559 12553
559 52183
559 513
559 210752
559 206492
559 9100
559 34554
559 25375
559 208731
559 8821
559 35202
559 29691
559 59891
559 39419
559 61287
559 16242
559 3250
559 6775
559 6776
559 9092
559 12307
559 20612
559 20893
559 24585
559 25435
559 25563
559 28875
559 31662
559 33845
559 34288
559 35360
559 35793
559 42346
559 49983
559 51768
559 51907
559 57118
559 61098
559 61232
559 62044
559 196621
559 199562
559 202032
559 203969
559 207335
559 210036
559 8302
559 20932
559 29655
559 34578
559 41872
559 51776
559 58057
559 60129
559 60284
559 60804
559 196810
559 198249
559 212865
198249 58299
198249 12307
198249 20612
198249 20932
198249 21232
198249 34288
198249 51786
198249 57777
198249 58057
198249 29691
24585 58299
24585 12307
24585 20612
24585 20932
24585 21232
24585 34288
24585 51786
24585 57777
24585 58057
24585 29691
34288 8298
34288 47176
34288 58115
34288 58299
34288 12347
34288 12307
34288 20612
34288 20932
34288 21232
34288 12553
34288 21269
34288 61174
34288 204178
34288 58280
34288 199662
34288 62371
34288 198951
34288 41549
34288 49489
34288 51262
34288 51154
34288 206616
34288 24889
34288 48461
34288 48971
34288 50837
34288 62035
34288 61423
34288 6772
34288 204631
34288 203434
34288 57777
34288 41913
34288 41655
34288 8271
34288 51786
34288 199554
34288 52183
34288 210752
34288 206492
34288 9100
34288 34554
34288 25375
34288 208731
34288 8821
34288 35202
34288 29691
34288 59891
34288 39419
34288 61287
34288 16242
34288 35360
34288 35793
34288 2613
34288 203969
34288 196621
34288 29655
34288 210036
34288 34960
34288 62044
34288 212865
34288 41872
34288 28875
34288 25563
34288 3250
34288 6775
34288 8302
34288 25435
34288 33845
34288 6776
34288 9092
34288 20893
34288 29097
34288 31662
34288 49983
34288 51907
34288 57118
34288 207335
34288 34578
34288 42346
34288 51768
34288 51776
34288 57965
34288 58057
34288 60804
34288 61098
34288 61232
34288 196810
34288 199562
34288 202032
8302 8298
8302 58299
8302 12307
8302 20612
8302 20932
8302 21232
8302 51786
8302 57777
8302 58057
8302 29691
8302 59891
8302 202032
8302 34800
8302 35793
8302 62044
6893 50869
6893 58115
6893 2613
6893 21190
6893 42357
6893 48390
6893 50963
6893 57651
6893 61098
6893 200601
6893 203882
51907 8298
51907 58299
51907 12307
51907 20612
51907 20932
51907 21232
51907 51786
51907 57777
51907 58057
51907 29691
51907 59891
51907 202032
49983 58299
49983 12307
49983 20612
49983 20932
49983 21232
49983 51786
49983 57777
49983 58057
49983 29691
58057 8298
58057 47176
58057 50869
58057 58115
58057 58299
58057 12347
58057 12307
58057 20612
58057 20932
58057 21232
58057 51786
58057 57777
58057 34800
58057 57521
58057 203718
58057 206330
58057 209898
58057 61174
58057 204178
58057 58280
58057 199662
58057 62371
58057 198951
58057 41549
58057 49489
58057 51262
58057 51154
58057 206616
58057 24889
58057 48461
58057 48971
58057 50837
58057 62035
58057 61423
58057 6772
58057 204631
58057 203434
58057 41913
58057 41655
58057 199554
58057 12553
58057 52183
58057 210752
58057 206492
58057 9100
58057 34554
58057 25375
58057 208731
58057 8821
58057 35202
58057 29691
58057 59891
58057 39419
58057 61287
58057 16242
58057 44393
58057 41051
58057 35360
58057 35793
58057 203969
58057 196621
58057 29655
58057 210036
58057 62044
58057 212865
58057 41872
58057 28875
58057 25563
58057 61232
58057 47194
58057 202032
58057 51768
58057 31662
58057 6776
58057 6775
58057 56755
58057 9092
58057 34578
58057 60804
58057 51776
58057 57118
58057 61098
58057 207335
58057 33845
58057 199562
58057 20893
58057 42346
58057 25435
58057 3250
58057 196810
20612 8298
20612 47176
20612 58115
20612 58299
20612 12347
20612 12307
20612 61174
20612 204178
20612 58280
20612 199662
20612 62371
20612 21232
20612 198951
20612 41549
20612 49489
20612 51262
20612 206616
20612 24889
20612 48461
20612 48971
20612 50837
20612 62035
20612 61423
20612 6772
20612 204631
20612 203434
20612 57777
20612 41913
20612 41655
20612 51786
20612 199554
20612 12553
20612 52183
20612 206492
20612 9100
20612 34554
20612 25375
20612 208731
20612 8821
20612 35202
20612 29691
20612 59891
20612 39419
20612 61287
20612 16242
20612 6775
20612 3250
20612 6776
20612 9092
20612 20893
20612 25435
20612 28875
20612 31662
20612 33845
20612 35793
20612 42346
20612 57118
20612 61232
20612 62044
20612 196621
20612 199562
20612 202032
20612 203969
20612 207335
20612 20932
20612 25563
20612 29655
20612 34578
20612 35360
20612 41872
20612 51768
20612 60804
20612 61098
20612 196810
20612 210036
20612 212865
29691 8298
29691 47176
29691 58115
29691 58299
29691 20932
29691 21232
29691 51786
29691 57777
29691 61174
29691 12307
29691 12347
29691 16242
29691 28875
29691 44919
29691 47639
29691 49489
29691 57118
29691 57204
29691 199587
29691 206123
29691 209582
29691 204178
29691 58280
29691 199662
29691 62371
29691 198951
29691 41549
29691 51262
29691 206616
29691 24889
29691 48461
29691 48971
29691 50837
29691 62035
29691 61423
29691 6772
29691 204631
29691 203434
29691 41913
29691 41655
29691 199554
29691 12553
29691 52183
29691 206492
29691 9100
29691 34554
29691 25375
29691 208731
29691 8821
29691 6775
29691 25435
29691 25563
29691 29655
29691 3250
29691 6776
29691 9092
29691 20893
29691 29097
29691 31662
29691 33845
29691 35793
29691 39419
29691 61232
29691 61287
29691 62044
29691 196621
29691 203969
29691 207335
29691 34578
29691 34960
29691 35360
29691 41872
29691 42346
29691 51768
29691 59891
29691 60804
29691 61098
29691 196810
29691 199562
29691 202032
29691 212865
42085 41872
196621 8298
196621 58299
196621 12307
196621 20932
196621 21232
196621 51786
196621 57777
196621 59891
206492 8298
206492 58299
206492 12307
206492 20932
206492 21232
206492 51786
206492 57777
206492 59891
206492 202032
210036 8298
210036 50869
210036 58299
210036 20932
210036 21232
210036 51786
210036 57777
211096 58115
211174 58115
58299 47176
58299 50869
58299 58115
58299 8298
58299 28859
58299 35206
58299 41051
58299 48971
58299 58280
58299 59812
58299 203969
58299 205929
58299 212944
58299 12347
58299 61174
58299 204178
58299 199662
58299 62371
58299 213929
58299 21232
58299 198951
58299 41549
58299 49489
58299 42032
58299 51262
58299 51154
58299 206616
58299 24889
58299 48461
58299 50837
58299 62035
58299 61423
58299 6772
58299 204631
58299 203434
58299 57777
58299 41913
58299 41655
58299 51786
58299 199554
58299 12553
58299 52183
58299 210752
58299 9100
58299 34554
58299 25375
58299 204333
58299 208731
58299 8821
58299 35202
58299 59891
58299 39419
58299 61287
58299 16242
58299 34800
58299 35360
58299 35793
58299 203218
58299 29655
58299 34960
58299 62044
58299 212865
58299 41872
58299 28875
58299 25563
58299 61232
58299 47194
58299 20932
58299 202032
58299 51768
58299 31662
58299 6776
58299 12307
58299 6775
58299 204082
58299 9092
58299 34578
58299 60804
58299 29097
58299 51776
58299 57118
58299 61098
58299 207335
58299 33845
58299 199562
58299 20893
58299 209898
58299 42346
58299 57521
58299 25435
58299 3250
58299 196810
58299 208608
8298 50869
8298 57777
8298 212323
8298 47176
8298 58115
8298 61174
8298 204178
8298 58280
8298 199662
8298 62371
8298 213929
8298 21232
8298 198951
8298 41549
8298 51262
8298 51154
8298 206616
8298 48971
8298 50837
8298 61423
8298 203434
8298 41913
8298 51786
8298 199554
8298 12553
8298 210752
8298 34554
8298 204333
8298 208731
8298 8821
8298 59891
8298 39419
8298 61287
8298 34800
8298 35793
8298 203218
8298 29655
8298 62044
8298 212865
8298 25563
8298 61232
8298 47194
8298 20932
8298 202032
8298 51768
8298 31662
8298 12307
8298 6775
8298 9092
8298 34578
8298 29097
8298 51776
8298 207335
8298 33845
8298 199562
8298 20893
8298 209898
8298 42346
8298 57965
8298 25435
8298 196810
8298 208608
58115 2613
58115 20932
58115 21232
58115 42357
58115 48390
58115 49457
58115 50963
58115 51786
58115 59891
58115 202032
58115 211452
58115 41549
58115 50837
58115 61423
58115 41913
58115 29655
58115 212865
58115 12307
58115 6775
47176 21217
47176 21466
47176 33849
47176 198635
47176 206123
47176 210468
47176 210736
47176 212629
47176 21232
47176 57777
47176 51786
47176 513
47176 59891
47176 20932
47176 202032
47176 12307
61174 12307
61174 20932
61174 21232
61174 51786
61174 57777
61174 210231
61174 59891
61174 202032
204178 12307
204178 20932
204178 21232
204178 51786
204178 57777
204178 59891
204178 202032
204178 39040
58280 50869
58280 12307
58280 20932
58280 21232
58280 51786
58280 57777
199662 12307
199662 20932
199662 21232
199662 51786
199662 57777
199662 59891
199662 202032
62371 12307
62371 20932
62371 21232
62371 51786
62371 209103
21232 12347
21232 12307
21232 20932
21232 6775
21232 9100
21232 3250
21232 6772
21232 6776
21232 8821
21232 9092
21232 12553
21232 16242
21232 20893
21232 24889
21232 25435
21232 28875
21232 29097
21232 31662
21232 33845
21232 35518
21232 35793
21232 39419
21232 41655
21232 41913
21232 42346
21232 48971
21232 49489
21232 51262
21232 51786
21232 52183
21232 57118
21232 61232
21232 61287
21232 62044
21232 199562
21232 201228
21232 202032
21232 203969
21232 206616
21232 207335
21232 25375
21232 25563
21232 29655
21232 34554
21232 34578
21232 34960
21232 35202
21232 35360
21232 41549
21232 41872
21232 48461
21232 50837
21232 51768
21232 57777
21232 59891
21232 60804
21232 61098
21232 61423
21232 62035
21232 196810
21232 198951
21232 199554
21232 203434
21232 204631
21232 208731
21232 212865
198951 12307
198951 20932
198951 51786
198951 57777
198951 59891
198951 202032
198951 39040
41549 12307
41549 20932
41549 51786
41549 57777
41549 59891
41549 202032
51262 12307
51262 20932
51262 51786
51262 57777
51154 20932
51154 57777
206616 12307
206616 20932
206616 51786
206616 57777
206616 59891
206616 202032
206616 39040
24889 12307
24889 20932
24889 51786
24889 57777
24889 28859
24889 21449
48461 12307
48461 20932
48461 51786
48461 57777
48971 50869
48971 12307
48971 20932
48971 51786
48971 57777
50837 12307
50837 20932
50837 51786
50837 57777
50837 59891
50837 202032
50837 64462
62035 12307
62035 20932
62035 51786
62035 57777
61423 12307
61423 20932
61423 51786
61423 57777
61423 59891
61423 202032
61423 208650
61423 211454
61423 212014
61423 212981
61423 213044
61423 214815
6772 12307
6772 20932
6772 51786
6772 57777
6772 9100
6772 21436
6772 43735
6772 48776
6772 49113
6772 58260
6772 197439
6772 199178
6772 201329
6772 206779
204631 12307
204631 20932
204631 51786
204631 57777
203434 12307
203434 20932
203434 51786
203434 57777
203434 59891
203434 202032
203434 39040
57777 50869
57777 12347
57777 12307
57777 20932
57777 51786
57777 49489
57777 6775
57777 9100
57777 25375
57777 29655
57777 34554
57777 34578
57777 35202
57777 35360
57777 41872
57777 51768
57777 3250
57777 6776
57777 8821
57777 9092
57777 12553
57777 16242
57777 20893
57777 25435
57777 28875
57777 31662
57777 33845
57777 35793
57777 39419
57777 41655
57777 41913
57777 42346
57777 52183
57777 57118
57777 61232
57777 61287
57777 62044
57777 199562
57777 202032
57777 203969
57777 207335
57777 210752
57777 59812
57777 59891
57777 60804
57777 61098
57777 196810
57777 199554
57777 208731
57777 212865
41913 12307
41913 20932
41913 51786
41913 59891
41913 202032
41913 5529
41913 60384
41913 61144
41655 12307
41655 20932
41655 51786
51786 12347
51786 12307
51786 20932
51786 49489
51786 6775
51786 9100
51786 25375
51786 25435
51786 25563
51786 29655
51786 34554
51786 34578
51786 34960
51786 35202
51786 35360
51786 41872
51786 42346
51786 51768
51786 3250
51786 6776
51786 8821
51786 9092
51786 12553
51786 16242
51786 20893
51786 28875
51786 31662
51786 33845
51786 35793
51786 39419
51786 52183
51786 57118
51786 61232
51786 61287
51786 62044
51786 203969
51786 207335
51786 59891
51786 60804
51786 61098
51786 196810
51786 199554
51786 199562
51786 202032
51786 208731
51786 212865
199554 12307
199554 20932
199554 59891
199554 202032
199554 212865
12553 12307
12553 20932
12553 59891
12553 202032
52183 12307
52183 20932
210752 20932
211452 50869
9100 12307
9100 20932
9100 202032
25375 12307
25375 20932
208731 12307
208731 20932
208731 59891
208731 202032
8821 12307
8821 20932
8821 59891
8821 202032
8821 35518
8821 202240
59891 12307
59891 20932
59891 213418
59891 29655
59891 34578
59891 34960
59891 6775
59891 9092
59891 25435
59891 25563
59891 29097
59891 31662
59891 33845
59891 35360
59891 39419
59891 42346
59891 51768
59891 61232
59891 61287
59891 62044
59891 199562
59891 202032
59891 207335
59891 196810
59891 212865
39419 12307
39419 20932
39419 202032
61287 12307
61287 20932
61287 202032
61287 42011
61287 42202
61287 39040
16242 12307
16242 20932
16242 59812
35360 50869
35360 12307
35360 20932
35360 202032
35793 12307
35793 20932
35793 62044
203969 12307
203969 20932
29655 12307
29655 20932
29655 202032
29655 60016
34960 20932
34960 202032
62044 12307
62044 20932
62044 202032
62044 34800
212865 12307
212865 20932
212865 202032
41872 12307
41872 20932
41872 200286
25563 12307
25563 20932
25563 202032
61232 12307
61232 20932
20932 12347
20932 12307
20932 15361
20932 21217
20932 28749
20932 39381
20932 49489
20932 8271
20932 513
20932 34554
20932 35202
20932 28875
20932 3250
20932 6775
20932 6776
20932 9092
20932 20893
20932 25435
20932 31662
20932 33845
20932 34578
20932 42346
20932 51768
20932 57118
20932 57965
20932 60129
20932 60804
20932 61098
20932 199562
20932 202032
20932 207335
20932 21449
20932 51776
20932 196810
202032 12307
202032 6775
202032 25435
202032 34578
202032 51768
202032 196810
202032 9092
202032 31662
202032 33845
202032 42346
202032 56743
202032 199562
202032 207335
51768 12307
51768 39040
31662 12307
31662 31052
6776 12307
6776 513
6776 6775
12307 50869
12307 12347
12307 28875
12307 35202
12307 42032
12307 213929
12307 49489
12307 34554
12307 205929
12307 41051
12307 59812
12307 3250
12307 6775
12307 9092
12307 20893
12307 25435
12307 33845
12307 34578
12307 42346
12307 57118
12307 60804
12307 61098
12307 196810
12307 199562
12307 204082
12307 207335
6775 60728
60804 34146
60804 206522
51776 60385
61098 513
33845 513
42346 41386
42346 42917
42346 48776
42346 49071
42346 49938
42346 50785
42346 200286
42346 202035
42346 203702
42346 208613
42346 213059
513 21449
513 28810
513 60129
34554 42491
35202 47498
35202 50869
35202 57118
35202 34182
57118 39540
57118 57166
57118 59812
57118 59824
8414 8659
34146 206522
34146 211182
34146 206201
44885 205747
196651 35518
208948 199553
211565 39440
213081 199553
213081 211894
213081 209898
41906 41071
50869 47498
50869 2613
50869 204082
50869 213929
204333 34800
41051 34800
41051 47194
34800 47194
209898 199553
209898 211894
57521 47498
57521 56755
203218 47498
47498 213929
8271 196618
34182 57757
34182 59808
2613 48390
15716 39040
25353 39040
39265 39040
41632 39040
42810 39040
44879 39040
47469 39040
51529 39040
201134 39040
201416 39040
202714 39040
205029 39040
210861 39040
198433 44911
