55518 23855
55518 132132
55518 133210
55518 134148
55518 4773
55518 4817
55518 9419
55518 10024
55518 133456
55518 134469
23855 134148
23855 7610
23855 9419
23855 23767
23855 23864
23855 132398
23855 24482
23855 64049
23855 131219
23855 18106
23855 151326
23855 139057
23855 4628
23855 10122
23855 23856
23855 38001
23855 56308
23855 132132
23855 133210
23855 134078
23855 64010
23855 37989
23855 55855
23855 132816
23855 10024
23855 151404
23855 132337
23855 136968
23855 132829
23855 150436
23855 997
23855 136907
23855 4817
23855 9226
23855 56172
23855 4773
23855 138699
23855 58436
23855 149290
23855 137991
23855 141389
23855 134469
23855 139341
23855 9664
23855 141995
132132 56300
132132 133136
132132 24482
132132 64049
132132 131219
132132 18106
132132 151326
132132 139057
132132 4628
132132 134148
132132 10122
132132 23856
132132 56308
132132 38001
132132 133210
132132 64010
132132 37989
132132 55855
132132 132816
132132 10024
132132 151404
132132 132337
132132 132829
132132 150436
132132 997
132132 136907
132132 4817
132132 9226
132132 7610
132132 56172
132132 4773
132132 138699
132132 58436
132132 149290
132132 137991
132132 141389
132132 134469
132132 139341
132132 9664
132132 141995
132132 4657
132132 134078
133210 135134
133210 149448
133210 153164
133210 153454
133210 154373
133210 24482
133210 64049
133210 131219
133210 18106
133210 151326
133210 139057
133210 4628
133210 134078
133210 134148
133210 10122
133210 23856
133210 38001
133210 64010
133210 37989
133210 55855
133210 132816
133210 10024
133210 151404
133210 132337
133210 132829
133210 150436
133210 997
133210 136907
133210 4817
133210 9226
133210 7610
133210 56172
133210 4773
133210 138699
133210 58436
133210 149290
133210 137991
133210 141389
133210 134469
133210 139341
133210 9664
133210 141995
133210 56308
134148 9419
134148 17617
134148 23767
134148 132398
134148 24482
134148 64049
134148 131219
134148 18106
134148 151326
134148 139057
134148 4628
134148 10122
134148 23856
134148 56308
134148 38001
134148 64010
134148 37989
134148 55855
134148 132816
134148 10024
134148 151404
134148 132337
134148 136968
134148 132829
134148 150436
134148 997
134148 136907
134148 4817
134148 9226
134148 7610
134148 56172
134148 4773
134148 138699
134148 58436
134148 149290
134148 137991
134148 141389
134148 134469
134148 139341
134148 9664
134148 141995
134148 134078
4773 4657
4773 4628
4773 18106
4773 23856
4773 134078
4773 38001
4773 24482
4773 56308
4773 64049
4773 10122
4773 131219
4773 139057
4773 151326
4773 64010
4773 997
4773 37989
4773 55855
4773 132816
4773 10024
4773 151404
4773 132337
4773 132829
4773 150436
4773 136907
4773 4817
4773 9226
4773 7610
4773 56172
4773 9664
4773 58436
4773 134469
4773 137991
4773 138699
4773 139341
4773 141389
4773 141995
4773 149290
4817 4628
4817 18106
4817 23856
4817 134078
4817 38001
4817 24482
4817 56308
4817 64049
4817 10122
4817 131219
4817 139057
4817 151326
4817 64010
4817 997
4817 37989
4817 55855
4817 132816
4817 10024
4817 151404
4817 132337
4817 132829
4817 150436
4817 136907
4817 7610
4817 9226
4817 9664
4817 56172
4817 58436
4817 134469
4817 137991
4817 138699
4817 139341
4817 141389
4817 141995
4817 149290
9419 4657
9419 18106
9419 3758
9419 38001
9419 24482
9419 151326
9419 132337
10024 4657
10024 4628
10024 18106
10024 23856
10024 134078
10024 7473
10024 38001
10024 24482
10024 56308
10024 64049
10024 10122
10024 131219
10024 139057
10024 151326
10024 64010
10024 997
10024 7610
10024 9226
10024 9664
10024 37989
10024 55855
10024 132816
10024 56172
10024 58436
10024 132337
10024 132829
10024 134469
10024 136907
10024 137991
10024 138699
10024 139341
10024 141389
10024 141995
10024 149290
10024 150436
10024 151404
133456 18106
133456 38001
133456 151326
133456 9255
133456 132337
134469 4628
134469 18106
134469 23856
134469 134078
134469 38001
134469 24482
134469 56308
134469 64049
134469 10122
134469 131219
134469 139057
134469 151326
134469 64010
134469 997
134469 7610
134469 9226
134469 9664
134469 37989
134469 55855
134469 56172
134469 58436
134469 132337
134469 132816
134469 132829
134469 151404
134469 150436
134469 136907
134469 138699
134469 149290
134469 137991
134469 141389
134469 139341
134469 141995
7610 4628
7610 18106
7610 23856
7610 134078
7610 3758
7610 38001
7610 24482
7610 56308
7610 64049
7610 10122
7610 131219
7610 139057
7610 151326
7610 64010
7610 997
7610 7472
7610 37989
7610 55855
7610 132816
7610 151404
7610 132337
7610 132829
7610 150436
7610 136907
7610 9226
7610 9664
7610 56172
7610 58436
7610 137991
7610 138699
7610 139341
7610 141389
7610 141995
7610 149290
23767 18106
23767 139883
24482 4657
24482 18106
24482 23856
24482 38001
24482 4628
24482 134078
24482 139057
24482 10031
24482 58867
24482 59211
24482 132696
24482 133748
24482 134998
24482 135409
24482 135437
24482 136511
24482 136733
24482 146962
24482 10122
24482 56308
24482 64049
24482 131219
24482 151326
24482 152144
24482 64010
24482 37989
24482 151358
24482 212628
24482 137831
24482 142160
24482 140577
24482 55855
24482 149981
24482 134363
24482 4844
24482 141384
24482 132816
24482 17886
24482 17547
24482 151404
24482 132337
24482 4765
24482 140719
24482 132829
24482 150436
24482 997
24482 136907
24482 137182
24482 9226
24482 56172
24482 135066
24482 7387
24482 138699
24482 58436
24482 149290
24482 208959
24482 963
24482 137991
24482 141389
24482 137535
24482 7595
24482 931
24482 139341
24482 9664
24482 138552
24482 141995
64049 4657
64049 4628
64049 18106
64049 23856
64049 134078
64049 38001
64049 56308
64049 10122
64049 131219
64049 139057
64049 151326
64049 64010
64049 37989
64049 55855
64049 132816
64049 151404
64049 132337
64049 132829
64049 150436
64049 997
64049 136907
64049 9226
64049 56172
64049 138699
64049 58436
64049 149290
64049 137991
64049 141389
64049 139341
64049 9664
64049 141995
131219 4628
131219 18106
131219 23856
131219 134078
131219 7473
131219 38001
131219 56308
131219 10122
131219 135531
131219 139057
131219 151326
131219 64010
131219 37989
131219 55855
131219 132816
131219 151404
131219 132337
131219 132829
131219 150436
131219 997
131219 136907
131219 9226
131219 56172
131219 138699
131219 58436
131219 149290
131219 137991
131219 141389
131219 139341
131219 9664
131219 141995
18106 4657
18106 4628
18106 9234
18106 17653
18106 37989
18106 45736
18106 132277
18106 138419
18106 10122
18106 38001
18106 23856
18106 56308
18106 134078
18106 139057
18106 151326
18106 64010
18106 212628
18106 137831
18106 134363
18106 4844
18106 132696
18106 132816
18106 17886
18106 17547
18106 151404
18106 132337
18106 132829
18106 150436
18106 997
18106 136907
18106 38532
18106 137182
18106 9226
18106 56172
18106 7387
18106 138699
18106 58436
18106 149290
18106 208959
18106 963
18106 137991
18106 141389
18106 7595
18106 139341
18106 9664
18106 138552
18106 141995
151326 4628
151326 23856
151326 134078
151326 38001
151326 56308
151326 152144
151326 10122
151326 139057
151326 64010
151326 37989
151326 137831
151326 142160
151326 140577
151326 55855
151326 134363
151326 4844
151326 132696
151326 132816
151326 17886
151326 17547
151326 151404
151326 132337
151326 140719
151326 132829
151326 150436
151326 997
151326 136907
151326 137182
151326 9226
151326 56172
151326 135066
151326 7387
151326 138699
151326 58436
151326 149290
151326 137991
151326 141389
151326 7595
151326 139341
151326 9664
151326 138552
151326 141995
139057 4628
139057 23856
139057 134078
139057 38001
139057 56308
139057 10122
139057 149981
139057 64010
139057 37989
139057 55855
139057 132816
139057 151404
139057 132337
139057 132829
139057 150436
139057 997
139057 136907
139057 9226
139057 56172
139057 138699
139057 58436
139057 149290
139057 137991
139057 141389
139057 139341
139057 9664
139057 141995
4628 4657
4628 134078
4628 4765
4628 55843
4628 10122
4628 23856
4628 38001
4628 56308
4628 64010
4628 37989
4628 55855
4628 132816
4628 151404
4628 132829
4628 150436
4628 997
4628 136907
4628 9226
4628 56172
4628 138699
4628 58436
4628 149290
4628 137991
4628 141389
4628 139341
4628 9664
4628 141995
4628 7473
10122 23856
10122 134078
10122 7473
10122 38001
10122 56308
10122 142146
10122 64010
10122 37989
10122 55855
10122 132816
10122 151404
10122 132337
10122 132829
10122 150436
10122 997
10122 136907
10122 9226
10122 56172
10122 138699
10122 58436
10122 149290
10122 137991
10122 141389
10122 139341
10122 9664
10122 141995
23856 4657
23856 139883
23856 56308
23856 38001
23856 64010
23856 37989
23856 55855
23856 132816
23856 151404
23856 132337
23856 132829
23856 150436
23856 997
23856 136907
23856 9226
23856 56172
23856 138699
23856 58436
23856 149290
23856 137991
23856 141389
23856 139341
23856 9664
23856 141995
23856 134078
38001 4657
38001 134078
38001 7473
38001 7595
38001 9892
38001 38532
38001 45477
38001 59364
38001 63930
38001 132696
38001 133219
38001 134451
38001 152144
38001 56308
38001 64010
38001 37989
38001 137831
38001 142160
38001 140577
38001 136785
38001 55855
38001 134363
38001 4844
38001 132816
38001 17886
38001 17547
38001 151404
38001 132337
38001 140719
38001 132829
38001 150436
38001 997
38001 136907
38001 137182
38001 9226
38001 56172
38001 135066
38001 7387
38001 138699
38001 58436
38001 149290
38001 137991
38001 141389
38001 139341
38001 9664
38001 138552
38001 141995
56308 4657
56308 134078
56308 7473
56308 45470
56308 58436
56308 136606
56308 136733
56308 147188
56308 150157
56308 64010
56308 37989
56308 55855
56308 132816
56308 151404
56308 132337
56308 132829
56308 150436
56308 997
56308 136907
56308 9226
56308 56172
56308 138699
56308 149290
56308 137991
56308 141389
56308 139341
56308 9664
56308 141995
134078 4657
134078 17547
134078 64010
134078 37989
134078 55855
134078 132816
134078 151404
134078 132337
134078 132829
134078 150436
134078 997
134078 136907
134078 9226
134078 56172
134078 138699
134078 58436
134078 149290
134078 137991
134078 141389
134078 139341
134078 9664
134078 141995
134078 7473
64010 997
64010 9226
64010 9664
64010 37989
64010 55855
64010 56172
64010 58436
64010 132337
64010 132816
64010 132829
64010 136907
64010 137991
64010 138699
64010 139341
64010 141389
64010 141995
64010 149290
64010 150436
64010 151404
37989 997
37989 9226
37989 9664
37989 55855
37989 56172
37989 58436
37989 132816
37989 132829
37989 136907
37989 137991
37989 138699
37989 139341
37989 141389
37989 141995
37989 149290
37989 150436
37989 151404
37989 56300
55855 4657
55855 997
55855 9226
55855 9664
55855 56172
55855 58436
55855 132816
55855 132829
55855 136907
55855 137991
55855 138699
55855 139341
55855 141389
55855 141995
55855 149290
55855 150436
55855 151404
132816 997
132816 9226
132816 9664
132816 56172
132816 58436
132816 132829
132816 136907
132816 137991
132816 138699
132816 139341
132816 141389
132816 141995
132816 149290
132816 150436
132816 151404
151404 997
151404 9226
151404 9664
151404 56172
151404 58436
151404 132337
151404 132829
151404 136907
151404 137991
151404 138699
151404 139341
151404 141389
151404 141995
151404 149290
151404 150436
151404 134474
132337 4657
132337 7473
132337 152144
132337 997
132337 9664
132337 58436
132337 134677
132337 137831
132337 142160
132337 140577
132337 134363
132337 4844
132337 17886
132337 17547
132337 7387
132337 140719
132337 132829
132337 136907
132337 137182
132337 137991
132337 138552
132337 138699
132337 139341
132337 141995
132337 149290
132337 150436
132829 997
132829 9226
132829 9664
132829 56172
132829 58436
132829 133748
132829 136907
132829 137991
132829 138699
132829 139341
132829 141389
132829 141995
132829 149290
132829 150436
150436 997
150436 9226
150436 9664
150436 56172
150436 58436
150436 136907
150436 137991
150436 138699
150436 139341
150436 141389
150436 141995
150436 149290
997 9226
997 9664
997 56172
997 58436
997 136907
997 137991
997 138699
997 139341
997 141389
997 141995
997 149290
136907 4657
136907 7473
136907 9226
136907 9664
136907 56172
136907 58436
136907 137991
136907 138699
136907 139341
136907 141389
136907 141995
136907 149290
136907 134190
136907 151610
9226 4657
9226 7473
9226 9664
9226 56172
9226 58436
9226 137991
9226 138699
9226 139341
9226 141389
9226 141995
9226 149290
56172 9664
56172 58436
56172 137991
56172 138699
56172 139341
56172 141389
56172 141995
56172 149290
138699 7473
138699 9664
138699 58436
138699 137991
138699 139341
138699 141389
138699 141995
138699 149290
58436 9664
58436 137991
58436 139341
58436 141389
58436 141995
58436 149290
149290 9664
149290 137991
149290 139341
149290 141389
149290 141995
149290 153900
137991 7473
137991 9664
137991 45634
137991 133449
137991 139341
137991 141389
137991 141995
141389 9664
141389 139341
141389 141995
139341 4657
139341 7473
139341 9664
139341 141995
9664 141995
56300 134363
133136 133600
17617 4657
17617 3758
4657 9877
4657 9890
4657 17547
4657 17733
4657 18224
4657 18228
4657 24467
4657 45938
4657 55415
4657 55426
4657 55430
4657 55487
4657 55781
4657 55919
4657 56039
4657 56197
4657 58621
4657 59326
4657 64003
4657 132236
4657 132253
4657 132265
4657 132356
4657 132690
4657 133134
4657 133470
4657 133471
4657 133622
4657 134349
4657 135002
4657 135048
4657 135066
4657 136169
4657 136439
4657 136601
4657 137831
4657 138345
4657 138433
4657 138458
4657 138459
4657 138539
4657 138610
4657 139690
4657 140592
4657 140661
4657 140845
4657 140928
4657 140929
4657 141678
4657 141697
4657 142066
4657 154316
4657 154319
4657 3758
4657 7473
4657 152144
4657 17645
4657 140719
9877 3758
9890 3758
17547 7473
17547 9247
17547 18224
17547 45505
17547 58885
17547 131582
17547 132277
17547 132739
17547 135418
17547 136553
17547 139028
17547 140939
17547 151958
17733 3758
18228 3758
24467 3758
45938 140928
45938 135008
45938 140592
55415 3758
55426 9255
55487 3758
55781 3758
55919 139883
56039 3758
56039 139883
56197 7473
56197 9234
59326 3758
132236 3758
132253 139883
132265 3758
132356 3758
132690 3758
133134 9255
133470 3758
133471 3758
134349 3758
135002 3758
135048 3758
135066 3758
136601 3758
137831 7473
137831 58521
137831 133151
137831 138341
137831 142110
138458 9255
140592 3758
140592 9874
140845 3758
140928 3758
140929 3758
140929 9874
141678 3758
142066 3758
154316 9255
154319 9255
3758 9255
3758 9292
3758 9506
3758 18402
3758 23728
3758 24030
3758 24038
3758 38862
3758 45133
3758 45143
3758 56094
3758 56311
3758 131475
3758 132804
3758 132805
3758 134457
3758 135600
3758 136537
3758 140610
3758 141760
3758 152903
3758 197537
3758 7473
7473 4844
7473 7700
7473 9656
7473 9892
7473 10082
7473 17653
7473 58795
7473 135102
7473 136041
7473 136733
7473 141042
7473 142160
7473 153314
17645 45794
17645 46078
17645 139896
134363 133391
139883 9247
139883 9292
139883 23728
139883 45133
139883 131195
139883 131217
139883 131244
139883 131475
139883 131582
139883 132472
139883 133535
139883 133912
139883 134407
139883 136459
139883 139028
139883 142119
9255 18402
9255 56175
9255 58562
9255 131195
9255 133422
9255 133728
9255 134407
9255 137003
9255 137904
9255 139617
9255 139895
9255 140939
9506 135600
9656 134190
931 153325
931 213122
931 399114
931 400061
135008 9874
213122 153325
213122 399114
134190 137932
134190 151610
