4134 4538
4134 4809
4134 4812
4134 4837
4134 4847
4134 9808
4134 9929
4134 146788
4134 4811
4134 4813
4134 4816
4134 4835
4134 7497
4134 9389
4134 9394
4134 17633
4134 17638
4134 17799
4134 17897
4134 23650
4134 23724
4134 38283
4134 58461
4134 58466
4134 58519
4134 58539
4134 58540
4134 58541
4134 58542
4134 58543
4134 58563
4134 58571
4134 58772
4134 58777
4134 63835
4134 63838
4134 131285
4134 131325
4134 132147
4134 132153
4134 132225
4134 132437
4134 132833
4134 133774
4134 133775
4134 133776
4134 134238
4134 134419
4134 134420
4134 134421
4134 134425
4134 134756
4134 134760
4134 134761
4134 134762
4134 134763
4134 134764
4134 134765
4134 134766
4134 134767
4134 134768
4134 134769
4134 134770
4134 134771
4134 134772
4134 134773
4134 134774
4134 135089
4134 136188
4134 136190
4134 136191
4134 136192
4134 136194
4134 136195
4134 136197
4134 136198
4134 136199
4134 136200
4134 137266
4134 137689
4134 137690
4134 137691
4134 137692
4134 137693
4134 137694
4134 137695
4134 137697
4134 137698
4134 137699
4134 137702
4134 138169
4134 138570
4134 138950
4134 138982
4134 138991
4134 139018
4134 139201
4134 139203
4134 139462
4134 139721
4134 139767
4134 139887
4134 140061
4134 140292
4134 140293
4134 140308
4134 140309
4134 140311
4134 140317
4134 140318
4134 140319
4134 140320
4134 140329
4134 140330
4134 140345
4134 140484
4134 140485
4134 140527
4134 140553
4134 140636
4134 140638
4134 140647
4134 140903
4134 141006
4134 141025
4134 141679
4134 141739
4134 141771
4134 141998
4134 142404
4134 142608
4134 146966
4134 147038
4134 148969
4134 148981
4134 149178
4134 149837
4134 149979
4134 150145
4134 151058
4134 151185
4134 151823
4134 139587
4134 23662
4134 45102
4134 24429
4134 140083
4134 132203
4134 138949
4134 23611
4134 137687
4134 137688
4538 23911
4538 9405
4538 24348
4538 24361
4538 24369
4538 131578
4538 133111
4538 133465
4538 134169
4538 139139
4538 146782
4538 7497
4538 24370
4538 24352
4538 24350
4538 138371
4538 24371
4538 138369
4538 24358
4538 138378
4538 24353
4538 24372
4538 24355
4538 24364
4538 24362
4538 24363
4538 24357
4538 24349
4538 4837
4538 9808
4809 4812
4809 4847
4809 23724
4809 24429
4809 38378
4809 58517
4809 58518
4809 58519
4809 58777
4809 131285
4809 132203
4809 132225
4809 134773
4809 136198
4809 140330
4809 140345
4809 140485
4809 140486
4809 140647
4809 142111
4809 4837
4812 4811
4812 7609
4812 9812
4812 10212
4812 17428
4812 17739
4812 17775
4812 23853
4812 24424
4812 24427
4812 38375
4812 38381
4812 45061
4812 55956
4812 55996
4812 56000
4812 56006
4812 56013
4812 58536
4812 58850
4812 59083
4812 63570
4812 63580
4812 63617
4812 63641
4812 63689
4812 63697
4812 131536
4812 135432
4812 137715
4812 137746
4812 137758
4812 137784
4812 137806
4812 139138
4812 139148
4812 139179
4812 146812
4812 151313
4837 4808
4837 9808
4837 9929
4837 17621
4837 4859
4837 9306
4837 9389
4837 10206
4837 17622
4837 17623
4837 17816
4837 17968
4837 23771
4837 23848
4837 23851
4837 24137
4837 24139
4837 24406
4837 37963
4837 37969
4837 38057
4837 38378
4837 45062
4837 45090
4837 45106
4837 45113
4837 55990
4837 56012
4837 58852
4837 59074
4837 63581
4837 63701
4837 63704
4837 63718
4837 63722
4837 131516
4837 131519
4837 133118
4837 133119
4837 134542
4837 134543
4837 135061
4837 136958
4837 136959
4837 137539
4837 137735
4837 137787
4837 137788
4837 137795
4837 138421
4837 139007
4837 139099
4837 139136
4837 139154
4837 140707
4837 140716
4837 140717
4837 140726
4837 140886
4837 140979
4837 146822
4837 151295
4837 151296
4837 152120
4837 63561
4837 45074
4837 38365
4847 4611
4847 7640
4847 7641
4847 7653
4847 9306
4847 9308
4847 9803
4847 9805
4847 9807
4847 9810
4847 9811
4847 9814
4847 9818
4847 9939
4847 10212
4847 17429
4847 17781
4847 17964
4847 18118
4847 18239
4847 18245
4847 23844
4847 23848
4847 24151
4847 24424
4847 24430
4847 37942
4847 38358
4847 38367
4847 38375
4847 38380
4847 38381
4847 45071
4847 45075
4847 45110
4847 55468
4847 55960
4847 55966
4847 55971
4847 55982
4847 56002
4847 56012
4847 56013
4847 58811
4847 58850
4847 58862
4847 58866
4847 59012
4847 59029
4847 59057
4847 59073
4847 59074
4847 63548
4847 63617
4847 63629
4847 63634
4847 131578
4847 135432
4847 137735
4847 137746
4847 139110
4847 139177
4847 139183
4847 146771
4847 146782
4847 23724
9808 24400
9808 56048
9808 7497
9808 9308
9808 9394
9808 10212
9808 23771
9808 23852
9808 24409
9808 24444
9808 24445
9808 24547
9808 37963
9808 38019
9808 38365
9808 45090
9808 55960
9808 55990
9808 56040
9808 56041
9808 56042
9808 56044
9808 56045
9808 56046
9808 56047
9808 59019
9808 59025
9808 63531
9808 63561
9808 63629
9808 63641
9808 63647
9808 63695
9808 63727
9808 131486
9808 131516
9808 132510
9808 132525
9808 133111
9808 133865
9808 134810
9808 135629
9808 137718
9808 137735
9808 138407
9808 139080
9808 139137
9808 140105
9808 140895
9808 141425
9808 146817
9808 146841
9808 151263
9929 4808
9929 17622
9929 17623
9929 17816
9929 17962
9929 18242
9929 38057
9929 137794
9929 140726
9929 17621
146788 7641
146788 9812
146788 17429
146788 17962
146788 17969
146788 23771
146788 23841
146788 24139
146788 24150
146788 24415
146788 24423
146788 37969
146788 45106
146788 58834
146788 58852
146788 59016
146788 59064
146788 63539
146788 63540
146788 63581
146788 63590
146788 63607
146788 63621
146788 63701
146788 63719
146788 131562
146788 131565
146788 137755
146788 146802
146788 146838
4811 138421
4811 9809
4811 17428
4811 23848
4811 37963
4811 45079
4811 45090
4811 55990
4811 55992
4811 58593
4811 59019
4811 137718
4811 137801
4816 37963
4816 45090
7497 24151
7497 38345
7497 63555
9394 24138
9394 45057
17638 132536
17799 137787
23650 134417
23650 137697
23650 137702
23650 140292
23724 9308
23724 9814
23724 37963
23724 38365
23724 45090
23724 55990
23724 56019
23724 58593
23724 59019
23724 59067
23724 59078
23724 63646
23724 133865
23724 137718
38283 24151
38283 37963
38283 45090
38283 58448
38283 58519
38283 58536
38283 63561
38283 139220
58461 37963
58461 45062
58461 55991
58461 59037
58466 37963
58466 38365
58466 45090
58466 55990
58466 59019
58466 63646
58466 137718
58466 137798
58466 138457
58540 24143
58540 139154
58542 45090
58542 59019
58542 137718
58563 133865
58563 137735
58563 146746
133774 58854
133776 63718
134420 45090
134756 45090
134760 131574
134761 135629
134773 58834
134773 63641
134773 146814
134774 9809
134774 23848
134774 45101
134774 59049
134774 131558
136195 37963
136195 59009
136198 58834
137691 131506
137702 24406
138950 55990
138950 137718
138950 139090
139018 56005
139203 55990
139721 55966
139721 56006
139721 59068
140061 59223
140330 38057
141679 9308
148981 146817
151058 146835
45102 24429
45102 132203
23911 24489
23911 38255
23911 9401
9405 24348
24348 131490
24361 133465
24369 139139
131578 56048
146782 4808
138371 132553
138371 141005
24363 141005
7609 17621
9812 37965
10212 4808
10212 17621
10212 24400
10212 56048
10212 17776
10212 17622
10212 56040
17428 24400
17428 17622
17739 17621
17775 17621
17775 24400
23853 17621
23853 24400
24427 17621
24427 24400
38375 4808
38375 17621
38381 4808
38381 17621
55956 17621
55996 17621
55996 24400
55996 56048
55996 56040
56000 17621
56006 17621
56006 24400
56006 140895
56006 140726
56013 4808
56013 17621
58536 4808
58536 141425
58850 4808
58850 17621
58850 24400
59083 17621
59083 24400
63570 17621
63580 24400
63641 4808
63689 24400
135432 4808
135432 17621
137746 4808
137746 17621
137758 4808
137758 56048
137784 24400
137806 24400
139138 4808
139138 24400
139138 56048
139148 4808
139148 17621
139148 56048
146812 24400
4808 7653
4808 9802
4808 9805
4808 9810
4808 9811
4808 9814
4808 9818
4808 17781
4808 17964
4808 18239
4808 18241
4808 23844
4808 24147
4808 24151
4808 24406
4808 24430
4808 37937
4808 37942
4808 37963
4808 37970
4808 38027
4808 38358
4808 38380
4808 45071
4808 45075
4808 45083
4808 45110
4808 55468
4808 55960
4808 55966
4808 55973
4808 55982
4808 55990
4808 56002
4808 56003
4808 56012
4808 58448
4808 58593
4808 58811
4808 58866
4808 59012
4808 59029
4808 59034
4808 59073
4808 59078
4808 63634
4808 63696
4808 131497
4808 131541
4808 133865
4808 137735
4808 137764
4808 137801
4808 139110
4808 139122
4808 139178
4808 139189
17621 9809
17621 9814
17621 24141
17621 37963
17621 37965
17621 38379
17621 45073
17621 45079
17621 45110
17621 55992
17621 58593
17621 59019
17621 63603
17621 137759
17621 137782
17621 146792
17621 146842
10206 135629
17622 146814
17623 9809
17623 17962
17623 23842
17623 137745
17816 24409
23771 59084
23848 56048
23848 138421
23848 135061
24406 134542
37963 24400
37963 56041
37963 136958
37963 56040
37963 24444
37963 135061
45090 24400
45090 131574
55990 138421
55990 134542
55990 131574
55990 136958
55990 138407
56012 56046
56012 134417
63701 134810
131516 24444
136958 63646
136958 137798
136958 137801
137735 56048
138421 137718
139099 56041
139136 56041
140726 55966
140726 59068
146822 56046
38365 24138
38365 139080
38365 56046
9814 56048
9814 18241
9818 56048
9939 56046
17429 56048
17781 56048
17964 24138
18118 24138
18118 17969
18239 56048
23844 24138
23844 137794
24430 56048
38358 56048
45110 56048
55468 56048
55966 140895
55971 56048
58811 56048
58862 24400
58866 56048
59029 56048
63548 56048
24400 24141
24400 37965
24400 38379
24400 45079
24400 45086
24400 55992
24400 55994
24400 56282
24400 59048
24400 59077
24400 59078
24400 131486
24400 137718
24400 139118
24400 146758
24400 146806
24400 146810
24400 146842
24400 150166
56048 18241
56048 24138
56048 24147
56048 24404
56048 38027
56048 38364
56048 45064
56048 45079
56048 45083
56048 55461
56048 56019
56048 56282
56048 58851
56048 59011
56048 59045
56048 59078
56048 63614
56048 63633
56048 63646
56048 131522
56048 139128
56048 139141
56048 139178
56048 139182
56048 146809
56048 151284
24409 56040
24409 56044
24409 10111
24444 137719
24444 139180
24547 24422
38019 23841
38019 137718
56040 17442
56040 17490
56040 17962
56040 45079
56040 45101
56040 59049
56040 59078
56040 63571
56040 63646
56040 63654
56040 63655
56040 131486
56040 131558
56040 131567
56040 137718
56040 137745
56040 141425
56040 151311
56041 139172
56046 18257
56046 59048
56046 63708
56046 137718
56046 151300
56047 131562
63531 139080
63531 141425
132525 38341
139080 151232
139080 151270
23841 23840
45079 146762
24490 24489
56282 24138
24138 45058
24138 56019
24138 59089
24138 131495
10111 205610
