5511 3215
5511 16276
5511 29075
5511 30781
5511 31216
5511 35625
5511 39801
5511 49434
5511 62000
5511 2280
5511 2285
5511 2287
5511 5583
5511 8304
5511 8309
5511 8362
5511 8528
5511 8554
5511 8723
5511 12807
5511 12811
5511 12826
5511 12876
5511 15436
5511 15681
5511 16189
5511 20917
5511 20986
5511 25113
5511 25215
5511 25540
5511 25593
5511 28708
5511 28855
5511 29110
5511 29283
5511 29605
5511 29608
5511 31167
5511 33392
5511 34177
5511 34444
5511 35676
5511 39180
5511 39286
5511 41690
5511 43717
5511 43930
5511 49763
5511 50124
5511 50583
5511 50664
5511 50812
5511 50903
5511 56987
5511 57839
5511 57902
5511 58011
5511 59877
5511 197205
5511 197500
5511 198551
5511 198792
5511 199426
5511 199749
5511 202045
5511 203532
5511 204202
5511 206002
5511 207147
5511 207410
5511 209163
5511 209304
5511 209815
5511 209823
5511 211846
3215 2103
3215 2278
3215 2286
3215 3259
3215 3295
3215 3296
3215 3298
3215 3299
3215 5410
3215 8255
3215 8362
3215 8399
3215 8839
3215 8891
3215 8908
3215 8921
3215 9089
3215 9159
3215 12601
3215 12696
3215 13034
3215 13223
3215 15401
3215 16028
3215 16071
3215 16236
3215 16254
3215 21272
3215 24600
3215 24711
3215 24763
3215 25540
3215 28708
3215 28768
3215 29104
3215 29152
3215 29322
3215 29513
3215 31178
3215 31660
3215 34391
3215 34542
3215 35169
3215 35665
3215 36511
3215 39180
3215 39444
3215 39509
3215 39534
3215 39567
3215 39583
3215 39931
3215 42369
3215 43249
3215 43342
3215 43734
3215 44850
3215 47127
3215 47548
3215 47818
3215 47820
3215 48125
3215 49152
3215 50036
3215 50446
3215 50982
3215 51326
3215 51630
3215 51870
3215 52034
3215 52039
3215 56774
3215 57226
3215 60427
3215 60620
3215 60686
3215 60697
3215 60749
3215 61086
3215 64444
3215 196869
3215 197036
3215 197133
3215 197161
3215 197484
3215 197744
3215 198330
3215 198340
3215 198952
3215 199117
3215 199140
3215 199233
3215 200102
3215 200310
3215 200339
3215 200589
3215 201246
3215 202669
3215 202757
3215 202898
3215 203041
3215 203500
3215 203984
3215 204207
3215 204344
3215 204869
3215 205862
3215 206155
3215 206399
3215 206709
3215 206713
3215 206865
3215 206903
3215 207430
3215 207988
3215 208353
3215 208482
3215 208678
3215 208953
3215 209678
3215 209760
3215 211073
3215 211978
3215 212012
3215 212208
3215 212576
3215 212709
3215 216413
3215 35280
3215 8218
3215 34019
3215 29075
3215 47957
3215 209823
3215 50628
3215 52075
3215 8487
3215 34177
3215 44530
16276 35540
16276 51078
16276 51306
16276 52221
16276 64476
16276 199064
16276 201693
16276 205801
16276 208796
16276 211194
16276 211377
16276 211617
16276 212348
16276 213382
16276 213412
16276 214939
16276 35280
16276 8218
16276 29075
16276 30781
16276 34019
16276 47957
16276 2484
16276 209823
16276 50628
16276 197981
16276 204092
16276 8309
16276 8304
16276 52075
16276 34177
29075 8839
29075 9036
29075 13273
29075 16080
29075 20766
29075 21247
29075 25057
29075 28774
29075 31221
29075 31235
29075 31693
29075 34783
29075 35616
29075 39271
29075 39634
29075 39931
29075 41064
29075 41090
29075 41405
29075 41653
29075 41765
29075 42609
29075 42929
29075 44583
29075 47833
29075 48072
29075 48813
29075 48817
29075 48920
29075 49537
29075 49763
29075 49923
29075 50087
29075 50618
29075 50903
29075 51083
29075 51220
29075 51257
29075 51588
29075 52126
29075 57119
29075 57179
29075 57310
29075 57734
29075 58308
29075 59689
29075 59944
29075 60362
29075 60491
29075 61136
29075 62242
29075 197696
29075 197922
29075 198318
29075 198507
29075 199167
29075 199275
29075 199396
29075 199568
29075 199571
29075 199997
29075 200339
29075 200356
29075 200748
29075 201188
29075 201961
29075 202089
29075 202139
29075 202214
29075 203413
29075 203596
29075 203683
29075 205181
29075 206014
29075 206310
29075 206660
29075 206782
29075 207051
29075 207151
29075 207324
29075 208464
29075 208704
29075 209498
29075 209523
29075 209994
29075 210094
29075 210733
29075 210806
29075 213394
29075 215149
29075 35280
29075 8218
29075 30781
29075 34019
29075 47957
29075 51706
29075 199483
29075 2484
29075 209823
29075 199422
29075 50628
29075 197981
29075 204092
29075 8309
29075 25358
29075 8304
29075 52075
29075 34177
29075 44530
30781 34019
30781 1301
30781 2484
30781 2485
30781 8352
30781 12565
30781 12727
30781 13273
30781 16101
30781 20529
30781 20917
30781 25009
30781 25426
30781 28768
30781 30907
30781 31180
30781 34000
30781 34433
30781 35334
30781 35482
30781 35600
30781 38926
30781 39162
30781 39444
30781 39542
30781 39781
30781 41332
30781 41370
30781 41524
30781 41628
30781 41765
30781 42349
30781 43930
30781 44842
30781 45023
30781 47127
30781 47472
30781 47858
30781 47980
30781 48134
30781 48240
30781 48784
30781 49137
30781 49152
30781 49463
30781 49692
30781 49923
30781 50583
30781 50778
30781 50779
30781 51458
30781 52120
30781 52143
30781 57103
30781 57119
30781 57297
30781 57694
30781 59413
30781 59689
30781 59944
30781 60686
30781 60749
30781 60855
30781 61015
30781 61047
30781 61086
30781 61217
30781 62057
30781 62141
30781 62202
30781 196765
30781 197033
30781 197230
30781 197337
30781 197369
30781 197383
30781 197562
30781 198239
30781 198545
30781 198706
30781 199006
30781 199125
30781 199275
30781 199441
30781 199575
30781 199636
30781 200202
30781 200607
30781 200641
30781 201647
30781 201659
30781 202096
30781 202215
30781 202253
30781 202834
30781 202945
30781 203007
30781 203030
30781 203041
30781 203058
30781 203352
30781 203360
30781 203495
30781 203698
30781 203773
30781 203901
30781 204092
30781 204124
30781 204251
30781 204371
30781 204382
30781 204756
30781 204869
30781 205746
30781 206379
30781 206619
30781 206940
30781 206979
30781 207280
30781 207365
30781 207813
30781 207881
30781 208704
30781 208789
30781 209124
30781 209438
30781 209627
30781 209678
30781 210309
30781 210363
30781 210666
30781 210733
30781 211127
30781 211533
30781 211882
30781 211957
30781 212140
30781 212547
30781 212653
30781 214232
30781 214589
30781 216239
30781 216413
30781 35280
30781 8218
30781 2200
30781 15557
30781 29169
30781 31216
30781 35625
30781 39801
30781 47957
30781 12876
30781 34422
30781 209823
30781 16347
30781 60350
30781 6738
30781 29104
30781 41690
30781 16080
30781 39605
30781 8723
30781 28855
30781 29513
30781 50628
30781 16128
30781 49028
30781 21409
30781 44141
30781 2486
30781 29608
30781 15436
30781 8309
30781 25358
30781 8304
30781 52075
30781 5410
30781 33930
30781 34177
30781 198792
30781 44530
31216 12536
31216 29301
31216 39180
31216 42929
31216 43424
31216 44994
31216 45050
31216 50314
31216 60331
31216 60737
31216 197816
31216 197981
31216 199708
31216 203544
31216 205263
31216 209453
31216 210232
31216 35280
31216 34019
31216 50628
31216 52075
31216 34177
35625 34019
35625 2027
35625 2484
35625 3299
35625 24935
35625 30741
35625 31235
35625 34493
35625 35600
35625 39405
35625 41114
35625 41405
35625 41652
35625 44097
35625 48140
35625 48613
35625 49960
35625 51083
35625 51269
35625 57157
35625 57348
35625 57928
35625 57951
35625 60555
35625 61205
35625 197422
35625 197492
35625 198682
35625 199758
35625 199917
35625 200162
35625 200621
35625 200780
35625 201425
35625 201868
35625 201939
35625 202449
35625 202933
35625 203386
35625 205068
35625 205149
35625 205761
35625 206059
35625 207216
35625 207435
35625 207911
35625 207992
35625 209097
35625 209815
35625 209966
35625 209994
35625 210165
35625 210339
35625 210832
35625 210879
35625 211850
35625 211919
35625 212760
35625 216269
35625 35280
35625 8218
35625 47957
35625 209823
35625 50628
35625 204092
35625 198330
35625 52075
35625 34177
39801 21247
39801 24776
39801 28768
39801 34422
39801 34572
39801 35426
39801 41044
39801 43619
39801 47600
39801 48594
39801 50234
39801 50858
39801 51326
39801 56987
39801 57157
39801 57468
39801 57734
39801 60595
39801 60983
39801 62141
39801 197036
39801 197696
39801 199422
39801 199660
39801 199881
39801 201868
39801 203500
39801 205010
39801 206568
39801 206874
39801 207861
39801 209385
39801 210165
39801 212321
39801 213432
39801 215234
39801 35280
39801 49434
39801 34019
39801 206002
39801 47957
39801 47548
39801 51706
39801 41652
39801 213317
39801 60427
39801 209823
39801 202253
39801 31564
39801 201900
39801 211694
39801 34659
39801 20672
39801 201647
39801 51083
39801 50628
39801 48072
39801 209254
39801 59689
39801 211733
39801 201479
39801 198330
39801 29608
39801 209097
39801 8309
39801 58308
39801 3259
39801 206059
39801 48213
39801 64444
39801 212576
39801 52075
39801 197422
39801 8487
39801 199917
39801 34177
39801 208014
39801 207181
39801 201246
49434 2027
49434 34534
49434 51269
49434 52053
49434 52073
49434 199248
49434 209428
49434 211590
49434 212815
49434 213599
49434 35280
49434 8218
49434 34019
49434 47160
49434 47957
49434 209823
49434 50628
49434 204092
49434 52075
49434 34177
62000 47160
62000 2027
62000 43858
62000 51269
62000 62443
62000 198053
62000 198825
62000 199088
62000 200136
62000 200202
62000 201675
62000 202089
62000 207879
62000 207992
62000 208226
62000 208458
62000 209097
62000 212815
62000 215124
62000 215596
62000 216193
62000 35280
62000 8218
62000 34019
62000 47957
62000 209823
62000 50628
62000 204092
62000 34177
2280 35280
2280 34019
2280 34177
2280 50628
2280 47957
2280 52075
5583 35280
5583 8218
5583 34019
5583 34177
5583 47957
8304 35280
8304 34019
8304 34177
8304 50628
8304 209823
8304 47957
8304 204092
8304 52075
8304 9036
8304 34422
8304 44141
8304 50234
8304 197138
8304 197914
8304 2484
8304 49463
8304 56987
8304 199125
8304 197981
8304 57734
8304 20766
8304 41090
8304 2027
8304 8309
8309 35280
8309 8218
8309 34019
8309 34177
8309 50628
8309 209823
8309 47957
8309 52075
8309 9036
8309 15846
8309 35353
8309 39583
8309 50954
8309 56339
8309 57951
8309 58004
8309 60532
8309 203908
8309 204596
8309 206856
8309 207410
8309 209323
8309 210879
8309 213184
8309 2484
8309 197981
8554 35280
8554 34019
8554 34177
8554 50628
8554 209823
8554 47957
8554 52075
8554 200435
8554 204818
8723 35280
8723 34019
8723 34177
8723 50628
8723 209823
8723 47957
8723 52075
8723 39241
12807 8218
12826 35280
12826 34019
12826 34177
12826 50628
12826 209823
12826 34993
12876 35280
12876 8218
12876 34019
12876 34177
12876 50628
12876 209823
12876 47957
12876 52075
15436 35280
15436 8218
15436 34019
15436 34177
15436 50628
15436 209823
15436 47957
15436 52075
15436 51706
16189 35280
16189 34019
16189 34177
16189 50628
16189 209823
16189 47957
16189 52075
20986 35280
20986 34019
20986 44530
20986 34177
20986 50628
20986 209823
20986 47957
20986 52075
25540 35280
25540 34019
25540 34177
25540 50628
25540 209823
25540 47957
25540 52075
25540 20529
25540 39830
25540 202381
25540 202757
25540 209525
25593 35280
25593 8218
25593 34019
25593 34177
25593 50628
25593 209823
25593 47957
28855 35280
28855 34019
28855 34177
28855 50628
28855 209823
28855 47957
28855 52075
28855 51243
29283 35280
29283 34019
29283 34177
29283 50628
29283 209823
29283 47957
29283 52075
29605 8218
29605 203361
29608 35280
29608 34019
29608 34177
29608 50628
29608 209823
29608 47957
29608 52075
29608 20766
29608 42208
29608 50982
29608 196633
29608 200162
29608 201080
29608 210664
31167 8218
31167 34019
31167 209920
31167 34572
31167 39509
31167 51128
31167 57943
31167 60718
31167 198239
31167 199485
31167 202089
31167 206874
31167 209532
31167 211858
33392 886
33392 394485
33392 396950
34177 35280
34177 29169
34177 8218
34177 15557
34177 34019
34177 2200
34177 47160
34177 35661
34177 48817
34177 200748
34177 35393
34177 44494
34177 44842
34177 47835
34177 48017
34177 57297
34177 57633
34177 200836
34177 204818
34177 205746
34177 207949
34177 212731
34177 47957
34177 30972
34177 47548
34177 44407
34177 9036
34177 41191
34177 33835
34177 197205
34177 47833
34177 44994
34177 199483
34177 49920
34177 34572
34177 42487
34177 210165
34177 34422
34177 35676
34177 56403
34177 2484
34177 197551
34177 204207
34177 41652
34177 50087
34177 197883
34177 39931
34177 41044
34177 60362
34177 61205
34177 39180
34177 50446
34177 47648
34177 42845
34177 2094
34177 203547
34177 209823
34177 50812
34177 211882
34177 212815
34177 201675
34177 16347
34177 206568
34177 56987
34177 20900
34177 31564
34177 35798
34177 60350
34177 21247
34177 41405
34177 59877
34177 6738
34177 29104
34177 50234
34177 41690
34177 47608
34177 16080
34177 210051
34177 34659
34177 200653
34177 50172
34177 39605
34177 12322
34177 43858
34177 42929
34177 49763
34177 205483
34177 201868
34177 197492
34177 58208
34177 57902
34177 51269
34177 31178
34177 49690
34177 205555
34177 57157
34177 58011
34177 44902
34177 39305
34177 205919
34177 50858
34177 29513
34177 198034
34177 50628
34177 207992
34177 197981
34177 209254
34177 203596
34177 199396
34177 202321
34177 44334
34177 57734
34177 16128
34177 51985
34177 211733
34177 12696
34177 35665
34177 212321
34177 20766
34177 41653
34177 199116
34177 21409
34177 211448
34177 44141
34177 41114
34177 39271
34177 2072
34177 199248
34177 41090
34177 20756
34177 12409
34177 2486
34177 2027
34177 212424
34177 209097
34177 215596
34177 8839
34177 15826
34177 203554
34177 34863
34177 201939
34177 50620
34177 43142
34177 44000
34177 48213
34177 209323
34177 198545
34177 25358
34177 50903
34177 210232
34177 39104
34177 34727
34177 52075
34177 47820
34177 5410
34177 197422
34177 199660
34177 44788
34177 33930
34177 8487
34177 42687
34177 198335
34177 15401
34177 47866
34177 197133
34177 35426
34177 50624
34177 57468
34177 197696
34177 198551
34177 198792
34177 201376
35676 35280
35676 8218
35676 34019
35676 50628
35676 209823
35676 47957
35676 52075
39180 35280
39180 34019
39180 50628
39180 209823
39180 47957
39180 52075
39180 35009
39180 41332
39180 41370
39180 44726
39180 47332
39180 48140
39180 50474
39180 51458
39180 57004
39180 60502
39180 60902
39180 61394
39180 199568
39180 200621
39180 201425
39180 201479
39180 201900
39180 202096
39180 202328
39180 202546
39180 203413
39180 209760
41690 35280
41690 8218
41690 34019
41690 50628
41690 209823
41690 47957
41690 52075
43930 24843
49763 35280
49763 34019
49763 50628
49763 209823
50124 200063
50124 210030
50124 212504
50124 212948
50124 215114
50124 215599
50124 216155
50812 35280
50812 34019
50812 50628
50812 209823
50812 47957
50812 52075
50903 35280
50903 34019
50903 50628
50903 209823
50903 210403
56987 35280
56987 8218
56987 34019
56987 44530
56987 50628
56987 209823
56987 47957
56987 204092
56987 52075
56987 9036
56987 34422
56987 43142
56987 44141
56987 51236
56987 60983
56987 61193
56987 198126
56987 209146
56987 213317
56987 215189
56987 49463
56987 2027
56987 20766
56987 41090
56987 57734
56987 199125
57902 35280
57902 34019
57902 50628
57902 209823
57902 47957
57902 52075
57902 199199
58011 35280
58011 34019
58011 50628
58011 209823
58011 47957
58011 52075
59877 35280
59877 34019
59877 50628
59877 47957
59877 52075
59877 203797
59877 203901
59877 208957
59877 208963
59877 209686
59877 49451
197205 35280
197205 34019
197205 50628
197205 209823
197205 47957
197205 52075
198551 35280
198551 8218
198551 34019
198551 50628
198551 209823
198792 35280
198792 8218
198792 34019
198792 47957
199749 8218
199749 49555
199749 49881
206002 35280
206002 34019
206002 50628
206002 209823
206002 204092
206002 52075
209823 35280
209823 29169
209823 8218
209823 15557
209823 34019
209823 2200
209823 44530
209823 35661
209823 48817
209823 200748
209823 50628
209823 212024
209823 47957
209823 30972
209823 198239
209823 44407
209823 9036
209823 41191
209823 33835
209823 13273
209823 47833
209823 44994
209823 199483
209823 49920
209823 29246
209823 34572
209823 12727
209823 42487
209823 210165
209823 34422
209823 215234
209823 2484
209823 202933
209823 197551
209823 204207
209823 41652
209823 213317
209823 49463
209823 39931
209823 39781
209823 41044
209823 60362
209823 61205
209823 42275
209823 50446
209823 47648
209823 60427
209823 57642
209823 42845
209823 2094
209823 203547
209823 2027
209823 2072
209823 2486
209823 8839
209823 12322
209823 12409
209823 12696
209823 15401
209823 15422
209823 15826
209823 16080
209823 16101
209823 16128
209823 16347
209823 20565
209823 20756
209823 20766
209823 21409
209823 24776
209823 24904
209823 29104
209823 31178
209823 31235
209823 31564
209823 34659
209823 34863
209823 35426
209823 39104
209823 39271
209823 39444
209823 39583
209823 41114
209823 41405
209823 42929
209823 43436
209823 43445
209823 43858
209823 44000
209823 44141
209823 44842
209823 47127
209823 47608
209823 48426
209823 49028
209823 50172
209823 50474
209823 50620
209823 50624
209823 50858
209823 51269
209823 51326
209823 52075
209823 57119
209823 57157
209823 57468
209823 59689
209823 59842
209823 60350
209823 62119
209823 197033
209823 197422
209823 197492
209823 197696
209823 198111
209823 198335
209823 198545
209823 199125
209823 199248
209823 199396
209823 199758
209823 200653
209823 201080
209823 201675
209823 201699
209823 201868
209823 202321
209823 203554
209823 203596
209823 204092
209823 205068
209823 205555
209823 205919
209823 206568
209823 207910
209823 207992
209823 209090
209823 209097
209823 209254
209823 209323
209823 209523
209823 209627
209823 1301
209823 6738
209823 8399
209823 8487
209823 20900
209823 21247
209823 29152
209823 29513
209823 33930
209823 34727
209823 35600
209823 35798
209823 39305
209823 39605
209823 41090
209823 41653
209823 42687
209823 43142
209823 44097
209823 44334
209823 44902
209823 47866
209823 48213
209823 49477
209823 49584
209823 49690
209823 50234
209823 50779
209823 51985
209823 52143
209823 57734
209823 58208
209823 58308
209823 60456
209823 197133
209823 197922
209823 197981
209823 198034
209823 199116
209823 199660
209823 201647
209823 203062
209823 204869
209823 205344
209823 205845
209823 206014
209823 206059
209823 206660
209823 208627
209823 210732
209823 211448
209823 212815
209823 209994
209823 210051
209823 210232
209823 210879
209823 211733
209823 211882
209823 211925
209823 212321
209823 212424
209823 215011
209823 215596
209823 216239
211846 8218
2103 2200
3259 35280
3259 15557
3259 34019
3259 44527
3295 12844
5410 35280
5410 8218
5410 34019
5410 47957
5410 52075
5410 12844
8399 35280
8399 8218
8399 34019
8399 50628
8399 204092
8839 35280
8839 8218
8839 34019
8839 44530
8839 50628
8839 47957
8839 200821
12696 35280
12696 34019
12696 50628
12696 52075
13223 15557
15401 35280
15401 34019
15401 50628
15401 47957
15401 204092
15401 52075
15401 42970
15401 60595
24763 29104
28768 34019
28768 35667
29104 35280
29104 34019
29104 50628
29152 35280
29152 29169
29152 34019
29152 50628
29152 47957
29152 43311
29152 43436
29152 57642
29152 59721
29152 200050
29152 210891
29152 211925
29152 215639
29322 15557
29513 35280
29513 8218
29513 34019
29513 50628
31178 35280
31178 34019
31178 50628
31178 52075
31660 8218
34391 8218
34542 2200
35665 35280
35665 34019
35665 50628
35665 47957
35665 52075
35665 199360
35665 200906
39444 35280
39444 34019
39444 50628
39444 202604
39534 15557
39567 50547
39583 35280
39583 34019
39583 50628
39583 48310
39931 35280
39931 34019
39931 50628
42369 35280
42369 34019
43249 47608
44850 2200
44850 33930
47127 35280
47127 34019
47127 50628
47548 35280
47548 34019
47548 50628
47548 52075
47820 35280
47820 34019
47820 50628
47820 52075
48125 15557
50446 35280
50446 34019
50446 50628
50446 47957
50446 204092
50446 52075
50446 212207
51326 35280
51326 34019
51326 50628
51870 208353
52039 15557
56774 15557
60427 35280
60427 8218
60427 34019
60427 57173
60427 203770
60620 15557
60686 15557
60697 15557
64444 8218
64444 34019
64444 61984
197036 34019
197133 35280
197133 8218
197133 34019
197133 44530
197133 50628
197133 47957
197133 52075
197133 20493
197133 48744
197133 60132
197133 61236
197133 201896
198330 34019
198330 197662
198330 204046
198330 209928
198340 20900
199117 16347
199117 42845
199233 15557
201246 8218
201246 34019
203500 47160
203500 206398
203500 201376
203984 15557
204207 35280
204207 34019
204207 50628
204207 52075
204344 48817
204869 35280
204869 34019
204869 50628
204869 51075
204869 206390
204869 208195
205862 15557
206155 204092
206399 8218
206865 15557
208353 15557
208678 44902
211978 50818
212208 16347
212576 35280
212576 34019
212709 8218
35280 29169
35280 2027
35280 9180
35280 33930
35280 34659
35280 35070
35280 39305
35280 39542
35280 41605
35280 41653
35280 41728
35280 42687
35280 43532
35280 49028
35280 50628
35280 56598
35280 61205
35280 197492
35280 205122
35280 205845
35280 212976
35280 213313
35280 8218
35280 15557
35280 34019
35280 2200
35280 44530
35280 47160
35280 35661
35280 48817
35280 212024
35280 47957
35280 30972
35280 198239
35280 44407
35280 9036
35280 41191
35280 33835
35280 57141
35280 44994
35280 199483
35280 49920
35280 29246
35280 34572
35280 12727
35280 42487
35280 210165
35280 34422
35280 56403
35280 215234
35280 2484
35280 197551
35280 41652
35280 50087
35280 213317
35280 49463
35280 197883
35280 39781
35280 41044
35280 60362
35280 42275
35280 203030
35280 47648
35280 57642
35280 42845
35280 2094
35280 203547
35280 43436
35280 24904
35280 212815
35280 43445
35280 201675
35280 16347
35280 206568
35280 20900
35280 52143
35280 31564
35280 35798
35280 60350
35280 21247
35280 41405
35280 6738
35280 35353
35280 50234
35280 47608
35280 16080
35280 210051
35280 30889
35280 44527
35280 200653
35280 50172
35280 39605
35280 12322
35280 43858
35280 50779
35280 201647
35280 42929
35280 205483
35280 201868
35280 197033
35280 24776
35280 15422
35280 51269
35280 20565
35280 59842
35280 49690
35280 205555
35280 57157
35280 199125
35280 44902
35280 205919
35280 50858
35280 57119
35280 198034
35280 207992
35280 197981
35280 209254
35280 203596
35280 199396
35280 59689
35280 202321
35280 44334
35280 1301
35280 60456
35280 62119
35280 57734
35280 16128
35280 35600
35280 51985
35280 211733
35280 49584
35280 212321
35280 20766
35280 199116
35280 21409
35280 211448
35280 44141
35280 41114
35280 134187
35280 39271
35280 2072
35280 199248
35280 41090
35280 20756
35280 12409
35280 2486
35280 212424
35280 199758
35280 215596
35280 15826
35280 58308
35280 203554
35280 197922
35280 34863
35280 44842
35280 201699
35280 201939
35280 50620
35280 43142
35280 44000
35280 209323
35280 198545
35280 25358
35280 200748
35280 210232
35280 39104
35280 211925
35280 34727
35280 209627
35280 198111
35280 205010
35280 52075
35280 197422
35280 44788
35280 8487
35280 198335
35280 201080
35280 35426
35280 57468
35280 201376
35280 197696
35280 16101
35280 48426
35280 216239
35280 47866
35280 207181
35280 50624
8218 29169
8218 34019
8218 1301
8218 2072
8218 2094
8218 2486
8218 12516
8218 12771
8218 15826
8218 15847
8218 16101
8218 16128
8218 20672
8218 20756
8218 21247
8218 25117
8218 25358
8218 25426
8218 28774
8218 30972
8218 31221
8218 31367
8218 34749
8218 34752
8218 34970
8218 35012
8218 39495
8218 41064
8218 41090
8218 41765
8218 42487
8218 43436
8218 43702
8218 43794
8218 44902
8218 44994
8218 45050
8218 47866
8218 47957
8218 48213
8218 48594
8218 49328
8218 49463
8218 49920
8218 50474
8218 50778
8218 50858
8218 51306
8218 51588
8218 51664
8218 52127
8218 56403
8218 56455
8218 57103
8218 57468
8218 57734
8218 59518
8218 59830
8218 60331
8218 60362
8218 61168
8218 61221
8218 198706
8218 199248
8218 199397
8218 200077
8218 200618
8218 200783
8218 201085
8218 201408
8218 201605
8218 201932
8218 202236
8218 202568
8218 203683
8218 203770
8218 204273
8218 204657
8218 204818
8218 204975
8218 205263
8218 205633
8218 205919
8218 205921
8218 205992
8218 206856
8218 206944
8218 206958
8218 207100
8218 208014
8218 208197
8218 208199
8218 208746
8218 208773
8218 209124
8218 209468
8218 209483
8218 209852
8218 210433
8218 210492
8218 212530
8218 215781
8218 44530
8218 2200
8218 15557
8218 9036
8218 24904
8218 211882
8218 60350
8218 12322
8218 50628
8218 197981
8218 215011
8218 20766
8218 204092
8218 31235
8218 43142
8218 52075
8218 44788
34019 29169
34019 15557
34019 25057
34019 31375
34019 34958
34019 35600
34019 41526
34019 44097
34019 48879
34019 51306
34019 200162
34019 201080
34019 201281
34019 202945
34019 203432
34019 204092
34019 205816
34019 207910
34019 208627
34019 209090
34019 209523
34019 212351
34019 212783
34019 2200
34019 35661
34019 48817
34019 212024
34019 47957
34019 30972
34019 198239
34019 44407
34019 9036
34019 41191
34019 33835
34019 57141
34019 47833
34019 44994
34019 199483
34019 49920
34019 29246
34019 34572
34019 12727
34019 42487
34019 210165
34019 34422
34019 200358
34019 56403
34019 215234
34019 210801
34019 202933
34019 197551
34019 41652
34019 50087
34019 213317
34019 49463
34019 197883
34019 39781
34019 41044
34019 60362
34019 61205
34019 42275
34019 203030
34019 47648
34019 57642
34019 42845
34019 2094
34019 203547
34019 35482
34019 43436
34019 24904
34019 211882
34019 212815
34019 43445
34019 201675
34019 16347
34019 206568
34019 20900
34019 52143
34019 202253
34019 31564
34019 35798
34019 60350
34019 199422
34019 21247
34019 41405
34019 201900
34019 6738
34019 62141
34019 49923
34019 35353
34019 50234
34019 47608
34019 16080
34019 210051
34019 206014
34019 211694
34019 44527
34019 34659
34019 20672
34019 200653
34019 50172
34019 39605
34019 208458
34019 12322
34019 43858
34019 200259
34019 50779
34019 201647
34019 42929
34019 205483
34019 201868
34019 197033
34019 197492
34019 58208
34019 24776
34019 15422
34019 51269
34019 20565
34019 59842
34019 49690
34019 205555
34019 209428
34019 57157
34019 199125
34019 57943
34019 44902
34019 39305
34019 205919
34019 51083
34019 205344
34019 205845
34019 50858
34019 57119
34019 198034
34019 41765
34019 60595
34019 50628
34019 207992
34019 197981
34019 48072
34019 209254
34019 203596
34019 199396
34019 59689
34019 50474
34019 44334
34019 1301
34019 215011
34019 60456
34019 210732
34019 62119
34019 57734
34019 16128
34019 51985
34019 211733
34019 62443
34019 201479
34019 49584
34019 49028
34019 212321
34019 20766
34019 210879
34019 41653
34019 199116
34019 21409
34019 211448
34019 44141
34019 41114
34019 39271
34019 2072
34019 199248
34019 31235
34019 41090
34019 20756
34019 12409
34019 2486
34019 2027
34019 212424
34019 209097
34019 211423
34019 199758
34019 215596
34019 51458
34019 198507
34019 15826
34019 58308
34019 203554
34019 197922
34019 34863
34019 211850
34019 44842
34019 201699
34019 205068
34019 201939
34019 50620
34019 43142
34019 206059
34019 44000
34019 48213
34019 39421
34019 209323
34019 198545
34019 12565
34019 25358
34019 61394
34019 206660
34019 200748
34019 210232
34019 39104
34019 211925
34019 34727
34019 203062
34019 209627
34019 198111
34019 205010
34019 52075
34019 203058
34019 197422
34019 44788
34019 33930
34019 8487
34019 42687
34019 199917
34019 206874
34019 198335
34019 49477
34019 208014
34019 35426
34019 57468
34019 201376
34019 197696
34019 198978
34019 16101
34019 48426
34019 216239
34019 47866
34019 207181
34019 209994
34019 50624
34019 44530
34019 47160
47957 29169
47957 15557
47957 2200
47957 44530
47957 47160
47957 35661
47957 50628
47957 212024
47957 8677
47957 2094
47957 6738
47957 8487
47957 9036
47957 12322
47957 12409
47957 12727
47957 15422
47957 16080
47957 16347
47957 21409
47957 24776
47957 24904
47957 25358
47957 29246
47957 30972
47957 31564
47957 33835
47957 34422
47957 34572
47957 34863
47957 35426
47957 39104
47957 39605
47957 41114
47957 41191
47957 41405
47957 43142
47957 43858
47957 44000
47957 44141
47957 44407
47957 44994
47957 45050
47957 47608
47957 47648
47957 20900
47957 34727
47957 41044
47957 42845
47957 44527
47957 44788
47957 44902
47957 49584
47957 49920
47957 51985
47957 57642
47957 60456
47957 199116
47957 205010
47957 205845
47957 212815
47957 48426
47957 49028
47957 49477
47957 50172
47957 50234
47957 50474
47957 50620
47957 51269
47957 52075
47957 57157
47957 60350
47957 60362
47957 61205
47957 197033
47957 197492
47957 197883
47957 197922
47957 197981
47957 198034
47957 198111
47957 198335
47957 198545
47957 199248
47957 199483
47957 199660
47957 200653
47957 201675
47957 201699
47957 201868
47957 201939
47957 202321
47957 203547
47957 203554
47957 203596
47957 204092
47957 205483
47957 205555
47957 205919
47957 206568
47957 209254
47957 209323
47957 209523
47957 210165
47957 211448
47957 211733
47957 211882
47957 211925
47957 212321
47957 215011
47957 215596
50628 29169
50628 15557
50628 2200
50628 44530
50628 35661
50628 48817
50628 200748
50628 35077
50628 44097
50628 202850
50628 205344
50628 205684
50628 206914
50628 207642
50628 210745
50628 212783
50628 30972
50628 198239
50628 44407
50628 9036
50628 41191
50628 33835
50628 57141
50628 13273
50628 47833
50628 44994
50628 199483
50628 49920
50628 29246
50628 34572
50628 12727
50628 42487
50628 210165
50628 34422
50628 56403
50628 215234
50628 197551
50628 41652
50628 50087
50628 213317
50628 49463
50628 197883
50628 39781
50628 41044
50628 60362
50628 61205
50628 42275
50628 47648
50628 57642
50628 42845
50628 2094
50628 203547
50628 43436
50628 24904
50628 211882
50628 212815
50628 43445
50628 201675
50628 16347
50628 206568
50628 20900
50628 52143
50628 31564
50628 35798
50628 60350
50628 21247
50628 41405
50628 6738
50628 35353
50628 50234
50628 47608
50628 16080
50628 210051
50628 44527
50628 34659
50628 200653
50628 50172
50628 39605
50628 12322
50628 43858
50628 50779
50628 201647
50628 42929
50628 205483
50628 201868
50628 197033
50628 197492
50628 58208
50628 24776
50628 15422
50628 51269
50628 20565
50628 59842
50628 49690
50628 205555
50628 48518
50628 57157
50628 199125
50628 44902
50628 39305
50628 205919
50628 205845
50628 50858
50628 57119
50628 198034
50628 2027
50628 2072
50628 2486
50628 12409
50628 15826
50628 16101
50628 16128
50628 20756
50628 20766
50628 21409
50628 25358
50628 33930
50628 34863
50628 35426
50628 39104
50628 39271
50628 41114
50628 42687
50628 44000
50628 44141
50628 44842
50628 48426
50628 49477
50628 50620
50628 50624
50628 1301
50628 8487
50628 34727
50628 35600
50628 41090
50628 41653
50628 43142
50628 44334
50628 47866
50628 48213
50628 49584
50628 51985
50628 57734
50628 60456
50628 199116
50628 199660
50628 205010
50628 206059
50628 52075
50628 57468
50628 58308
50628 59689
50628 62119
50628 197422
50628 197696
50628 197922
50628 197981
50628 198111
50628 198335
50628 198545
50628 199248
50628 199396
50628 199758
50628 201080
50628 201376
50628 201699
50628 201939
50628 202321
50628 203554
50628 203596
50628 207992
50628 209097
50628 209254
50628 209323
50628 209523
50628 209627
50628 210232
50628 211448
50628 211733
50628 211925
50628 212321
50628 212424
50628 215596
50628 216239
52075 29169
52075 15557
52075 2200
52075 44530
52075 35661
52075 204092
52075 44407
52075 9036
52075 33835
52075 199483
52075 210165
52075 34422
52075 215234
52075 2484
52075 197551
52075 41652
52075 213317
52075 197883
52075 41044
52075 42275
52075 47648
52075 42845
52075 2094
52075 203547
52075 42467
52075 24904
52075 211882
52075 212815
52075 43445
52075 16347
52075 206568
52075 20900
52075 31564
52075 60350
52075 6738
52075 47608
52075 16080
52075 210051
52075 200653
52075 50172
52075 39605
52075 12322
52075 43858
52075 205483
52075 201868
52075 197492
52075 51269
52075 205555
52075 57157
52075 197981
52075 209254
52075 202321
52075 50474
52075 215011
52075 62119
52075 51985
52075 211733
52075 212321
52075 20766
52075 199116
52075 21409
52075 211448
52075 44141
52075 41114
52075 199248
52075 12409
52075 212424
52075 199758
52075 203554
52075 197922
52075 34863
52075 201939
52075 50620
52075 43142
52075 44000
52075 198545
52075 25358
52075 39104
52075 34727
52075 203062
52075 8487
52075 47866
52075 49477
52075 197422
52075 198335
52075 199660
52075 201376
8487 204092
8487 39480
8487 41765
8487 60718
8487 197551
8487 199275
8487 199485
8487 206656
8487 206874
213382 215114
2484 204092
2484 9036
2484 197981
197981 9036
197981 43531
204092 2200
204092 47160
204092 35661
204092 201281
204092 202945
204092 208567
204092 208627
204092 209559
204092 30972
204092 9036
204092 210165
204092 210801
204092 202933
204092 41652
204092 42845
204092 211882
204092 201675
204092 208458
204092 12322
204092 43858
204092 200259
204092 207910
204092 57943
204092 211055
204092 41765
204092 50474
204092 215011
204092 62119
204092 211733
204092 62443
204092 20766
204092 210879
204092 49451
204092 198507
204092 2027
204092 31235
204092 39421
204092 41114
204092 42687
204092 197922
204092 198978
204092 199758
204092 203062
204092 205068
204092 206660
204092 209097
204092 211850
204092 209994
204092 215596
9036 44530
9036 2027
9036 20766
9036 34422
9036 41090
9036 44141
9036 49463
9036 57734
9036 199125
16080 34913
20766 29169
20766 44530
20766 34422
20766 44141
20766 2027
20766 35616
20766 48920
20766 207324
20766 207816
20766 49463
20766 199125
20766 57734
20766 41090
31221 51269
31221 51664
31221 205939
31221 207100
31221 209468
31221 210255
31693 16347
31693 8565
41090 34422
41090 44141
41090 2027
41090 49463
41090 199125
41090 57734
41405 44530
41653 208069
41765 49553
41765 200607
41765 209053
42929 43531
42929 44606
47833 49028
48072 209993
48813 51888
48817 35453
48817 59852
48817 200748
48817 208820
48817 210601
49537 206014
50618 197337
57119 30919
57119 201188
57179 35077
57179 57348
57734 34422
57734 44141
57734 2027
57734 49463
57734 199125
58308 59689
60362 44530
197922 44530
198507 2200
198507 205669
198507 208705
199275 206014
199396 31576
200356 39605
202089 208957
203596 44530
203596 49451
206014 44530
206310 205698
209523 44530
210806 210255
210806 212933
213394 43424
51706 51269
51706 2094
51706 50172
199483 29092
25358 50370
1301 211310
12565 15557
12727 15557
12727 208574
12727 208719
35600 47612
35600 56648
39781 44530
39781 9149
39781 47314
44842 44407
48134 205010
49463 34422
49463 44141
49463 2027
49463 199125
50779 12670
57103 39886
60855 15557
197033 44821
197033 60543
197033 197653
197033 201808
197033 202755
197033 205933
197033 209479
197033 206120
197369 15557
198239 197732
198545 29169
198545 41410
198545 49504
199125 34422
199125 44141
199125 2027
201659 16347
202945 208627
203698 47160
203698 206967
205746 15557
210666 16347
211882 198985
2200 775
2200 776
2200 781
2200 789
2200 1303
2200 1307
2200 1712
2200 1715
2200 1724
2200 1935
2200 1936
2200 1938
2200 1942
2200 1945
2200 2067
2200 2072
2200 2089
2200 2187
2200 2202
2200 2259
2200 2263
2200 2269
2200 2426
2200 2439
2200 2445
2200 2450
2200 2457
2200 2462
2200 2486
2200 29199
2200 50897
2200 51038
2200 202321
15557 12566
15557 12670
15557 34235
15557 34383
15557 34949
15557 35238
15557 35632
15557 39847
15557 41272
15557 41334
15557 41894
15557 42117
15557 42208
15557 42449
15557 42811
15557 43698
15557 43763
15557 44297
15557 45039
15557 47206
15557 47835
15557 48179
15557 48613
15557 48799
15557 49011
15557 49083
15557 49112
15557 49449
15557 49540
15557 49566
15557 50172
15557 50588
15557 57584
15557 58324
15557 60032
15557 61394
15557 199579
15557 199677
15557 200245
15557 201072
15557 202249
15557 203386
15557 204426
15557 204835
15557 205461
15557 207589
15557 208128
15557 209027
15557 210832
15557 211556
15557 212562
29169 50902
29169 203476
29169 209453
29169 201376
29169 44530
34422 2027
34422 44141
16347 30839
16347 43311
16347 45039
16347 48732
16347 49068
16347 51038
16347 51455
16347 51806
16347 57928
16347 196633
16347 197485
16347 197778
16347 206983
16347 209925
16347 210403
16347 211835
16347 43142
39605 200271
49028 44530
49028 48213
49028 48934
49028 60902
49028 64484
49028 207435
49028 207861
49028 209766
21409 41770
21409 212292
44141 44530
44141 59911
44141 197551
44141 2027
33930 211317
33930 214742
12536 43531
29301 43531
43424 43531
44994 44530
44994 43531
45050 43531
50314 43531
60331 43531
60737 43531
197816 43531
197816 204145
199708 43531
203544 43531
209453 43531
210232 43531
2027 47160
2027 44887
2027 200259
2027 206059
2027 206983
2027 207300
2027 207372
2027 209097
2027 209295
2027 210851
2027 214563
2027 215097
39405 201828
41114 62038
41114 210051
41114 212832
41652 39506
44097 30972
44097 207910
44097 208627
44097 209559
49960 12670
51269 56992
51269 200435
200162 205816
200780 201072
202933 204265
205761 199142
207992 47160
207992 61026
210339 215596
210879 48402
210879 210855
210879 210858
211850 47160
211850 57373
34572 39830
35426 215596
43619 199116
43619 204515
47600 201636
47600 212298
60983 199881
60983 202328
60983 202663
60983 209255
60983 209385
60983 201376
199660 205319
199881 201376
209385 201376
31564 44530
31564 200906
31564 212424
201900 12670
34659 13193
34659 12844
48213 211492
207181 205338
52053 52073
52073 199415
52073 216117
52073 216222
199248 210839
212815 47484
212815 205021
212815 209925
212815 211448
212815 214008
212815 214961
212815 215035
212815 215663
212815 215727
212815 216193
47160 34949
47160 39421
47160 62443
47160 200259
47160 203062
47160 205259
47160 205344
47160 205669
47160 207225
47160 207849
47160 213095
47160 213873
47160 214390
47160 214404
43858 213047
62443 41157
62443 208705
62443 215528
198825 209978
198825 214029
201675 42687
201675 208458
201675 210518
201675 213047
208226 210535
208226 215435
215596 214708
216193 203679
216193 207769
216193 214154
216193 215140
39305 58208
39305 60703
39305 204887
39305 215435
213313 47455
44530 35661
44530 30972
44530 34863
44530 49477
44530 50474
35661 62119
35661 208529
35661 209940
35661 211868
30972 44334
30972 212650
44407 41291
44407 202066
44407 203350
44407 204897
44407 207392
44407 209475
44407 212041
42487 204645
197883 57284
42275 45021
42845 43121
42845 47977
42845 198978
2094 2072
20900 47233
20900 50758
20900 204212
20900 204516
20900 204835
20900 209483
47608 200906
47608 49451
44527 197505
12322 51207
12322 210595
198034 57752
44334 48069
60456 59853
60456 208871
51985 60641
49584 200741
49584 209567
2072 199255
34863 197618
43142 50133
43142 50818
43142 60502
43142 61026
201376 50474
201376 202663
50624 132418
31367 21070
34970 12670
204657 209468
204818 48809
12670 197485
35238 20994
44297 12844
48799 12844
49566 12844
200245 57752
200245 198575
201281 208627
203432 49451
207910 209090
208627 208567
209090 205690
200358 49451
58208 60703
211423 49451
781 47300
1715 215928
1936 57284
1945 2060
2263 205669
51038 12844
208820 12844
44494 42258
205684 211854
8677 5630
8677 41233
12844 13193
12844 41473
12844 57696
12844 197573
12844 202836
12844 210040
48732 206120
209925 206120
50818 61026
50818 209095
50818 210770
61026 209095
61026 210770
212041 49619
56339 208275
56339 212489
59721 215639
215035 213971
44821 206120
197653 206120
201808 206120
209479 206120
60132 210118
886 396950
207300 198831
39886 30801
39886 34704
39886 34761
39886 35184
39886 42630
39886 57752
34704 57752
34761 35184
57752 35101
57752 204140
212504 202827
212504 206129
211858 205690
13193 57696
203679 215140
203679 215114
207769 198831
215140 198831
215114 199415
215114 203674
215114 204613
215114 211333
215114 213941
215114 215599
215114 216020
215114 216155
200063 198831
210030 206696
198831 207449
198831 207708
198831 210699
198831 213517
198831 214838
198831 215142
198831 216075
198831 216147
