3320 553
3320 680
3320 5405
3320 8767
3320 9063
3320 9136
3320 9145
3320 12337
3320 12586
3320 12843
3320 13101
3320 13237
3320 16097
3320 21385
3320 21413
3320 21473
3320 24940
3320 24961
3320 25394
3320 33891
3320 34309
3320 34549
3320 50629
3320 2773
3320 2792
3320 3278
3320 5409
3320 5430
3320 5539
3320 5605
3320 6687
3320 6878
3320 8292
3320 8351
3320 8373
3320 8469
3320 8495
3320 8560
3320 8648
3320 8793
3320 8820
3320 8859
3320 8878
3320 8879
3320 8893
3320 9022
3320 9067
3320 9099
3320 9175
3320 9183
3320 9188
3320 12291
3320 12298
3320 12306
3320 12329
3320 12360
3320 12371
3320 12399
3320 12437
3320 12440
3320 12460
3320 12470
3320 12480
3320 12579
3320 12655
3320 12676
3320 12731
3320 12748
3320 12759
3320 12853
3320 12888
3320 12897
3320 12898
3320 12931
3320 13039
3320 13045
3320 13054
3320 13058
3320 13132
3320 13247
3320 13282
3320 15366
3320 15372
3320 15446
3320 15451
3320 15495
3320 15499
3320 15540
3320 15590
3320 15598
3320 15644
3320 15743
3320 15790
3320 15817
3320 15844
3320 15894
3320 16001
3320 16151
3320 16205
3320 16356
3320 16378
3320 20647
3320 20676
3320 20686
3320 20773
3320 20783
3320 20805
3320 20849
3320 20918
3320 21161
3320 21197
3320 21263
3320 21336
3320 21467
3320 24637
3320 24657
3320 24679
3320 24766
3320 24786
3320 24833
3320 24840
3320 24909
3320 24956
3320 25038
3320 25039
3320 25068
3320 25109
3320 25220
3320 25260
3320 25279
3320 25432
3320 25560
3320 28674
3320 28676
3320 28693
3320 28748
3320 28756
3320 28876
3320 28961
3320 28979
3320 29014
3320 29105
3320 29141
3320 29145
3320 29224
3320 29259
3320 29373
3320 29404
3320 29494
3320 29507
3320 29551
3320 29670
3320 29682
3320 29686
3320 30787
3320 30791
3320 30825
3320 30915
3320 30941
3320 30962
3320 31049
3320 31186
3320 31352
3320 31399
3320 31550
3320 31572
3320 31722
3320 33843
3320 33933
3320 33940
3320 33984
3320 34009
3320 34086
3320 34193
3320 34247
3320 34372
3320 34439
3320 34453
3320 34520
3320 34548
3320 34624
3320 34701
3320 34788
3320 34906
3320 34953
3320 34966
3320 35065
3320 35170
3320 35207
3320 35227
3320 35515
3320 35548
3320 35704
3320 35710
3320 35724
3320 35739
3320 38914
3320 39063
3320 39218
3320 39373
3320 39795
3320 39892
3320 40976
3320 41167
3320 41289
3320 41307
3320 41504
3320 41698
3320 41941
3320 41955
3320 41998
3320 42184
3320 42249
3320 42274
3320 42312
3320 42464
3320 42605
3320 43033
3320 43066
3320 43155
3320 43186
3320 43193
3320 43292
3320 43353
3320 43407
3320 43455
3320 43566
3320 43623
3320 43701
3320 43897
3320 44018
3320 44066
3320 44131
3320 44156
3320 44215
3320 44404
3320 44819
3320 44949
3320 47195
3320 47261
3320 47274
3320 47295
3320 47347
3320 47372
3320 47447
3320 47487
3320 47661
3320 47777
3320 48049
3320 48097
3320 48153
3320 48200
3320 48314
3320 48425
3320 48545
3320 48777
3320 48778
3320 48918
3320 48951
3320 49081
3320 49161
3320 49234
3320 49294
3320 49473
3320 49651
3320 49885
3320 50061
3320 50076
3320 50307
3320 50441
3320 50455
3320 50462
3320 50469
3320 50472
3320 50508
3320 50518
3320 50533
3320 50621
3320 50824
3320 50964
3320 51053
3320 51061
3320 51169
3320 51417
3320 51496
3320 51527
3320 51733
3320 51871
3320 52051
3320 56532
3320 56657
3320 56948
3320 56984
3320 57317
3320 57376
3320 57437
3320 57684
3320 57780
3320 57837
3320 57911
3320 58010
3320 58092
3320 58106
3320 58149
3320 58265
3320 58346
3320 59775
3320 59822
3320 59971
3320 60063
3320 60128
3320 60175
3320 60264
3320 60307
3320 60729
3320 60948
3320 60979
3320 61157
3320 61343
3320 61352
3320 62204
3320 62270
3320 62336
3320 64475
3320 133924
3320 197347
3320 197365
3320 197491
3320 197639
3320 197729
3320 197759
3320 197915
3320 197990
3320 198018
3320 198139
3320 198205
3320 198311
3320 198333
3320 198870
3320 198893
3320 198913
3320 199090
3320 199163
3320 199271
3320 199306
3320 199421
3320 199610
3320 199786
3320 199801
3320 199876
3320 200086
3320 200275
3320 200291
3320 200374
3320 200395
3320 200423
3320 200491
3320 200512
3320 200561
3320 200567
3320 200576
3320 200978
3320 201142
3320 201213
3320 201222
3320 201299
3320 201530
3320 201543
3320 201545
3320 201609
3320 201652
3320 201685
3320 201701
3320 202040
3320 202077
3320 202167
3320 202186
3320 202217
3320 202694
3320 202716
3320 202810
3320 202847
3320 203017
3320 203022
3320 203132
3320 203278
3320 203329
3320 203441
3320 203592
3320 203621
3320 203759
3320 203836
3320 203889
3320 203894
3320 204028
3320 204052
3320 204065
3320 204138
3320 204147
3320 204296
3320 204320
3320 204681
3320 204911
3320 204965
3320 205137
3320 205249
3320 205366
3320 205382
3320 205477
3320 205542
3320 205614
3320 205769
3320 205807
3320 205843
3320 205881
3320 206141
3320 206211
3320 206266
3320 206356
3320 206497
3320 206549
3320 206597
3320 206775
3320 206813
3320 206899
3320 206917
3320 207110
3320 207210
3320 207277
3320 207481
3320 207486
3320 207499
3320 207535
3320 207597
3320 207706
3320 207707
3320 207741
3320 207946
3320 208015
3320 208016
3320 208028
3320 208106
3320 208500
3320 208571
3320 208606
3320 208653
3320 208727
3320 208766
3320 208772
3320 208868
3320 208927
3320 208929
3320 208964
3320 209039
3320 209081
3320 209216
3320 209347
3320 209598
3320 209623
3320 209729
3320 209740
3320 209744
3320 209781
3320 209830
3320 209894
3320 209953
3320 209991
3320 210044
3320 210127
3320 210437
3320 210521
3320 210544
3320 210967
3320 211075
3320 211255
3320 211286
3320 211331
3320 211568
3320 212320
3320 212341
3320 212382
3320 212567
3320 212989
3320 213062
3320 213141
3320 213238
3320 213275
3320 213358
3320 213986
3320 214316
3320 215775
3320 3209
3320 51531
3320 58212
3320 8365
3320 44700
3320 29624
3320 31529
553 212522
553 2857
553 5501
553 34878
553 39100
553 42873
553 49739
553 50964
553 60824
553 202113
553 203703
553 204310
553 204680
553 213068
553 5405
553 33891
553 8422
553 8767
553 9063
553 9145
553 12337
553 12843
553 20546
553 21385
553 24961
553 196610
553 197071
553 3209
553 3214
553 8881
553 9136
553 13101
553 13237
553 16097
553 21413
553 21473
553 24940
553 25394
553 34309
553 34549
553 44486
553 48173
553 48927
553 50629
553 51531
553 58212
553 205103
553 12399
553 56368
553 12941
553 47372
553 12611
553 31317
553 34624
553 197915
553 24679
553 24637
553 20640
553 51483
553 51492
553 12923
553 206813
553 9022
553 49910
553 35205
553 41692
553 203329
553 48918
553 28693
553 25516
553 21032
553 12355
553 28801
553 20676
553 48152
553 44973
553 199938
553 16316
553 15594
553 33848
553 210226
553 47195
553 43623
553 12808
553 48484
553 207790
553 47138
553 198726
553 205627
553 61157
553 209846
553 196714
553 20783
553 15763
553 39702
553 12374
553 49321
553 60345
553 29413
553 8391
553 12731
553 16218
553 213305
553 212582
553 31399
553 28748
553 212567
553 51978
553 8763
553 20773
553 13045
553 204035
553 209110
553 212795
553 29670
553 8560
553 33843
553 50469
553 29014
553 200187
553 199421
553 34154
553 198018
553 57353
553 8469
553 202661
553 200062
553 208772
553 15456
553 42184
553 15925
553 15933
553 199163
553 204109
553 203724
553 12306
553 8878
553 20886
553 60522
553 51324
553 42605
553 12502
553 42965
553 34966
553 12897
553 34788
553 39835
553 8319
553 49436
553 13054
553 8365
553 29259
553 206356
553 61244
553 25081
553 12625
553 12676
553 200768
553 203440
553 12886
553 21336
553 5430
553 41289
553 25538
553 196968
553 15817
553 213151
553 200924
553 20292
553 59437
553 198967
553 29686
553 51057
553 205614
553 28979
553 199610
553 20849
553 9083
553 201764
553 48200
553 64475
553 62336
553 48314
553 12759
553 51402
553 43566
553 12732
553 21263
553 12312
553 21161
553 29140
553 198570
553 6805
553 204188
553 215547
553 5539
553 59675
553 12470
553 199284
553 12360
553 203347
553 214554
553 16024
553 206141
553 13132
553 25279
553 12857
553 5605
553 43341
553 205881
553 39378
553 15943
553 35710
553 58323
553 48284
553 29505
553 196922
553 201213
553 50061
553 62023
553 58243
553 208016
553 60664
553 61266
553 20677
553 50533
553 16205
553 43407
553 59507
553 197063
553 49009
553 60979
553 20633
553 58010
553 15894
553 39090
553 12480
553 15366
553 39063
553 25220
553 30766
553 205530
553 8879
553 196954
553 202707
553 20792
553 198818
553 12748
553 209400
553 211651
553 61955
553 6735
553 12888
553 35258
553 197637
553 34086
553 197965
553 12329
553 60150
553 212794
553 210937
553 197524
553 28876
553 210333
553 20647
553 62365
553 34953
553 8804
553 203536
553 205769
553 20810
553 25560
553 15598
553 13058
553 12931
553 34895
553 44066
553 206775
553 15743
553 47447
553 5409
553 44974
553 12440
553 205543
553 29404
553 8823
553 205112
553 57537
553 25415
553 198930
553 8899
553 31103
553 9211
553 13039
553 28676
553 48303
553 21476
553 28701
553 8648
553 20686
553 29624
553 12693
553 202046
553 201701
553 200735
553 8893
553 57154
553 41998
553 205741
553 204881
553 207592
553 31529
553 680
680 1754
680 2117
680 5501
680 5520
680 6733
680 8519
680 12643
680 12816
680 13040
680 20588
680 20633
680 29484
680 31705
680 34520
680 34878
680 41289
680 41969
680 43066
680 47610
680 49234
680 56357
680 60824
680 199578
680 200943
680 205046
680 207592
680 207611
680 209499
680 210482
680 5405
680 33891
680 3209
680 3214
680 8422
680 8767
680 8881
680 9063
680 9136
680 9145
680 12337
680 12843
680 13101
680 13237
680 16097
680 20546
680 21385
680 21473
680 24940
680 24961
680 25394
680 34309
680 34549
680 48927
680 51531
680 58212
680 48173
680 50629
680 12399
680 12941
680 47372
680 12611
680 24679
680 20640
680 51483
680 206813
680 50324
680 49910
680 41692
680 203329
680 25516
680 21032
680 12355
680 20676
680 199938
680 16316
680 15594
680 47195
680 43623
680 202499
680 207790
680 198726
680 61157
680 39702
680 62310
680 29413
680 12731
680 28748
680 39614
680 51978
680 8763
680 20773
680 13045
680 15372
680 29670
680 8560
680 33843
680 29014
680 212440
680 8469
680 42184
680 60294
680 15933
680 60550
680 12306
680 20886
680 51324
680 42605
680 12897
680 39835
680 8319
680 12676
680 21336
680 5430
680 196968
680 35548
680 213151
680 20694
680 35833
680 198967
680 29686
680 205614
680 28979
680 48200
680 198913
680 64475
680 62336
680 12759
680 213027
680 50472
680 12732
680 21263
680 12312
680 29140
680 6805
680 5539
680 199284
680 13132
680 61352
680 25279
680 5605
680 43341
680 15943
680 35710
680 29505
680 50050
680 13128
680 196922
680 58243
680 208016
680 16205
680 43407
680 57317
680 49009
680 199118
680 58010
680 39090
680 12480
680 15366
680 25220
680 30766
680 33811
680 12512
680 211319
680 8879
680 50030
680 61955
680 35258
680 12329
680 211286
680 212794
680 28876
680 20647
680 34953
680 34171
680 8804
680 203536
680 25560
680 13058
680 12931
680 44066
680 15743
680 47447
680 5409
680 204989
680 29404
680 8823
680 205112
680 25415
680 198930
680 8899
680 31103
680 9211
680 8648
680 20686
680 12693
680 201701
680 8893
680 41998
680 31529
5405 12337
5405 13101
5405 13237
5405 16097
5405 21473
5405 30823
5405 49581
5405 58212
5405 212895
5405 5409
5405 5539
5405 8648
5405 8820
5405 9182
5405 12312
5405 12374
5405 12502
5405 12693
5405 12731
5405 12732
5405 13247
5405 20292
5405 20676
5405 20694
5405 20810
5405 24766
5405 25291
5405 25516
5405 28676
5405 29014
5405 29551
5405 29670
5405 34154
5405 34953
5405 34966
5405 39702
5405 41981
5405 43140
5405 43503
5405 44645
5405 47526
5405 47536
5405 48145
5405 48314
5405 48360
5405 48596
5405 48777
5405 48918
5405 49910
5405 50030
5405 50372
5405 50469
5405 50472
5405 56381
5405 57317
5405 57575
5405 58010
5405 59745
5405 59780
5405 60150
5405 60169
5405 60550
5405 60729
5405 61157
5405 62193
5405 62310
5405 196922
5405 196954
5405 197965
5405 198913
5405 199284
5405 199610
5405 200093
5405 200209
5405 200462
5405 200561
5405 201491
5405 201701
5405 201709
5405 202499
5405 203329
5405 203792
5405 204704
5405 204911
5405 205425
5405 206583
5405 206813
5405 207061
5405 208208
5405 208772
5405 208814
5405 208967
5405 209740
5405 209824
5405 209894
5405 211286
5405 211752
5405 212440
5405 212567
5405 213162
5405 213305
5405 213425
5405 214895
5405 215293
5405 215389
5405 3209
5405 3214
5405 8422
5405 9145
5405 12843
5405 20546
5405 212522
5405 8767
5405 8881
5405 9063
5405 9136
5405 21385
5405 21413
5405 24940
5405 24961
5405 25394
5405 33891
5405 34549
5405 48173
5405 48927
5405 50629
5405 51531
5405 196610
5405 197071
5405 205103
5405 12399
5405 56368
5405 12941
5405 47372
5405 31317
5405 34624
5405 197915
5405 24679
5405 24637
5405 209114
5405 20640
5405 51483
5405 51492
5405 12923
5405 50324
5405 9022
5405 209148
5405 35205
5405 41692
5405 28693
5405 21032
5405 12355
5405 28801
5405 48152
5405 44973
5405 199938
5405 16316
5405 15594
5405 33848
5405 210226
5405 47195
5405 3331
5405 43623
5405 12808
5405 48484
5405 199471
5405 207790
5405 47138
5405 198726
5405 8687
5405 205627
5405 209846
5405 209859
5405 59645
5405 196714
5405 20783
5405 15763
5405 49321
5405 8391
5405 16218
5405 209707
5405 212582
5405 31399
5405 28748
5405 51978
5405 8763
5405 20773
5405 13045
5405 62269
5405 29141
5405 204035
5405 209110
5405 212795
5405 8560
5405 33843
5405 200187
5405 199421
5405 48821
5405 198018
5405 8859
5405 57353
5405 13157
5405 8469
5405 202661
5405 200062
5405 15456
5405 42184
5405 198225
5405 15925
5405 15933
5405 199163
5405 204109
5405 198016
5405 203724
5405 12306
5405 34924
5405 8878
5405 20886
5405 215792
5405 60522
5405 51324
5405 42605
5405 42965
5405 12897
5405 40999
5405 34788
5405 39835
5405 8319
5405 49436
5405 13054
5405 8365
5405 206356
5405 205272
5405 61244
5405 25081
5405 52112
5405 12625
5405 12676
5405 200768
5405 24640
5405 12886
5405 21336
5405 5430
5405 41289
5405 196968
5405 15817
5405 213151
5405 200924
5405 20791
5405 59437
5405 206313
5405 213392
5405 198967
5405 29686
5405 51057
5405 49585
5405 59570
5405 205614
5405 28979
5405 44949
5405 20849
5405 9083
5405 12571
5405 201764
5405 48200
5405 64475
5405 62336
5405 15388
5405 200249
5405 12759
5405 51402
5405 43566
5405 21263
5405 48519
5405 21161
5405 29140
5405 198570
5405 6805
5405 204003
5405 215547
5405 59675
5405 12470
5405 12360
5405 203347
5405 214554
5405 16024
5405 215444
5405 206141
5405 13132
5405 199121
5405 25279
5405 12857
5405 5605
5405 43341
5405 205881
5405 39378
5405 24657
5405 35710
5405 58323
5405 60167
5405 29505
5405 50050
5405 201213
5405 50061
5405 62023
5405 58243
5405 208016
5405 60664
5405 61266
5405 50533
5405 16205
5405 43407
5405 59507
5405 197063
5405 49009
5405 60979
5405 20633
5405 208444
5405 34936
5405 15894
5405 39090
5405 15366
5405 197473
5405 39063
5405 25220
5405 30766
5405 205530
5405 211083
5405 211319
5405 8879
5405 202707
5405 20792
5405 198818
5405 12748
5405 209400
5405 61955
5405 6735
5405 200373
5405 12888
5405 35258
5405 197637
5405 34086
5405 2857
5405 12329
5405 8360
5405 210937
5405 197524
5405 28876
5405 210333
5405 20647
5405 208059
5405 8804
5405 203536
5405 205769
5405 25560
5405 15598
5405 13058
5405 12931
5405 34895
5405 44066
5405 206775
5405 15743
5405 47447
5405 44974
5405 12440
5405 205543
5405 29404
5405 8823
5405 205112
5405 57537
5405 25415
5405 198930
5405 8899
5405 31103
5405 9211
5405 13039
5405 15702
5405 8793
5405 48303
5405 13289
5405 21476
5405 28701
5405 20686
5405 29624
5405 216333
5405 202046
5405 200735
5405 8893
5405 41998
5405 205741
5405 31529
8767 8741
8767 8823
8767 8874
8767 12657
8767 12813
8767 12886
8767 12907
8767 12931
8767 13246
8767 16151
8767 20561
8767 20791
8767 24764
8767 24845
8767 25432
8767 29259
8767 31098
8767 33824
8767 33896
8767 34127
8767 35242
8767 35724
8767 41086
8767 41110
8767 41926
8767 42821
8767 42840
8767 48328
8767 50064
8767 51839
8767 197164
8767 197659
8767 197874
8767 197909
8767 198145
8767 198573
8767 199090
8767 201764
8767 202077
8767 202694
8767 202716
8767 202946
8767 203325
8767 204673
8767 205666
8767 205881
8767 206597
8767 207364
8767 207749
8767 208964
8767 209877
8767 209991
8767 210214
8767 211941
8767 214568
8767 215866
8767 216094
8767 33891
8767 50629
8767 24961
8767 3214
8767 34549
8767 13237
8767 199938
8767 206356
8767 213151
8767 64475
8767 29140
8767 35710
8767 48284
8767 25220
8767 210937
8767 205112
9063 8937
9063 9067
9063 9188
9063 12404
9063 12431
9063 20795
9063 29510
9063 31049
9063 34240
9063 38927
9063 44064
9063 51137
9063 60351
9063 61310
9063 61415
9063 201370
9063 203412
9063 203427
9063 203437
9063 204636
9063 208238
9063 208484
9063 210521
9063 211075
9063 33891
9063 24961
9063 3214
9063 34549
9063 13237
9063 199938
9063 206356
9063 213151
9063 64475
9063 29140
9063 35710
9063 25220
9063 210937
9063 205112
9136 12748
9136 13130
9136 24679
9136 24956
9136 29670
9136 33940
9136 34219
9136 44194
9136 50472
9136 201701
9136 206236
9136 206618
9136 206813
9136 207592
9136 207943
9136 208395
9136 209894
9136 213027
9136 213068
9136 33891
9136 50629
9136 24961
9136 3214
9136 34549
9136 13237
9136 199938
9136 213151
9136 64475
9136 29140
9136 35710
9136 25220
9136 210937
9136 205112
9145 6687
9145 9066
9145 9099
9145 12371
9145 12460
9145 13010
9145 15790
9145 21032
9145 21355
9145 30742
9145 31055
9145 31186
9145 31438
9145 34256
9145 34372
9145 35061
9145 35242
9145 41587
9145 47826
9145 49086
9145 49494
9145 49651
9145 49957
9145 50621
9145 51598
9145 61955
9145 62291
9145 197803
9145 200931
9145 201035
9145 201399
9145 202238
9145 204147
9145 205764
9145 206761
9145 207289
9145 211784
9145 216152
9145 33891
9145 50629
9145 24961
9145 3214
9145 34549
9145 13237
9145 24940
9145 8422
9145 12399
9145 199938
9145 8560
9145 203724
9145 8878
9145 206356
9145 205272
9145 213151
9145 48200
9145 64475
9145 12759
9145 48519
9145 29140
9145 199121
9145 35710
9145 39063
9145 25220
9145 210937
9145 12440
9145 205112
9145 198930
9145 31529
12337 8208
12337 8878
12337 20572
12337 25115
12337 34460
12337 34646
12337 44833
12337 44880
12337 47409
12337 47897
12337 52158
12337 56636
12337 60955
12337 61303
12337 199877
12337 200916
12337 203777
12337 204038
12337 204053
12337 205497
12337 206231
12337 206915
12337 207248
12337 209122
12337 209891
12337 209991
12337 24961
12337 3214
12337 34549
12337 13237
12337 41692
12337 20676
12337 199938
12337 20783
12337 12731
12337 29670
12337 35053
12337 51324
12337 206356
12337 213151
12337 64475
12337 15388
12337 12759
12337 50472
12337 12732
12337 29140
12337 204188
12337 35710
12337 59507
12337 25220
12337 44194
12337 210937
12337 20647
12337 34171
12337 205112
12337 25415
12337 12693
12337 201701
12337 31529
12337 33891
12337 20546
12586 197071
12586 31572
12586 34764
12586 34899
12586 42596
12586 49296
12586 51058
12586 51699
12586 57433
12586 57821
12586 196609
12586 197549
12586 29551
12586 212415
12586 25220
12586 31025
12843 3278
12843 13040
12843 13054
12843 20795
12843 20849
12843 21234
12843 25081
12843 25579
12843 29236
12843 29682
12843 31735
12843 35309
12843 41431
12843 41699
12843 44152
12843 47372
12843 57224
12843 58106
12843 200941
12843 202040
12843 202113
12843 202462
12843 202661
12843 205046
12843 205390
12843 205908
12843 207572
12843 207706
12843 210333
12843 210424
12843 210795
12843 215775
12843 215996
12843 33891
12843 24961
12843 3214
12843 34549
12843 13237
12843 199938
12843 206356
12843 213151
12843 64475
12843 29140
12843 35710
12843 25220
12843 210937
12843 205112
13101 51531
13101 6735
13101 8495
13101 8687
13101 12731
13101 25279
13101 33846
13101 49756
13101 208988
13101 215344
13101 50629
13101 24961
13101 3214
13101 34549
13101 13237
13101 199938
13101 57821
13101 206356
13101 213151
13101 29551
13101 64475
13101 29140
13101 35710
13101 25220
13101 210937
13101 205112
13101 33891
13237 6833
13237 8373
13237 8391
13237 8469
13237 8520
13237 8569
13237 8763
13237 8792
13237 8794
13237 8823
13237 8879
13237 12348
13237 12466
13237 12830
13237 12886
13237 12915
13237 13058
13237 13157
13237 13289
13237 15372
13237 15486
13237 15594
13237 15702
13237 15726
13237 16205
13237 16365
13237 16378
13237 20677
13237 20755
13237 20775
13237 20783
13237 20805
13237 20980
13237 24640
13237 24978
13237 28940
13237 31078
13237 31197
13237 34568
13237 34624
13237 35833
13237 39170
13237 39209
13237 39291
13237 40967
13237 40999
13237 41514
13237 41961
13237 42442
13237 42699
13237 43536
13237 44365
13237 47661
13237 48303
13237 48324
13237 49220
13237 49464
13237 50458
13237 51402
13237 51906
13237 52113
13237 56896
13237 60380
13237 61083
13237 61183
13237 62341
13237 196636
13237 196714
13237 196968
13237 197334
13237 197915
13237 198041
13237 198225
13237 198296
13237 198710
13237 199753
13237 200297
13237 200667
13237 200703
13237 200770
13237 201291
13237 201698
13237 203329
13237 203347
13237 203520
13237 203986
13237 204061
13237 205310
13237 206441
13237 208517
13237 209564
13237 211357
13237 212257
13237 212297
13237 213299
13237 214401
13237 214554
13237 215061
13237 33891
13237 50629
13237 24961
13237 3214
13237 34549
13237 205103
13237 3209
13237 8422
13237 8881
13237 16097
13237 20546
13237 21385
13237 24940
13237 51531
13237 196610
13237 197071
13237 21413
13237 21473
13237 25394
13237 34309
13237 44486
13237 48173
13237 48927
13237 58212
13237 12399
13237 56368
13237 12941
13237 47372
13237 12611
13237 31317
13237 50017
13237 24679
13237 24637
13237 20640
13237 51483
13237 51492
13237 12923
13237 206813
13237 50324
13237 9022
13237 49910
13237 35205
13237 41692
13237 13135
13237 28693
13237 25516
13237 21032
13237 12355
13237 28801
13237 20676
13237 48152
13237 44973
13237 199938
13237 16316
13237 33848
13237 210226
13237 47195
13237 3331
13237 43623
13237 12808
13237 213973
13237 48484
13237 207790
13237 47138
13237 198726
13237 8687
13237 205627
13237 61157
13237 15763
13237 39702
13237 62310
13237 199645
13237 49321
13237 60345
13237 29413
13237 12731
13237 16218
13237 213305
13237 202566
13237 212582
13237 31399
13237 28748
13237 212567
13237 39614
13237 51978
13237 57780
13237 20773
13237 13045
13237 29141
13237 204035
13237 209110
13237 24993
13237 212795
13237 29670
13237 8560
13237 33843
13237 50469
13237 29014
13237 200187
13237 199421
13237 34154
13237 198018
13237 8859
13237 57353
13237 35053
13237 202661
13237 13247
13237 200062
13237 15456
13237 42184
13237 62193
13237 15925
13237 15933
13237 199163
13237 60550
13237 204109
13237 203724
13237 12306
13237 8878
13237 20886
13237 60522
13237 51324
13237 42605
13237 42965
13237 34966
13237 50372
13237 12897
13237 34788
13237 39835
13237 8319
13237 49436
13237 13054
13237 8365
13237 29259
13237 206356
13237 205272
13237 61244
13237 25081
13237 59780
13237 12625
13237 12676
13237 200768
13237 203440
13237 21336
13237 5430
13237 41289
13237 15817
13237 213151
13237 200924
13237 20292
13237 59437
13237 20694
13237 48596
13237 198967
13237 29686
13237 51057
13237 205614
13237 43503
13237 28979
13237 199610
13237 20849
13237 9083
13237 201764
13237 48200
13237 64475
13237 62336
13237 48314
13237 15388
13237 12759
13237 213027
13237 43566
13237 50472
13237 12732
13237 21263
13237 12312
13237 48519
13237 21161
13237 29140
13237 198570
13237 6805
13237 204188
13237 5539
13237 59675
13237 12470
13237 199284
13237 12360
13237 16024
13237 206141
13237 13132
13237 199121
13237 25279
13237 12857
13237 5605
13237 210482
13237 43341
13237 205881
13237 39378
13237 15943
13237 35710
13237 58323
13237 48284
13237 29505
13237 50050
13237 13128
13237 196922
13237 201213
13237 50061
13237 62023
13237 58243
13237 208016
13237 60664
13237 61266
13237 50533
13237 43407
13237 57317
13237 59507
13237 197063
13237 49009
13237 205790
13237 60979
13237 20633
13237 208444
13237 199118
13237 58010
13237 15894
13237 208025
13237 39090
13237 12480
13237 15366
13237 16075
13237 197473
13237 39063
13237 25220
13237 30766
13237 33811
13237 12512
13237 205530
13237 31276
13237 196954
13237 202707
13237 20792
13237 44194
13237 50030
13237 201026
13237 12748
13237 209400
13237 61955
13237 12888
13237 35258
13237 197637
13237 34086
13237 33940
13237 197965
13237 2857
13237 12329
13237 211286
13237 60150
13237 212794
13237 210937
13237 197524
13237 28876
13237 211170
13237 210333
13237 20647
13237 62365
13237 34953
13237 34171
13237 8804
13237 203536
13237 205769
13237 20810
13237 25560
13237 15598
13237 12931
13237 215250
13237 34895
13237 44066
13237 206775
13237 15743
13237 5409
13237 44974
13237 12440
13237 205543
13237 29404
13237 51224
13237 205112
13237 57537
13237 25415
13237 198930
13237 8899
13237 31103
13237 9211
13237 13039
13237 28676
13237 21476
13237 28701
13237 8648
13237 20686
13237 12693
13237 202046
13237 201701
13237 200735
13237 8893
13237 24956
13237 57154
13237 41998
13237 205741
13237 204881
13237 31529
16097 13251
16097 16202
16097 20880
16097 30774
16097 31723
16097 35244
16097 35515
16097 43607
16097 44365
16097 48111
16097 48153
16097 49081
16097 50050
16097 50436
16097 58243
16097 62365
16097 200599
16097 201014
16097 204877
16097 204924
16097 205435
16097 205582
16097 206196
16097 206240
16097 209620
16097 210589
16097 210785
16097 211007
16097 211873
16097 216451
16097 24961
16097 3214
16097 34549
16097 199938
16097 206356
16097 213151
16097 64475
16097 29140
16097 35710
16097 25220
16097 210937
16097 205112
16097 33891
21385 5539
21385 8319
21385 8823
21385 12907
21385 15933
21385 21476
21385 25504
21385 48484
21385 51483
21385 198296
21385 33891
21385 50629
21385 24961
21385 3214
21385 34549
21385 199938
21385 201709
21385 206356
21385 213151
21385 64475
21385 29140
21385 35710
21385 25220
21385 210937
21385 205112
21413 13251
21413 15372
21413 15540
21413 30774
21413 31259
21413 31723
21413 35065
21413 35170
21413 42699
21413 43329
21413 47518
21413 48154
21413 58243
21413 59921
21413 61352
21413 62365
21413 197558
21413 200297
21413 200599
21413 201059
21413 201600
21413 201764
21413 201832
21413 204877
21413 204924
21413 205435
21413 205582
21413 205741
21413 206196
21413 206855
21413 206978
21413 206990
21413 207077
21413 207210
21413 208451
21413 211007
21413 213275
21413 215876
21413 216451
21413 24961
21413 3214
21413 34549
21413 199938
21413 206356
21413 213151
21413 64475
21413 29140
21413 35710
21413 25220
21413 210937
21413 205112
21413 33891
21473 12292
21473 15492
21473 24635
21473 29236
21473 35265
21473 43186
21473 43911
21473 56368
21473 56919
21473 59675
21473 60345
21473 60550
21473 61310
21473 200377
21473 202661
21473 203604
21473 205843
21473 206906
21473 209400
21473 209917
21473 211331
21473 211417
21473 214319
21473 215547
21473 216277
21473 33891
21473 50629
21473 24961
21473 3214
21473 34549
21473 199938
21473 206356
21473 213151
21473 64475
21473 29140
21473 35710
21473 25220
21473 210937
21473 205112
21473 34309
24940 15866
24940 51895
24940 57037
24940 199644
24940 200249
24940 200303
24940 201206
24940 202851
24940 204591
24940 207793
24940 208989
24940 209148
24940 210143
24940 210803
24940 50629
24940 24961
24940 3214
24940 34549
24940 8422
24940 31025
24940 12399
24940 199938
24940 8560
24940 203724
24940 8878
24940 206356
24940 205272
24940 213151
24940 64475
24940 12759
24940 48519
24940 29140
24940 199121
24940 35710
24940 39063
24940 25220
24940 61955
24940 210937
24940 12440
24940 205112
24940 198930
24940 31529
24940 33891
24961 8292
24961 9135
24961 12571
24961 15960
24961 29141
24961 34936
24961 35657
24961 39519
24961 41412
24961 42221
24961 42263
24961 43241
24961 49585
24961 49609
24961 50407
24961 50873
24961 51906
24961 52112
24961 57575
24961 59645
24961 60164
24961 60522
24961 62086
24961 62269
24961 198996
24961 199597
24961 199982
24961 200109
24961 201701
24961 204035
24961 204110
24961 205411
24961 207252
24961 207297
24961 208372
24961 208766
24961 209014
24961 210198
24961 211083
24961 212033
24961 212567
24961 212688
24961 214093
24961 214915
24961 33891
24961 50629
24961 3209
24961 3214
24961 8881
24961 8422
24961 20546
24961 30823
24961 197071
24961 212895
24961 25394
24961 34309
24961 34549
24961 48173
24961 48927
24961 51531
24961 58212
24961 196610
24961 205103
24961 12399
24961 56368
24961 12941
24961 47372
24961 12611
24961 31317
24961 34624
24961 197915
24961 24679
24961 24637
24961 20640
24961 51483
24961 51492
24961 12923
24961 206813
24961 50324
24961 9022
24961 49910
24961 35205
24961 41692
24961 203329
24961 28693
24961 25516
24961 21032
24961 12355
24961 28801
24961 20676
24961 48152
24961 44973
24961 199938
24961 16316
24961 15594
24961 33848
24961 210226
24961 47195
24961 43623
24961 202499
24961 12808
24961 213973
24961 48484
24961 207790
24961 47138
24961 198726
24961 205627
24961 61157
24961 196714
24961 20783
24961 15763
24961 39702
24961 62310
24961 199645
24961 49321
24961 60345
24961 29413
24961 8391
24961 12731
24961 16218
24961 213305
24961 202566
24961 212582
24961 31399
24961 28748
24961 39614
24961 51978
24961 8763
24961 57780
24961 20773
24961 13045
24961 209110
24961 24993
24961 212795
24961 15372
24961 29670
24961 8560
24961 33843
24961 50469
24961 29014
24961 200187
24961 199421
24961 198018
24961 8859
24961 212440
24961 57353
24961 35053
24961 8469
24961 202661
24961 200062
24961 15456
24961 42184
24961 62193
24961 60294
24961 198225
24961 15925
24961 15933
24961 199163
24961 60550
24961 204109
24961 203724
24961 12306
24961 8878
24961 20886
24961 51324
24961 42605
24961 42965
24961 34966
24961 50372
24961 12897
24961 40999
24961 209915
24961 34788
24961 39835
24961 13054
24961 8365
24961 29259
24961 206356
24961 61244
24961 25081
24961 59780
24961 12625
24961 12676
24961 200768
24961 203440
24961 12886
24961 21336
24961 5430
24961 41289
24961 196968
24961 15817
24961 47536
24961 213151
24961 200924
24961 20292
24961 8820
24961 59437
24961 35833
24961 48596
24961 198967
24961 29686
24961 51057
24961 196819
24961 205614
24961 43503
24961 28979
24961 199610
24961 20849
24961 9083
24961 48200
24961 198913
24961 64475
24961 62336
24961 48314
24961 15388
24961 12759
24961 213027
24961 51402
24961 43566
24961 50472
24961 12732
24961 21263
24961 12312
24961 48519
24961 21161
24961 29140
24961 198570
24961 6805
24961 204188
24961 215547
24961 5539
24961 59675
24961 12470
24961 199284
24961 12360
24961 203347
24961 214554
24961 16024
24961 206141
24961 13132
24961 25279
24961 12857
24961 5605
24961 210482
24961 43341
24961 205881
24961 39378
24961 15943
24961 31078
24961 200462
24961 35710
24961 58323
24961 48284
24961 29505
24961 50050
24961 13128
24961 196922
24961 201213
24961 50061
24961 62023
24961 58243
24961 208016
24961 34225
24961 215685
24961 60664
24961 61266
24961 20677
24961 50533
24961 16205
24961 43407
24961 57317
24961 59507
24961 197063
24961 49009
24961 205790
24961 60979
24961 20633
24961 208444
24961 199118
24961 58010
24961 15894
24961 208025
24961 39090
24961 12480
24961 15366
24961 16075
24961 39063
24961 25220
24961 203924
24961 30766
24961 33811
24961 12512
24961 205530
24961 31276
24961 8879
24961 196954
24961 202707
24961 20792
24961 50030
24961 201026
24961 12748
24961 209400
24961 61955
24961 12888
24961 35258
24961 197637
24961 34086
24961 33940
24961 197965
24961 2857
24961 12329
24961 211286
24961 60150
24961 211752
24961 212794
24961 210937
24961 197524
24961 28876
24961 211170
24961 210333
24961 20647
24961 62365
24961 34953
24961 34171
24961 8804
24961 203536
24961 205769
24961 20810
24961 25560
24961 15598
24961 13058
24961 12931
24961 34895
24961 44066
24961 206775
24961 15743
24961 47447
24961 5409
24961 44974
24961 204989
24961 12440
24961 205543
24961 29404
24961 8823
24961 51224
24961 205112
24961 57537
24961 25415
24961 198930
24961 8899
24961 31103
24961 9211
24961 13039
24961 28676
24961 48303
24961 13289
24961 21476
24961 28701
24961 8648
24961 20686
24961 29624
24961 12693
24961 216333
24961 202046
24961 200735
24961 8893
24961 24956
24961 57154
24961 41998
24961 205741
24961 204881
24961 31529
25394 9188
25394 9197
25394 12915
25394 20792
25394 25560
25394 31147
25394 41163
25394 41723
25394 42034
25394 43150
25394 49499
25394 56942
25394 59790
25394 198205
25394 198956
25394 199703
25394 201901
25394 202741
25394 203347
25394 205094
25394 206423
25394 207580
25394 209379
25394 209981
25394 211909
25394 213209
25394 215218
25394 215344
25394 33891
25394 50629
25394 34549
25394 199938
25394 57821
25394 206356
25394 213151
25394 64475
25394 29140
25394 15943
25394 35710
25394 25220
25394 210937
25394 205112
33891 20546
33891 51531
33891 3163
33891 5539
33891 8319
33891 8741
33891 8793
33891 8823
33891 8878
33891 12306
33891 12655
33891 12731
33891 15451
33891 15598
33891 15817
33891 15894
33891 15945
33891 16316
33891 20686
33891 20810
33891 20830
33891 20899
33891 21083
33891 25220
33891 25279
33891 25415
33891 25504
33891 28676
33891 28693
33891 28701
33891 28801
33891 28876
33891 28979
33891 29141
33891 29259
33891 29505
33891 29670
33891 30766
33891 31103
33891 31197
33891 31276
33891 34895
33891 38938
33891 39090
33891 39257
33891 39835
33891 41998
33891 42008
33891 42184
33891 42390
33891 43341
33891 44023
33891 44545
33891 44700
33891 44946
33891 44973
33891 47526
33891 47815
33891 48314
33891 48324
33891 48585
33891 48918
33891 49435
33891 49910
33891 49956
33891 50343
33891 51191
33891 51402
33891 51839
33891 56719
33891 57395
33891 57537
33891 58243
33891 58323
33891 59437
33891 59716
33891 59745
33891 59780
33891 60316
33891 61244
33891 61303
33891 62023
33891 62193
33891 62297
33891 62359
33891 196819
33891 196922
33891 196954
33891 197524
33891 197637
33891 197965
33891 198145
33891 198444
33891 198570
33891 198967
33891 199284
33891 200062
33891 200086
33891 200278
33891 200395
33891 200735
33891 200924
33891 201011
33891 201035
33891 201318
33891 201962
33891 202245
33891 202283
33891 202524
33891 202741
33891 203593
33891 203836
33891 203924
33891 204038
33891 204053
33891 204109
33891 204188
33891 204243
33891 204253
33891 204704
33891 204989
33891 205115
33891 205425
33891 205614
33891 205627
33891 206231
33891 206497
33891 206564
33891 206583
33891 207139
33891 207436
33891 208967
33891 209040
33891 209715
33891 210183
33891 210793
33891 210803
33891 211319
33891 211417
33891 211690
33891 211751
33891 211752
33891 212341
33891 212440
33891 212739
33891 213118
33891 213162
33891 213281
33891 214985
33891 215606
33891 216067
33891 3209
33891 3214
33891 8881
33891 34309
33891 48173
33891 48927
33891 50629
33891 58212
33891 197071
33891 12941
33891 12611
33891 31317
33891 197915
33891 209114
33891 20640
33891 9022
33891 41692
33891 203329
33891 25516
33891 12355
33891 20676
33891 33848
33891 210226
33891 47195
33891 3331
33891 202499
33891 12808
33891 212057
33891 198726
33891 8687
33891 61157
33891 15763
33891 62310
33891 199645
33891 49321
33891 60345
33891 213305
33891 202566
33891 212582
33891 31399
33891 28748
33891 39614
33891 51978
33891 20773
33891 13045
33891 24993
33891 8560
33891 33843
33891 50469
33891 29014
33891 200187
33891 8859
33891 57353
33891 8469
33891 60294
33891 15925
33891 199163
33891 34924
33891 20886
33891 42605
33891 12502
33891 42965
33891 50372
33891 12897
33891 34788
33891 8365
33891 12625
33891 12676
33891 203440
33891 21336
33891 5430
33891 214292
33891 20292
33891 35833
33891 29686
33891 51057
33891 49585
33891 199610
33891 206659
33891 9083
33891 43566
33891 12732
33891 21263
33891 12312
33891 48519
33891 29140
33891 6805
33891 59675
33891 12470
33891 12360
33891 13132
33891 5605
33891 210482
33891 15943
33891 50061
33891 61266
33891 57317
33891 59507
33891 197063
33891 199118
33891 58010
33891 208025
33891 12480
33891 15366
33891 39063
33891 33811
33891 205530
33891 198196
33891 202707
33891 198818
33891 50030
33891 211651
33891 6735
33891 12888
33891 2857
33891 60150
33891 212794
33891 210937
33891 20647
33891 34953
33891 8804
33891 205769
33891 44066
33891 15743
33891 47447
33891 5409
33891 12440
33891 205543
33891 29404
33891 198930
33891 8899
33891 9211
33891 13039
33891 48303
33891 8648
33891 202046
33891 8893
33891 204881
34309 6786
34309 8319
34309 8590
34309 8823
34309 12329
34309 12857
34309 15763
34309 16024
34309 16107
34309 21192
34309 24637
34309 24845
34309 25058
34309 28979
34309 29042
34309 29066
34309 30083
34309 33873
34309 34722
34309 34834
34309 34928
34309 39538
34309 42312
34309 42442
34309 43509
34309 43857
34309 44225
34309 44545
34309 45012
34309 60254
34309 61157
34309 62023
34309 62434
34309 197509
34309 198672
34309 201955
34309 203427
34309 205310
34309 206775
34309 208644
34309 34549
34309 29140
34309 15943
34309 35710
34309 205112
34549 29394
34549 47536
34549 48314
34549 51058
34549 51699
34549 60150
34549 60767
34549 62269
34549 62387
34549 200209
34549 200462
34549 205597
34549 205848
34549 205948
34549 206813
34549 207732
34549 207999
34549 210937
34549 213151
34549 213392
34549 215389
34549 50629
34549 3214
34549 3209
34549 8422
34549 8881
34549 20546
34549 51531
34549 196610
34549 197071
34549 48173
34549 48927
34549 58212
34549 205103
34549 12399
34549 56368
34549 12941
34549 47372
34549 12611
34549 31317
34549 34624
34549 197915
34549 24679
34549 209114
34549 20640
34549 51483
34549 51492
34549 9022
34549 49910
34549 35205
34549 41692
34549 203329
34549 28693
34549 25516
34549 21032
34549 28801
34549 20676
34549 48152
34549 44973
34549 199938
34549 15594
34549 33848
34549 210226
34549 47195
34549 3331
34549 12808
34549 200561
34549 48484
34549 198726
34549 8687
34549 205627
34549 61157
34549 196714
34549 20783
34549 15763
34549 39702
34549 49321
34549 60345
34549 8391
34549 12731
34549 213305
34549 209707
34549 212582
34549 31399
34549 28748
34549 214556
34549 51978
34549 208702
34549 8763
34549 20773
34549 13045
34549 204035
34549 209110
34549 201709
34549 212795
34549 8560
34549 33843
34549 50469
34549 29014
34549 200187
34549 199421
34549 198018
34549 57353
34549 13157
34549 8469
34549 202661
34549 13247
34549 200062
34549 15456
34549 42184
34549 197477
34549 15925
34549 15933
34549 199163
34549 204109
34549 203724
34549 12306
34549 34924
34549 8878
34549 20886
34549 51324
34549 42605
34549 42965
34549 34966
34549 12897
34549 34788
34549 39835
34549 8319
34549 13054
34549 8365
34549 207921
34549 206356
34549 205272
34549 61244
34549 12625
34549 12676
34549 200768
34549 203440
34549 24640
34549 12886
34549 21336
34549 5430
34549 196968
34549 15817
34549 200924
34549 20292
34549 199918
34549 20791
34549 59437
34549 20694
34549 198967
34549 31396
34549 29686
34549 51057
34549 49585
34549 205614
34549 28979
34549 199610
34549 20849
34549 206659
34549 9083
34549 48200
34549 64475
34549 62336
34549 15388
34549 12759
34549 51402
34549 43566
34549 12732
34549 21263
34549 12312
34549 48519
34549 21161
34549 29140
34549 6805
34549 212049
34549 204003
34549 215547
34549 5539
34549 59675
34549 12470
34549 199284
34549 212415
34549 12360
34549 203347
34549 214554
34549 16024
34549 206141
34549 13132
34549 199121
34549 25279
34549 12857
34549 5605
34549 43341
34549 39378
34549 15943
34549 24657
34549 35710
34549 58323
34549 29505
34549 196922
34549 201213
34549 50061
34549 62023
34549 58243
34549 208016
34549 60664
34549 61266
34549 20677
34549 50533
34549 16205
34549 43407
34549 59507
34549 197063
34549 60979
34549 20633
34549 58010
34549 15894
34549 39090
34549 12480
34549 15366
34549 197473
34549 39063
34549 25220
34549 30766
34549 205530
34549 211319
34549 8879
34549 12817
34549 196954
34549 202707
34549 20792
34549 209400
34549 61955
34549 12888
34549 35258
34549 197637
34549 197965
34549 2857
34549 212794
34549 197524
34549 28876
34549 210333
34549 20647
34549 62365
34549 34953
34549 8804
34549 203536
34549 205769
34549 20810
34549 25560
34549 15598
34549 13058
34549 51202
34549 215563
34549 44066
34549 206775
34549 15743
34549 5409
34549 12440
34549 205543
34549 29404
34549 205112
34549 57537
34549 25415
34549 198930
34549 8899
34549 31103
34549 9211
34549 13039
34549 28676
34549 48303
34549 21476
34549 28701
34549 8648
34549 20686
34549 29624
34549 47526
34549 202046
34549 200735
34549 8893
34549 41998
34549 205741
34549 204881
34549 31529
50629 3214
50629 3624
50629 12329
50629 12355
50629 12360
50629 12923
50629 15763
50629 16075
50629 29413
50629 29670
50629 30742
50629 31371
50629 34895
50629 35675
50629 39138
50629 41110
50629 43150
50629 44700
50629 47277
50629 47526
50629 48821
50629 49009
50629 49086
50629 49436
50629 49855
50629 50017
50629 50472
50629 51827
50629 57575
50629 59645
50629 59790
50629 60729
50629 61955
50629 61987
50629 64475
50629 200561
50629 201701
50629 203278
50629 204147
50629 204911
50629 205112
50629 205115
50629 206341
50629 206356
50629 206813
50629 207160
50629 207252
50629 207790
50629 207878
50629 208727
50629 208772
50629 208976
50629 209347
50629 211286
50629 211664
50629 212567
50629 214915
50629 3209
50629 8422
50629 8881
50629 30823
50629 44486
50629 48173
50629 48927
50629 58212
50629 197071
50629 212895
50629 12399
50629 31317
50629 51483
50629 50324
50629 35205
50629 41692
50629 13135
50629 203329
50629 25516
50629 21032
50629 20676
50629 199938
50629 3331
50629 202499
50629 12808
50629 212057
50629 213973
50629 8687
50629 61157
50629 20783
50629 39702
50629 62310
50629 199645
50629 60345
50629 16218
50629 202566
50629 39614
50629 51978
50629 57780
50629 24993
50629 15372
50629 8560
50629 29014
50629 34154
50629 8859
50629 57353
50629 35053
50629 13247
50629 60294
50629 198225
50629 15933
50629 60550
50629 203724
50629 20886
50629 51324
50629 50372
50629 12897
50629 40999
50629 209915
50629 8365
50629 59780
50629 12676
50629 200768
50629 5430
50629 196968
50629 8820
50629 20694
50629 35833
50629 48596
50629 49585
50629 43503
50629 206659
50629 48200
50629 198913
50629 62336
50629 48314
50629 15388
50629 12759
50629 43566
50629 12732
50629 21263
50629 12312
50629 48519
50629 29140
50629 6805
50629 204003
50629 199284
50629 51396
50629 13132
50629 210482
50629 15943
50629 31078
50629 35710
50629 60167
50629 48284
50629 50050
50629 13128
50629 196922
50629 58243
50629 34225
50629 61266
50629 50533
50629 57317
50629 59507
50629 205790
50629 199118
50629 51906
50629 208025
50629 15366
50629 197473
50629 39063
50629 25220
50629 33811
50629 12512
50629 216262
50629 50030
50629 201026
50629 12888
50629 35258
50629 28876
50629 211170
50629 20647
50629 34953
50629 34171
50629 203536
50629 13058
50629 12931
50629 44066
50629 209824
50629 12440
50629 198930
50629 9211
50629 13039
50629 48303
50629 8648
50629 8893
50629 31529
3278 3209
5409 3214
5409 25220
5409 29140
5409 35710
5409 64475
5409 205112
5409 206356
5409 210937
5409 213151
5430 3214
5430 25220
5430 29140
5430 35710
5430 64475
5430 199938
5430 205112
5430 206356
5430 210937
5430 213151
5430 60175
5430 62086
5539 3214
5539 25220
5539 29140
5539 35710
5539 64475
5539 205112
5539 206356
5539 210937
5539 213151
5539 8481
5539 8763
5539 204110
5539 205973
5605 3214
5605 25220
5605 29140
5605 35710
5605 64475
5605 199938
5605 205112
5605 206356
5605 210937
5605 213151
5605 34086
5605 214792
8351 3209
8351 8881
8469 3214
8469 25220
8469 29140
8469 35710
8469 64475
8469 205112
8469 206356
8469 210937
8469 213151
8495 25220
8495 57821
8495 25486
8495 42034
8495 57407
8495 57618
8495 196624
8560 3214
8560 8422
8560 12399
8560 6724
8560 6786
8560 15456
8560 47846
8560 202108
8560 202113
8560 199938
8560 8878
8560 12440
8560 12759
8560 25220
8560 31529
8560 35710
8560 39063
8560 48519
8560 61955
8560 64475
8560 198930
8560 199121
8560 203724
8560 205112
8560 205272
8560 206356
8560 210937
8560 29140
8560 213151
8648 3214
8648 25220
8648 29140
8648 35710
8648 64475
8648 199938
8648 205112
8648 206356
8648 210937
8648 213151
8648 41981
8648 45012
8648 47215
8648 200846
8648 29686
8793 25220
8793 57821
8820 3214
8820 25220
8820 205112
8820 41692
8820 15987
8820 25276
8820 43910
8820 60123
8820 60128
8859 3214
8859 25220
8859 29140
8859 199938
8859 64427
8878 3214
8878 8422
8878 12399
8878 44229
8878 199938
8878 203724
8878 12440
8878 12759
8878 25220
8878 31529
8878 35710
8878 39063
8878 48519
8878 61955
8878 64475
8878 198930
8878 199121
8878 205272
8878 206356
8878 29140
8878 205112
8878 210937
8878 213151
8879 3214
8879 25220
8879 29140
8879 35710
8879 64475
8879 205112
8879 206356
8879 210937
8879 213151
8879 12437
8879 39077
8893 3214
8893 25220
8893 29140
8893 35710
8893 64475
8893 199938
8893 205112
8893 206356
8893 210937
8893 213151
8893 39227
8893 52001
8893 208058
8893 209114
8893 210236
8893 210336
9022 3214
9022 25220
9022 29140
9022 35710
9022 64475
9022 199938
9022 205112
9022 206356
9022 210937
9022 213151
9022 203207
9067 60400
9099 12316
9188 204636
12291 12306
12306 3214
12306 25220
12306 29140
12306 35710
12306 64475
12306 199938
12306 205112
12306 206356
12306 210937
12306 213151
12306 6733
12306 15594
12306 16188
12306 16205
12306 29515
12306 30766
12306 31521
12306 39380
12306 41699
12306 44152
12306 47487
12306 57358
12306 62434
12306 200657
12306 200856
12306 204723
12306 209943
12329 25220
12329 29140
12329 35710
12329 64475
12329 199938
12329 205112
12329 206356
12329 210937
12329 213151
12329 15763
12329 16024
12329 29484
12329 31184
12329 60522
12329 197990
12329 208527
12329 48284
12360 3214
12360 25220
12360 29140
12360 35710
12360 64475
12360 205112
12360 206356
12360 210937
12360 15943
12360 29316
12360 43701
12360 201157
12360 203437
12360 203441
12360 205660
12360 207110
12360 208106
12360 210804
12399 3214
12399 8422
12399 47309
12399 209405
12399 12440
12399 12759
12399 25220
12399 29140
12399 31529
12399 35710
12399 39063
12399 48519
12399 61955
12399 64475
12399 198930
12399 199121
12399 199938
12399 203724
12399 205112
12399 205272
12399 206356
12399 210937
12440 3214
12440 8422
12440 44795
12440 199938
12440 203724
12440 206356
12440 205272
12440 213151
12440 64475
12440 12759
12440 48519
12440 29140
12440 199121
12440 15943
12440 35710
12440 39063
12440 25220
12440 61955
12440 210937
12440 31529
12440 198930
12440 205112
12460 198967
12470 3214
12470 25220
12470 29140
12470 35710
12470 64475
12470 199938
12470 205112
12470 206356
12470 210937
12470 213151
12480 3214
12480 25220
12480 29140
12480 35710
12480 64475
12480 199938
12480 205112
12480 206356
12480 210937
12480 213151
12480 15363
12480 34701
12480 39100
12480 44177
12480 51887
12480 214651
12579 8422
12579 20676
12655 12348
12676 3214
12676 25220
12676 29140
12676 35710
12676 64475
12676 199938
12676 205112
12676 206356
12676 210937
12676 213151
12676 40999
12676 197435
12676 203427
12676 203777
12731 3214
12731 12759
12731 25220
12731 29140
12731 31529
12731 35710
12731 64475
12731 199938
12731 205112
12731 206356
12731 210937
12731 213151
12731 41692
12731 12693
12731 1898
12731 5401
12731 13157
12731 21235
12731 49009
12731 50017
12731 60664
12731 206813
12731 209148
12731 20676
12731 20783
12731 12732
12731 15388
12731 20647
12731 25415
12731 29670
12731 34171
12731 35053
12731 44194
12731 50472
12731 51324
12731 59507
12731 201701
12731 204188
12748 3209
12748 25220
12748 29140
12748 64475
12748 205112
12748 206356
12748 210937
12748 213151
12759 3214
12759 8422
12759 41692
12759 20676
12759 199938
12759 57821
12759 20783
12759 29670
12759 35053
12759 203724
12759 51324
12759 206356
12759 205272
12759 64475
12759 15388
12759 12693
12759 12732
12759 20647
12759 25220
12759 25415
12759 31529
12759 34171
12759 35710
12759 39063
12759 44194
12759 48519
12759 50472
12759 59507
12759 61955
12759 198930
12759 199121
12759 201701
12759 204188
12759 29140
12759 205112
12853 3209
12888 3214
12888 25220
12888 29140
12888 35710
12888 64475
12888 199938
12888 205112
12888 206356
12888 210937
12888 213151
12897 3214
12897 25220
12897 29140
12897 35710
12897 64475
12897 199938
12897 205112
12897 206356
12897 210937
12897 213151
12897 13167
12897 15550
12897 31517
12897 35679
12897 39380
12897 62434
12897 200657
12897 201339
12897 203604
12931 3214
12931 25220
12931 29140
12931 64475
12931 199938
12931 205112
12931 206356
12931 210937
12931 213151
12931 21173
13039 3214
13039 25220
13039 29140
13039 35710
13039 64475
13039 199938
13039 205112
13039 206356
13039 210937
13039 213151
13045 3214
13045 25220
13045 29140
13045 35710
13045 64475
13045 199938
13045 205112
13045 206356
13045 210937
13045 213151
13045 5501
13045 24939
13045 203894
13045 205477
13045 205505
13045 209379
13045 210217
13054 3214
13054 25220
13054 29140
13054 35710
13054 64475
13054 199938
13054 205112
13054 206356
13054 210937
13054 213151
13054 61343
13054 200924
13058 3214
13058 25220
13058 29140
13058 35710
13058 64475
13058 205112
13058 206356
13058 210937
13058 20488
13058 34171
13132 3214
13132 25220
13132 29140
13132 35710
13132 64475
13132 199938
13132 205112
13132 206356
13132 210937
13132 213151
13247 3214
13247 29140
13247 35710
13247 64475
13247 199938
13247 205112
13247 41692
13247 25276
13247 48785
13247 51378
13247 207499
13247 212943
13282 24606
15366 3214
15366 29140
15366 35710
15366 64475
15366 199938
15366 205112
15366 206356
15366 210937
15366 213151
15366 198904
15366 200392
15372 208508
15372 215556
15451 3209
15540 8881
15590 8881
15598 3214
15598 25220
15598 29140
15598 35710
15598 64475
15598 199938
15598 205112
15598 206356
15598 210937
15598 213151
15598 20676
15598 8735
15598 24898
15598 28902
15598 34460
15598 35003
15598 42840
15598 60845
15743 3214
15743 25220
15743 29140
15743 35710
15743 64475
15743 199938
15743 205112
15743 206356
15743 210937
15743 213151
15743 25038
15743 44283
15743 205831
15817 3214
15817 25220
15817 29140
15817 35710
15817 64475
15817 199938
15817 205112
15817 206356
15817 210937
15817 213151
15844 57821
15844 41692
15894 3214
15894 25220
15894 29140
15894 35710
15894 64475
15894 199938
15894 205112
15894 206356
15894 210937
15894 213151
15894 208235
15894 200924
16001 8881
16205 3214
16205 25220
16205 29140
16205 35710
16205 64475
16205 199938
16205 205112
16205 206356
16205 210937
16205 213151
16205 29627
16205 38914
16205 206303
16205 208508
16205 209322
20647 3214
20647 8881
20647 25220
20647 29140
20647 35710
20647 64475
20647 199938
20647 205112
20647 206356
20647 210937
20647 213151
20647 41692
20647 12693
20647 12732
20647 15388
20647 31529
20647 33811
20647 34591
20647 49130
20647 50030
20647 199118
20647 199645
20647 200770
20647 208559
20647 212583
20647 20676
20647 20783
20647 29670
20647 35053
20647 51324
20647 50472
20647 204188
20647 59507
20647 44194
20647 25415
20647 34171
20647 201701
20676 3214
20676 25220
20676 29140
20676 31529
20676 35710
20676 64475
20676 199938
20676 205112
20676 206356
20676 210937
20676 213151
20676 41692
20676 12693
20676 12732
20676 15388
20676 12374
20676 16107
20676 20849
20676 31517
20676 35208
20676 47309
20676 199597
20676 201609
20676 201809
20676 203865
20676 205869
20676 206872
20676 212672
20676 216387
20676 15943
20676 20783
20676 25415
20676 29670
20676 34171
20676 35053
20676 44194
20676 50472
20676 51324
20676 59507
20676 201701
20676 204188
20686 3214
20686 25220
20686 29140
20686 35710
20686 64475
20686 199938
20686 205112
20686 206356
20686 210937
20686 213151
20686 8804
20686 44231
20686 44973
20686 56719
20686 205382
20686 205496
20773 3214
20773 25220
20773 29140
20773 35710
20773 64475
20773 199938
20773 205112
20773 206356
20773 210937
20773 213151
20773 8972
20773 21499
20773 34011
20773 44273
20773 60253
20783 3214
20783 25220
20783 29140
20783 31529
20783 35710
20783 64475
20783 199938
20783 205112
20783 206356
20783 210937
20783 213151
20783 41692
20783 12693
20783 12732
20783 15388
20783 50179
20783 25415
20783 29670
20783 34171
20783 35053
20783 44194
20783 50472
20783 51324
20783 59507
20783 201701
20783 204188
20849 3214
20849 25220
20849 29140
20849 64475
20849 205112
20849 206356
20849 210937
20849 213151
20918 8881
21161 3214
21161 8881
21161 25220
21161 29140
21161 35710
21161 64475
21161 199938
21161 205112
21161 206356
21161 210937
21161 213151
21263 3214
21263 25220
21263 29140
21263 35710
21263 64475
21263 199938
21263 205112
21263 206356
21263 210937
21263 213151
21263 24766
21263 30791
21263 33814
21263 34125
21263 41504
21263 56984
21263 202526
21263 203293
21263 205844
21263 206970
21263 212038
21263 216282
21336 3214
21336 25220
21336 29140
21336 35710
21336 64475
21336 205112
21336 206356
24637 3209
24637 8881
24637 25220
24637 29140
24637 64475
24637 199938
24637 205112
24637 206356
24637 210937
24637 213151
24637 24840
24637 24926
24637 29239
24637 29507
24637 34453
24637 43897
24637 44131
24637 47138
24637 47769
24637 50076
24637 50145
24637 50216
24637 51061
24637 56657
24637 56948
24637 59822
24637 60307
24637 60948
24637 204612
24637 204681
24637 206285
24637 210098
24637 213986
24637 214316
24657 3214
24657 8881
24657 35710
24657 64475
24657 199938
24657 15943
24679 25220
24679 29140
24679 35710
24679 64475
24679 205112
24679 206356
24679 210937
24679 213151
24679 44780
24766 33843
24833 8881
24909 3209
25039 8881
25109 3209
25220 51531
25220 58212
25220 3214
25220 8422
25220 20546
25220 8881
25220 48173
25220 48927
25220 196610
25220 197071
25220 205103
25220 31025
25220 29658
25220 201066
25220 56368
25220 12941
25220 47372
25220 12611
25220 31317
25220 34624
25220 197915
25220 20640
25220 51483
25220 51492
25220 12923
25220 206813
25220 49910
25220 35205
25220 41692
25220 203329
25220 28693
25220 25516
25220 21032
25220 12355
25220 28801
25220 203478
25220 48152
25220 44973
25220 201222
25220 199938
25220 16316
25220 49296
25220 204310
25220 15594
25220 57821
25220 33848
25220 210226
25220 47195
25220 61430
25220 43623
25220 39083
25220 12808
25220 209185
25220 48484
25220 207790
25220 47138
25220 198726
25220 205627
25220 61157
25220 209859
25220 196714
25220 15763
25220 39702
25220 29394
25220 49321
25220 60345
25220 29413
25220 8391
25220 16218
25220 213305
25220 51699
25220 212582
25220 31399
25220 28748
25220 212567
25220 51978
25220 62086
25220 208702
25220 8763
25220 29141
25220 204035
25220 209110
25220 212795
25220 29670
25220 33843
25220 29014
25220 200187
25220 199421
25220 198018
25220 57353
25220 60316
25220 35053
25220 202661
25220 200062
25220 15456
25220 42184
25220 59790
25220 60294
25220 15925
25220 35366
25220 196624
25220 15933
25220 199163
25220 204109
25220 203724
25220 34924
25220 20886
25220 60522
25220 51324
25220 42605
25220 42965
25220 34966
25220 40999
25220 209915
25220 34788
25220 39835
25220 8319
25220 49436
25220 8365
25220 29259
25220 206356
25220 61244
25220 25081
25220 12625
25220 200768
25220 206423
25220 203440
25220 12886
25220 41289
25220 196968
25220 47536
25220 213151
25220 200924
25220 20292
25220 59437
25220 206313
25220 198967
25220 31396
25220 29686
25220 51057
25220 49585
25220 59570
25220 205614
25220 28979
25220 199610
25220 9083
25220 201764
25220 48200
25220 198913
25220 64475
25220 62336
25220 48314
25220 15388
25220 51402
25220 43566
25220 12732
25220 12312
25220 48519
25220 15580
25220 29140
25220 198570
25220 6805
25220 212049
25220 204188
25220 204003
25220 215547
25220 59675
25220 199284
25220 212415
25220 203347
25220 214554
25220 16024
25220 206141
25220 25279
25220 12857
25220 43341
25220 205881
25220 39378
25220 15943
25220 203123
25220 31572
25220 35710
25220 58323
25220 48284
25220 29505
25220 196922
25220 201213
25220 50061
25220 62023
25220 58243
25220 208016
25220 34225
25220 60664
25220 61266
25220 20677
25220 50533
25220 43407
25220 59507
25220 197063
25220 49009
25220 57407
25220 60979
25220 20633
25220 200275
25220 51906
25220 58010
25220 39090
25220 39063
25220 2857
25220 8804
25220 8823
25220 8899
25220 9211
25220 12693
25220 12817
25220 13289
25220 20792
25220 20810
25220 21476
25220 31103
25220 34895
25220 51058
25220 196954
25220 203536
25220 205741
25220 211671
25220 25415
25220 25560
25220 28676
25220 28701
25220 28876
25220 29404
25220 29624
25220 30766
25220 31529
25220 34086
25220 34171
25220 34953
25220 35258
25220 41998
25220 44066
25220 44974
25220 47447
25220 48303
25220 57154
25220 57433
25220 57537
25220 60150
25220 61955
25220 62365
25220 197524
25220 197637
25220 197965
25220 198930
25220 200735
25220 201701
25220 202046
25220 202707
25220 203924
25220 204881
25220 204989
25220 205112
25220 205530
25220 205543
25220 205769
25220 206775
25220 208059
25220 208985
25220 209400
25220 210333
25220 210937
25220 211319
25220 212794
25220 215563
25220 29551
25279 3214
25279 29140
25279 35710
25279 64475
25279 205112
25279 206356
25279 210937
25279 213151
25560 3214
25560 29140
25560 35710
25560 64475
25560 199938
25560 205112
25560 206356
25560 210937
25560 213151
25560 50068
25560 61967
28676 3214
28676 29140
28676 35710
28676 64475
28676 205112
28676 206356
28676 210937
28676 213151
28676 20792
28676 29515
28676 31550
28676 200275
28676 206149
28693 3214
28693 29140
28693 35710
28693 64475
28693 199938
28693 205112
28693 206356
28693 210937
28693 213151
28748 3214
28748 29140
28748 35710
28748 64475
28748 199938
28748 205112
28748 206356
28748 210937
28748 213151
28748 203761
28876 3214
28876 29140
28876 35710
28876 64475
28876 199938
28876 205112
28876 206356
28876 210937
28876 213151
28876 24978
28876 29008
28876 44545
28876 44974
28876 50064
28876 50642
28876 198570
28876 200062
28979 3214
28979 29140
28979 64475
28979 199938
28979 205112
28979 206356
28979 210937
28979 213151
29014 3214
29014 29140
29014 35710
29014 64475
29014 199938
29014 205112
29014 206356
29014 210937
29014 213151
29014 8687
29014 203017
29014 208843
29014 210336
29014 211547
29014 212440
29014 213319
29014 213641
29105 8881
29141 29140
29141 199938
29145 8881
29224 3209
29259 3214
29259 29140
29259 35710
29259 205112
29373 24590
29404 3214
29404 29140
29404 35710
29404 64475
29404 199938
29404 205112
29404 206356
29404 210937
29404 57821
29404 13115
29404 209216
29494 3209
29551 31025
29551 57821
29551 24603
29551 24632
29551 29471
29551 34396
29551 34624
29551 35042
29551 35062
29551 35684
29551 41399
29551 44207
29551 48344
29551 51795
29551 57089
29551 62354
29551 64475
29551 202701
29551 210711
29551 214628
29670 3214
29670 29140
29670 31529
29670 35710
29670 64475
29670 199938
29670 205112
29670 41692
29670 12693
29670 12732
29670 15388
29670 25415
29670 21158
29670 47496
29670 48387
29670 59645
29670 60729
29670 60802
29670 200490
29670 208135
29670 212520
29670 213641
29670 34171
29670 35053
29670 44194
29670 50472
29670 51324
29670 59507
29670 201701
29670 204188
29686 3214
29686 29140
29686 35710
29686 64475
29686 199938
29686 205112
29686 206356
29686 210937
29686 213151
29686 206293
29686 211600
29686 214197
30787 8319
30825 8881
30915 41998
30962 41692
30962 34568
30962 41108
30962 44335
30962 196922
31352 8881
31399 3214
31399 29140
31399 35710
31399 64475
31399 199938
31399 205112
31399 206356
31399 210937
31399 213151
31399 8375
31572 57821
31572 209824
31722 8319
33843 3214
33843 29140
33843 35710
33843 64475
33843 199938
33843 205112
33843 206356
33843 210937
33843 213151
33843 12374
33843 12502
33843 198818
33843 203546
33843 206394
33933 35548
33984 8422
33984 212871
34086 3214
34086 29140
34086 35710
34086 64475
34086 205112
34086 206356
34086 210937
34086 213151
34372 3209
34372 8881
34372 9182
34372 50800
34372 203724
34439 3209
34624 3214
34624 29140
34624 35710
34624 64475
34624 205112
34624 206356
34624 210937
34624 213151
34624 215547
34788 3214
34788 29140
34788 35710
34788 64475
34788 199938
34788 205112
34788 206356
34788 210937
34788 213151
34953 3214
34953 29140
34953 35710
34953 64475
34953 199938
34953 205112
34953 206356
34953 210937
34953 213151
34953 6833
34953 24590
34953 28731
34953 42035
34953 44156
34953 48823
34953 60393
34953 197435
34953 205037
34953 209056
34953 209740
34953 212472
34953 215641
34966 3209
34966 3214
34966 29140
34966 35710
34966 64475
34966 205112
34966 206356
34966 210937
34966 213151
34966 57821
34966 41692
35170 199938
35227 16024
35548 8365
35548 29018
35548 44700
35548 58211
35548 198018
35548 209915
35710 3209
35710 51531
35710 58212
35710 3214
35710 8422
35710 20546
35710 8881
35710 48173
35710 48927
35710 196610
35710 197071
35710 205103
35710 44486
35710 29140
35710 31529
35710 56368
35710 12941
35710 47372
35710 12611
35710 31317
35710 197915
35710 209114
35710 20640
35710 51483
35710 51492
35710 12923
35710 206813
35710 49910
35710 35205
35710 41692
35710 203329
35710 25516
35710 21032
35710 12355
35710 28801
35710 48152
35710 44973
35710 199938
35710 15594
35710 33848
35710 210226
35710 47195
35710 3331
35710 12808
35710 48484
35710 207790
35710 198726
35710 8687
35710 205627
35710 61157
35710 196714
35710 15763
35710 39702
35710 49321
35710 60345
35710 29413
35710 8391
35710 213305
35710 212582
35710 51978
35710 8763
35710 204035
35710 209110
35710 201709
35710 50469
35710 200187
35710 199421
35710 57353
35710 13157
35710 202661
35710 200062
35710 42184
35710 15925
35710 15933
35710 199163
35710 204109
35710 203724
35710 34924
35710 20886
35710 43140
35710 51324
35710 42605
35710 42965
35710 39835
35710 8319
35710 8365
35710 206356
35710 61244
35710 12625
35710 200768
35710 203440
35710 24640
35710 12886
35710 196968
35710 214292
35710 213151
35710 200924
35710 20292
35710 59437
35710 20694
35710 198967
35710 51057
35710 49585
35710 205614
35710 199610
35710 9083
35710 64475
35710 62336
35710 48314
35710 15388
35710 51402
35710 43566
35710 12732
35710 12312
35710 6805
35710 204188
35710 215547
35710 59675
35710 199284
35710 214554
35710 206141
35710 12857
35710 43341
35710 39378
35710 15943
35710 200462
35710 8804
35710 8899
35710 9211
35710 20633
35710 20677
35710 20810
35710 21476
35710 25415
35710 28701
35710 29505
35710 29624
35710 30766
35710 31103
35710 34895
35710 35258
35710 196954
35710 39063
35710 39090
35710 41998
35710 43407
35710 44066
35710 48303
35710 49009
35710 50061
35710 50533
35710 57537
35710 58010
35710 58243
35710 58323
35710 59507
35710 60150
35710 60664
35710 60979
35710 61266
35710 61955
35710 62023
35710 62365
35710 196922
35710 197063
35710 197473
35710 197524
35710 197637
35710 197965
35710 198930
35710 200735
35710 201213
35710 201701
35710 202046
35710 202707
35710 203536
35710 204881
35710 205112
35710 205530
35710 205543
35710 205741
35710 205769
35710 208016
35710 209400
35710 210333
35710 210937
35710 211319
35710 212794
35710 48200
39063 3214
39063 8422
39063 29140
39063 31529
39063 29108
39063 199938
39063 203724
39063 206356
39063 205272
39063 213151
39063 48200
39063 64475
39063 48519
39063 199121
39063 15943
39063 61955
39063 198930
39063 205112
39063 210937
39218 8881
39373 3209
39892 200797
40976 8881
41289 29140
41289 64475
41289 205112
41289 206356
41289 210937
41307 3209
41307 12611
41307 31671
41307 208013
41307 208819
41698 8881
41955 207592
41998 3214
41998 29140
41998 64475
41998 199938
41998 205112
41998 206356
41998 210937
41998 213151
41998 15698
41998 31007
41998 39913
41998 41700
41998 47297
41998 51417
41998 199963
41998 200638
41998 201734
41998 202462
41998 203085
41998 203829
41998 203865
41998 206374
41998 207253
41998 207572
41998 209081
41998 209467
41998 210585
41998 212403
41998 214289
42184 3214
42184 29140
42184 64475
42184 199938
42184 205112
42184 206356
42184 210937
42184 213151
42184 8454
42184 43397
42184 48352
42184 49552
42184 196731
42184 196932
42184 197759
42184 202208
42184 204702
42184 204989
42184 210035
42184 215756
42312 12680
42605 3214
42605 29140
42605 64475
42605 199938
42605 205112
42605 206356
42605 210937
42605 213151
42605 206149
43155 198967
43407 3214
43407 8881
43407 29140
43407 64475
43407 199938
43407 205112
43407 206356
43407 210937
43407 213151
43455 15763
43566 3214
43566 29140
43566 64475
43566 199938
43566 205112
43566 206356
43566 210937
43566 213151
43623 3209
43623 8881
43623 29140
43623 64475
43623 199938
43623 205112
43623 206356
43623 210937
43623 213151
43623 8303
43623 21382
43623 31518
43623 41969
43623 200777
43623 204146
43623 204155
44018 50533
44018 8319
44066 3214
44066 29140
44066 64475
44066 199938
44066 205112
44066 206356
44066 210937
44066 213151
44066 31400
44066 50198
44066 200249
44066 204119
44066 205948
44066 207298
44066 209169
44066 212302
44066 213726
44066 214895
44066 215741
44156 8422
44215 8422
44404 8881
44819 60294
44949 64475
47195 3214
47195 29140
47195 64475
47195 199938
47195 205112
47195 206356
47195 210937
47195 213151
47261 3209
47274 8881
47295 3209
47347 41692
47372 3214
47372 29140
47372 64475
47372 199938
47372 205112
47372 206356
47372 210937
47372 213151
47372 208444
47447 3214
47447 39378
47447 49603
47447 60991
47447 197160
47447 216331
48200 3214
48200 29140
48200 64475
48200 199938
48200 205112
48200 206356
48200 210937
48200 213151
48200 12355
48200 3331
48200 20755
48200 29423
48200 200548
48200 204053
48200 8365
48314 30823
48314 3214
48314 29140
48314 64475
48314 199938
48314 205112
48314 206356
48314 210937
48314 213151
48314 42008
48314 60150
48314 200303
48314 202592
48314 213589
48314 214895
48314 215389
48314 215998
48314 216188
48777 206356
48778 8881
48918 3214
48918 12665
48918 13233
48918 20855
48918 25058
48918 34172
48918 35242
48918 43722
48918 50533
48918 51215
48918 56863
48918 59745
48918 61183
48918 200465
48918 205612
48918 205854
48918 208163
48918 209110
48918 209257
48918 212246
48951 20570
49161 15763
49294 8881
49473 15943
49885 15725
50061 3214
50061 29140
50061 64475
50061 199938
50061 205112
50061 206356
50061 210937
50061 213151
50469 3214
50469 29140
50469 64475
50469 205112
50469 206356
50469 210937
50469 59921
50469 208968
50472 29140
50472 31529
50472 41692
50472 12693
50472 12732
50472 15388
50472 25415
50472 34171
50472 35053
50472 44194
50472 13020
50472 39788
50472 51324
50472 59507
50472 201701
50472 204188
50533 3214
50533 29140
50533 64475
50533 199938
50533 205112
50533 206356
50533 210937
50533 213151
50533 16148
50533 33808
50533 205321
50533 205427
50533 209724
50824 3209
50964 8881
51733 8422
57437 8881
57684 20902
57684 35388
57780 8881
58010 3214
58010 29140
58010 64475
58010 199938
58010 205112
58010 206356
58010 210937
58010 213151
58149 15763
58265 3209
58346 3209
59775 3209
59775 12502
59971 62336
60063 8422
60175 8881
60264 8881
60979 3214
60979 29140
60979 64475
60979 199938
60979 205112
60979 206356
60979 210937
60979 213151
61157 3214
61157 29140
61157 64475
61157 199938
61157 205112
61157 206356
61157 210937
61157 213151
61157 5521
61157 6659
61157 20621
61157 25074
61157 44225
61157 47717
61157 215992
61343 8881
62270 8881
62336 3214
62336 29140
62336 64475
62336 199938
62336 205112
62336 206356
62336 210937
62336 213151
64475 51531
64475 58212
64475 212895
64475 3214
64475 8422
64475 20546
64475 8881
64475 48173
64475 48927
64475 196610
64475 197071
64475 205103
64475 29140
64475 31529
64475 61955
64475 56368
64475 12941
64475 12611
64475 31317
64475 197915
64475 209114
64475 20640
64475 51483
64475 51492
64475 12923
64475 206813
64475 50324
64475 49910
64475 209148
64475 35205
64475 41692
64475 203329
64475 25516
64475 21032
64475 12355
64475 28801
64475 48152
64475 44973
64475 199938
64475 16316
64475 57821
64475 33848
64475 210226
64475 3331
64475 12808
64475 48484
64475 199471
64475 207790
64475 47138
64475 198726
64475 8687
64475 205627
64475 209859
64475 59645
64475 196714
64475 15763
64475 39702
64475 208814
64475 49321
64475 60345
64475 29413
64475 8391
64475 16218
64475 213305
64475 209707
64475 212567
64475 51978
64475 8763
64475 62269
64475 204035
64475 209110
64475 201709
64475 212795
64475 200187
64475 199421
64475 48821
64475 198018
64475 57353
64475 13157
64475 202661
64475 200062
64475 15456
64475 198225
64475 15925
64475 15933
64475 199163
64475 204109
64475 198016
64475 203724
64475 34924
64475 20886
64475 215792
64475 60522
64475 51324
64475 42965
64475 39835
64475 8319
64475 49436
64475 61244
64475 25081
64475 52112
64475 12625
64475 200768
64475 203440
64475 24640
64475 12886
64475 196968
64475 213151
64475 200924
64475 20292
64475 20791
64475 59437
64475 20694
64475 206313
64475 48596
64475 213392
64475 198967
64475 51057
64475 49585
64475 59570
64475 205614
64475 199610
64475 9083
64475 12571
64475 201764
64475 2857
64475 6805
64475 8804
64475 8823
64475 8899
64475 12312
64475 12693
64475 12732
64475 12857
64475 15388
64475 15943
64475 16024
64475 20633
64475 20677
64475 20792
64475 20810
64475 21476
64475 25415
64475 28701
64475 29505
64475 29624
64475 30766
64475 34936
64475 35258
64475 39378
64475 43341
64475 44974
64475 47526
64475 48303
64475 49009
64475 50050
64475 51402
64475 56381
64475 58243
64475 58323
64475 59507
64475 59675
64475 60150
64475 60664
64475 62365
64475 9211
64475 31103
64475 34895
64475 39090
64475 57537
64475 60167
64475 62023
64475 196954
64475 198570
64475 200373
64475 203347
64475 203536
64475 205543
64475 205741
64475 206775
64475 215547
64475 196922
64475 197063
64475 197473
64475 197524
64475 197637
64475 197965
64475 198930
64475 199284
64475 200249
64475 200735
64475 201213
64475 201701
64475 202046
64475 202707
64475 204911
64475 205112
64475 205530
64475 205769
64475 205881
64475 206141
64475 208016
64475 208059
64475 209400
64475 210333
64475 210937
64475 211083
64475 211286
64475 211319
64475 212794
64475 215444
197365 8881
197491 39702
197915 3214
197915 29140
197915 199938
197915 205112
197915 206356
197915 210937
197915 213151
198018 29140
198018 205112
198018 206356
198018 210937
198018 213151
198311 3209
198333 34191
198333 203215
198893 31317
198913 3214
198913 205112
199163 3214
199163 29140
199163 199938
199163 205112
199163 206356
199163 210937
199163 213151
199163 57821
199163 34191
199421 3214
199421 29140
199421 199938
199421 205112
199421 206356
199421 210937
199421 213151
199610 3214
199610 29140
199610 199938
199610 205112
199610 206356
199610 210937
199610 213151
199876 8881
200086 51324
200275 57821
200374 3209
200423 196714
200567 8881
200567 15943
200978 15943
201213 3209
201213 3214
201213 29140
201213 205112
201213 206356
201213 210937
201213 213151
201213 208676
201222 197071
201222 57821
201299 3209
201530 3209
201545 12693
201609 199938
201685 8422
201701 3214
201701 8881
201701 29140
201701 31529
201701 199938
201701 205112
201701 210937
201701 213151
201701 41692
201701 12693
201701 12732
201701 15388
201701 25415
201701 34171
201701 35053
201701 44194
201701 51324
201701 59507
201701 49009
201701 207871
201701 213097
201701 204188
202186 8881
202217 48284
202810 198570
203132 12502
203329 3214
203329 29140
203329 199938
203329 205112
203329 206356
203329 210937
203329 213151
203329 50246
203329 62075
203329 208025
203329 213314
203621 8422
203759 44076
203759 211768
203889 8881
204028 3209
204052 8881
204052 15725
204065 49855
204065 198967
204138 198726
205249 3209
205542 60294
205614 3214
205614 29140
205614 199938
205614 205112
205614 206356
205614 210937
205614 213151
205769 3214
205769 29140
205769 199938
205769 205112
205769 206356
205769 210937
205769 213151
205769 212148
205807 8881
205881 3214
205881 29140
205881 205112
205881 206356
205881 210937
205881 213151
206141 3214
206141 29140
206141 199938
206141 205112
206141 206356
206141 210937
206141 213151
206211 8422
206356 51531
206356 58212
206356 3214
206356 8422
206356 20546
206356 8881
206356 48173
206356 48927
206356 196610
206356 197071
206356 205103
206356 29140
206356 31529
206356 198930
206356 199938
206356 203724
206356 205112
206356 56368
206356 12941
206356 12611
206356 31317
206356 20640
206356 51483
206356 51492
206356 49910
206356 35205
206356 41692
206356 25516
206356 21032
206356 28801
206356 48152
206356 44973
206356 16316
206356 15594
206356 33848
206356 210226
206356 12808
206356 48484
206356 47138
206356 198726
206356 205627
206356 196714
206356 15763
206356 39702
206356 49321
206356 60345
206356 8391
206356 213305
206356 212582
206356 51978
206356 8763
206356 204035
206356 209110
206356 212795
206356 200187
206356 57353
206356 202661
206356 200062
206356 15456
206356 15925
206356 15933
206356 204109
206356 20886
206356 51324
206356 42965
206356 39835
206356 8319
206356 2857
206356 8804
206356 8823
206356 8899
206356 12312
206356 12625
206356 12693
206356 12732
206356 12857
206356 12886
206356 15943
206356 16024
206356 20292
206356 20633
206356 20677
206356 20792
206356 20810
206356 21476
206356 25081
206356 25415
206356 28701
206356 29505
206356 29624
206356 30766
206356 35258
206356 39090
206356 39378
206356 43341
206356 44194
206356 44974
206356 48303
206356 51402
206356 57537
206356 58243
206356 58323
206356 59437
206356 59507
206356 59675
206356 60150
206356 60664
206356 61244
206356 61266
206356 62365
206356 196922
206356 196968
206356 197063
206356 197524
206356 197637
206356 197965
206356 198967
206356 199284
206356 200735
206356 200768
206356 200924
206356 201764
206356 202046
206356 202707
206356 203347
206356 203440
206356 204881
206356 205530
206356 205543
206356 9083
206356 9211
206356 31103
206356 51057
206356 62023
206356 196954
206356 198570
206356 203536
206356 205741
206356 206775
206356 208016
206356 209400
206356 209894
206356 210333
206356 210937
206356 212794
206356 212989
206356 213151
206356 214554
206356 215547
206549 8881
206775 3214
206775 29140
206775 205112
206775 210937
206775 213151
206813 29140
206813 205112
206813 213151
206813 49745
206813 9211
207486 198967
207499 41692
207535 41110
207535 12886
207597 8881
207707 3209
207741 3209
207741 8881
207946 203593
208015 8881
208015 208016
208016 3214
208016 8881
208016 29140
208016 199938
208016 205112
208016 210937
208016 213151
208571 8881
208653 6805
208868 12312
208929 196714
209216 210537
209216 34154
209623 3209
209729 12693
209740 8422
209744 8881
209830 8881
210044 6805
210437 15763
210521 12941
210967 8881
211075 208484
211255 39702
211286 59645
212341 3209
212341 8881
212341 198930
212567 3214
212567 29140
212567 205112
212567 210937
212567 213151
212989 29008
213062 8881
213141 3209
3209 8569
3209 9135
3209 12557
3209 12657
3209 12693
3209 15415
3209 15434
3209 15726
3209 15933
3209 16024
3209 16316
3209 21080
3209 21207
3209 24861
3209 25081
3209 25102
3209 25115
3209 25419
3209 29239
3209 29316
3209 31285
3209 31334
3209 33806
3209 34127
3209 34156
3209 38988
3209 39077
3209 39151
3209 39170
3209 39702
3209 39913
3209 43980
3209 44499
3209 44974
3209 49523
3209 49739
3209 50034
3209 51379
3209 51402
3209 58234
3209 196731
3209 197269
3209 197874
3209 198570
3209 199725
3209 199963
3209 200377
3209 201318
3209 201438
3209 201698
3209 201878
3209 203420
3209 203593
3209 203865
3209 204445
3209 205033
3209 205660
3209 205854
3209 205887
3209 205890
3209 206063
3209 206374
3209 206761
3209 208372
3209 208463
3209 210849
3209 211727
3209 213251
3209 3214
3209 8881
3209 15943
3209 205112
51531 196610
51531 205530
51531 3214
51531 199938
51531 29140
51531 205112
58212 47263
58212 51202
58212 200461
58212 207695
58212 211671
58212 215607
58212 3214
58212 199938
58212 213151
58212 29140
58212 210937
58212 205112
8365 3214
8365 29140
8365 199938
8365 205112
8365 2857
8365 12643
8365 28714
8365 50595
8365 201339
8365 209499
8365 212795
44700 9135
44700 44180
44700 60789
44700 207686
29624 3214
29624 29140
29624 205112
29624 210937
29624 213151
29624 13289
31529 3214
31529 8422
31529 29140
31529 208366
31529 41692
31529 199938
31529 57821
31529 35053
31529 203724
31529 51324
31529 205272
31529 15388
31529 12732
31529 48519
31529 204188
31529 199121
31529 59507
31529 44194
31529 61955
31529 210937
31529 34171
31529 205112
31529 25415
31529 198930
31529 12693
31529 8763
2857 29140
2857 205112
2857 210937
2857 199578
34878 58069
34878 213068
204310 57821
204680 202329
204680 202539
204680 208854
204680 208974
8422 3214
8422 12581
8422 24861
8422 34015
8422 34457
8422 34564
8422 48290
8422 48572
8422 48823
8422 60209
8422 60997
8422 197509
8422 197777
8422 200777
8422 202577
8422 205037
8422 206872
8422 208228
8422 209056
8422 212472
8422 215431
8422 199938
8422 203724
8422 205272
8422 213151
8422 48519
8422 29140
8422 199121
8422 61955
8422 210937
8422 205112
8422 198930
20546 3214
20546 199938
20546 213151
20546 29140
20546 210937
20546 205112
196610 3214
196610 48927
196610 41731
196610 60767
196610 199938
196610 213151
196610 29140
196610 210937
196610 205112
197071 30823
197071 3214
197071 8649
197071 59752
197071 197477
197071 197641
197071 205388
197071 208183
197071 212586
197071 214556
197071 215563
197071 199938
197071 213151
197071 29140
197071 210937
197071 205112
3214 207252
3214 210937
3214 211083
3214 214915
3214 8881
3214 48927
3214 48173
3214 205103
3214 56368
3214 12941
3214 12611
3214 31317
3214 209114
3214 20640
3214 51483
3214 51492
3214 12923
3214 49910
3214 35205
3214 41692
3214 25516
3214 21032
3214 12355
3214 28801
3214 48152
3214 44973
3214 199938
3214 15594
3214 33848
3214 210226
3214 3331
3214 39083
3214 12808
3214 48484
3214 207790
3214 198726
3214 8687
3214 205627
3214 196714
3214 208976
3214 15763
3214 39702
3214 49321
3214 60345
3214 29413
3214 8391
3214 213305
3214 209707
3214 212582
3214 214556
3214 51978
3214 208702
3214 204035
3214 200187
3214 57353
3214 13157
3214 35053
3214 202661
3214 200062
3214 15456
3214 197477
3214 60294
3214 15925
3214 15933
3214 60550
3214 204109
3214 198016
3214 203724
3214 34924
3214 20886
3214 43140
3214 51324
3214 42965
3214 40999
3214 39835
3214 8319
3214 49436
3214 207921
3214 205272
3214 61244
3214 52112
3214 12625
3214 200768
3214 203440
3214 24640
3214 12886
3214 196968
3214 213151
3214 200924
3214 20292
3214 199918
3214 20791
3214 59437
3214 20694
3214 206313
3214 198967
3214 31396
3214 51057
3214 49585
3214 205094
3214 206659
3214 9083
3214 12571
3214 201764
3214 15388
3214 51402
3214 12732
3214 12312
3214 48519
3214 29140
3214 212049
3214 204188
3214 204003
3214 215547
3214 59675
3214 199284
3214 212415
3214 203347
3214 214554
3214 16024
3214 199121
3214 12857
3214 43341
3214 39378
3214 15943
3214 200462
3214 58323
3214 29505
3214 196922
3214 62023
3214 58243
3214 60664
3214 61266
3214 20677
3214 59507
3214 20633
3214 34936
3214 39090
3214 197473
3214 203924
3214 30766
3214 205530
3214 12817
3214 196954
3214 20792
3214 209400
3214 61955
3214 35258
3214 197637
3214 197965
3214 212794
3214 197524
3214 210333
3214 62365
3214 34171
3214 8804
3214 20810
3214 215563
3214 34895
3214 204989
3214 205543
3214 8823
3214 205112
3214 57537
3214 25415
3214 198930
3214 8899
3214 31103
3214 9211
3214 48303
3214 13289
3214 21476
3214 28701
3214 216333
3214 47526
3214 202046
3214 200735
3214 205741
3214 204881
8881 5517
8881 8391
8881 8590
8881 8638
8881 8794
8881 12313
8881 12422
8881 12610
8881 12665
8881 13246
8881 15465
8881 15698
8881 15717
8881 15725
8881 16108
8881 20633
8881 20775
8881 21150
8881 21173
8881 21458
8881 21476
8881 24868
8881 25081
8881 25411
8881 29178
8881 29627
8881 31259
8881 31371
8881 33806
8881 33824
8881 33846
8881 34156
8881 34982
8881 35062
8881 35721
8881 38988
8881 41213
8881 41365
8881 41585
8881 42063
8881 42197
8881 42215
8881 42777
8881 43243
8881 43354
8881 43857
8881 44510
8881 48139
8881 49321
8881 49639
8881 49696
8881 50030
8881 50064
8881 50216
8881 50324
8881 50943
8881 50965
8881 51215
8881 52088
8881 56737
8881 56801
8881 56919
8881 57224
8881 59675
8881 59845
8881 60209
8881 60305
8881 60344
8881 60481
8881 60774
8881 196870
8881 197008
8881 197269
8881 198807
8881 200392
8881 200638
8881 200667
8881 200715
8881 200768
8881 200846
8881 201014
8881 201026
8881 201709
8881 201886
8881 202730
8881 203420
8881 203593
8881 203947
8881 204195
8881 204702
8881 204704
8881 204977
8881 205571
8881 206437
8881 207248
8881 207584
8881 207776
8881 208236
8881 208545
8881 208614
8881 209282
8881 209322
8881 210098
8881 210336
8881 210585
8881 210653
8881 211095
8881 212403
8881 212412
8881 212587
8881 213118
8881 213335
8881 214093
8881 214568
8881 215518
8881 215787
8881 215986
8881 3331
8881 15763
8881 15933
8881 213151
8881 12312
8881 29140
8881 15943
8881 58243
8881 210937
8881 205112
44486 204653
44486 207048
44486 207252
44486 209824
44486 29140
44486 15943
48173 31078
48173 43503
48173 48145
48173 48596
48173 62193
48173 199938
48173 213151
48173 29140
48173 210937
48173 205112
48927 212895
48927 199938
48927 29140
48927 205112
205103 213151
205103 29140
205103 210937
205103 205112
56368 29140
56368 205112
56368 210937
56368 213151
56368 15945
12941 29140
12941 199938
12941 205112
12941 210937
12941 213151
12941 29510
12941 60400
12941 196968
12941 197063
12941 202707
12941 203536
12611 29140
12611 199938
12611 205112
12611 210937
12611 213151
12611 13012
12611 20902
12611 25504
12611 204796
12611 205033
12611 214014
12611 60169
31317 29140
31317 199938
31317 205112
31317 210937
31317 213151
31317 198444
20640 29140
20640 205112
20640 44227
51483 29140
51483 199938
51483 205112
51483 210937
51483 213151
51492 29140
51492 205112
12923 29140
12923 199938
12923 205112
12923 9211
49910 29140
49910 205112
49910 210937
49910 213151
35205 29140
35205 199938
35205 205112
35205 210937
35205 213151
35205 58243
41692 29140
41692 199938
41692 205112
41692 210937
41692 213151
41692 34225
41692 49609
41692 209824
41692 12693
41692 12732
41692 15388
41692 25415
41692 34171
41692 35053
41692 44194
41692 51324
41692 59507
41692 204188
25516 29140
25516 199938
25516 205112
25516 210937
25516 213151
25516 12732
21032 29140
21032 205112
21032 210937
21032 213151
21032 61028
21032 209620
12355 29140
12355 199938
12355 205112
12355 210937
12355 213151
28801 29140
28801 199938
28801 205112
28801 210937
28801 213151
48152 29140
48152 199938
48152 205112
48152 210937
48152 213151
48152 212412
44973 29140
44973 199938
44973 205112
44973 210937
44973 213151
44973 59474
199938 29140
199938 48519
199938 61955
199938 198930
199938 49009
199938 201709
199938 203536
199938 50017
199938 209114
199938 209148
199938 13135
199938 3331
199938 6805
199938 8319
199938 8391
199938 8687
199938 8763
199938 8804
199938 8899
199938 12312
199938 12571
199938 12625
199938 12693
199938 12732
199938 12808
199938 12857
199938 13157
199938 13289
199938 15388
199938 15456
199938 15763
199938 15933
199938 16024
199938 16316
199938 20292
199938 20633
199938 20694
199938 20792
199938 20810
199938 21476
199938 24640
199938 25415
199938 28701
199938 29505
199938 30766
199938 33848
199938 34924
199938 34936
199938 35053
199938 35258
199938 39090
199938 39378
199938 39702
199938 39835
199938 40999
199938 42965
199938 43140
199938 43341
199938 44974
199938 47138
199938 48284
199938 48303
199938 48484
199938 48821
199938 49321
199938 49436
199938 49585
199938 51324
199938 51978
199938 52112
199938 57154
199938 57353
199938 57537
199938 58243
199938 58323
199938 59437
199938 59507
199938 59645
199938 59675
199938 60294
199938 60345
199938 60522
199938 61244
199938 61266
199938 62269
199938 62365
199938 196714
199938 196922
199938 196968
199938 197473
199938 197524
199938 197637
199938 198196
199938 198726
199938 198967
199938 199284
199938 9211
199938 20886
199938 31103
199938 51057
199938 62023
199938 196954
199938 198570
199938 206313
199938 207790
199938 215792
199938 200062
199938 200187
199938 200462
199938 200735
199938 200768
199938 200924
199938 201059
199938 202046
199938 203724
199938 204035
199938 204109
199938 204188
199938 204881
199938 205112
199938 205530
199938 205543
199938 205627
199938 208059
199938 209110
199938 210226
199938 210937
199938 211083
199938 212582
199938 212795
199938 213151
199938 15943
16316 29140
16316 205112
16316 210937
16316 213151
16316 33896
16316 205931
15594 29140
15594 205112
15594 210937
15594 213151
33848 29140
33848 205112
33848 210937
33848 213151
210226 29140
210226 205112
210226 210937
12808 29140
12808 205112
12808 210937
12808 213151
48484 29140
48484 205112
48484 210937
48484 213151
48484 58129
207790 29140
207790 205112
207790 210937
207790 213151
207790 208342
207790 211645
47138 29140
47138 205112
47138 210937
47138 213151
47138 57821
47138 203440
198726 29140
198726 205112
198726 210937
198726 213151
198726 41086
198726 41163
198726 204672
198726 205869
198726 211800
198726 212672
198726 214459
205627 29140
205627 205112
205627 210937
205627 213151
209846 197637
209846 12502
209846 39257
196714 29140
196714 205112
196714 210937
196714 213151
196714 15725
196714 16277
196714 43847
196714 50696
196714 199284
196714 204195
15763 29140
15763 205112
15763 210937
15763 213151
15763 8391
15763 8561
15763 15486
15763 16024
15763 34722
15763 41585
15763 42691
15763 56919
15763 200931
15763 206341
39702 29140
39702 205112
39702 210937
39702 213151
39702 25419
39702 41431
39702 48132
39702 52012
39702 57607
39702 202698
39702 207404
49321 29140
49321 205112
49321 210937
49321 213151
60345 29140
60345 205112
60345 210937
60345 213151
29413 29140
29413 205112
29413 210937
29413 213151
29413 49696
29413 60169
8391 29140
8391 205112
8391 210937
8391 213151
8391 8561
8391 50611
16218 29140
16218 205112
213305 29140
213305 205112
213305 210937
213305 213151
212582 29140
212582 205112
212582 210937
212582 213151
51978 29140
51978 205112
51978 210937
51978 213151
8763 29140
8763 205112
8763 210937
8763 213151
204035 29140
204035 205112
204035 210937
204035 213151
204035 197890
209110 29140
209110 205112
209110 210937
209110 213151
212795 29140
212795 205112
212795 210937
212795 213151
200187 29140
200187 205112
200187 210937
200187 213151
34154 29140
34154 61430
34154 203175
57353 29140
57353 205112
57353 210937
57353 202046
202661 29140
202661 205112
202661 210937
202661 213151
200062 29140
200062 205112
200062 210937
200062 213151
15456 29140
15456 205112
15456 210937
15456 213151
15456 56813
15925 29140
15925 205112
15933 29140
15933 205112
15933 210937
15933 213151
15933 20902
204109 29140
204109 205112
204109 210937
204109 213151
203724 29140
203724 48519
203724 61955
203724 198930
203724 199121
203724 205272
203724 205112
203724 210937
203724 213151
20886 29140
20886 205112
20886 57821
60522 29140
60522 205112
60522 210937
60522 213151
51324 29140
51324 205112
51324 210937
51324 213151
51324 12693
51324 12732
51324 15388
51324 25415
51324 34171
51324 35053
51324 44194
51324 59507
51324 204188
12502 43910
12502 49499
12502 206394
42965 29140
42965 205112
42965 210937
42965 213151
39835 29140
39835 205112
39835 210937
39835 213151
39835 205376
8319 29140
8319 205112
8319 210937
8319 213151
8319 47432
49436 29140
49436 205112
49436 210937
49436 213151
49436 41451
49436 50873
61244 29140
61244 205112
61244 210937
61244 213151
25081 29140
25081 205112
25081 210937
25081 213151
25081 6805
25081 25245
25081 42698
12625 29140
12625 205112
12625 210937
12625 213151
200768 29140
200768 205112
200768 210937
200768 213151
203440 29140
203440 205112
203440 210937
203440 213151
203440 43140
12886 29140
12886 205112
12886 210937
12886 213151
12886 208527
25538 48284
196968 29140
196968 205112
196968 213151
213151 29140
213151 61955
213151 198930
213151 205112
213151 210937
213151 203478
213151 57821
213151 39083
213151 209859
213151 208976
213151 51699
213151 208236
213151 214556
213151 208702
213151 205848
213151 197477
213151 34924
213151 207921
213151 52112
213151 214292
213151 47536
213151 8823
213151 12312
213151 12732
213151 12817
213151 15943
213151 16024
213151 20677
213151 20792
213151 21476
213151 25415
213151 28701
213151 29505
213151 30766
213151 35258
213151 48303
213151 51202
213151 51402
213151 59675
213151 61266
213151 62365
213151 196922
213151 197063
213151 197524
213151 199918
213151 200462
213151 200735
213151 201764
213151 202046
213151 202707
213151 206659
213151 208549
213151 209400
213151 212049
213151 8804
213151 8899
213151 9211
213151 12857
213151 20292
213151 20633
213151 20810
213151 31103
213151 31396
213151 34895
213151 39090
213151 39378
213151 43341
213151 44974
213151 47526
213151 51057
213151 57537
213151 58243
213151 58323
213151 59437
213151 59507
213151 60150
213151 60664
213151 62023
213151 197637
213151 197965
213151 198570
213151 198967
213151 199284
213151 200924
213151 203536
213151 204003
213151 204881
213151 205094
213151 205530
213151 205543
213151 205597
213151 205741
213151 211671
213151 212415
213151 213392
213151 214915
213151 215547
213151 214554
200924 29140
200924 205112
200924 210937
200924 212693
20292 29140
20292 205112
20292 210937
20292 25167
59437 29140
59437 205112
59437 210937
198967 29140
198967 205112
198967 210937
198967 8925
198967 12466
198967 25102
51057 29140
51057 205112
51057 210937
9083 29140
9083 205112
9083 210937
201764 29140
201764 205112
201764 210937
201764 15960
51402 29140
51402 205112
51402 210937
51402 12331
51402 41110
51402 51378
51402 212181
12732 29140
12732 205112
12732 210937
12732 12693
12732 8875
12732 15657
12732 39614
12732 44716
12732 203965
12732 35053
12732 15388
12732 25415
12732 34171
12732 44194
12732 59507
12732 204188
12732 30742
12312 29140
12312 205112
12312 210937
12312 15550
12312 31098
12312 35679
12312 41926
12312 60272
12312 205050
12312 207364
12312 213211
12312 3211
29140 34531
29140 47488
29140 49312
29140 51127
29140 50017
29140 13135
29140 3331
29140 8687
29140 35053
29140 40999
29140 214292
29140 20694
29140 15388
29140 48519
29140 8823
29140 15943
29140 16024
29140 20677
29140 20792
29140 21476
29140 25415
29140 28701
29140 6805
29140 8804
29140 8899
29140 9211
29140 12693
29140 12857
29140 13289
29140 20633
29140 20810
29140 31103
29140 34895
29140 39090
29140 43341
29140 44194
29140 44974
29140 48284
29140 57154
29140 57537
29140 58243
29140 59507
29140 60150
29140 60664
29140 62023
29140 196954
29140 197637
29140 197965
29140 198570
29140 198930
29140 199284
29140 203347
29140 203536
29140 204881
29140 205112
29140 205530
29140 205543
29140 205741
29140 210333
29140 210937
29140 215547
29140 29505
29140 30766
29140 34171
29140 35258
29140 39378
29140 48303
29140 49009
29140 58323
29140 59675
29140 61266
29140 61955
29140 62365
29140 196922
29140 197063
29140 197473
29140 197524
29140 200735
29140 202046
29140 202707
29140 204188
29140 209400
29140 212794
29140 214554
198570 205112
198570 210937
198570 200119
6805 205112
6805 210937
6805 12638
6805 31481
6805 34982
6805 60344
6805 60393
6805 198904
6805 201832
6805 209247
6805 211170
204188 205112
204188 12693
204188 15388
204188 25415
204188 34171
204188 35053
204188 44194
204188 59507
215547 205112
215547 210937
215547 15945
59675 205112
59675 210937
59675 12693
199284 205112
199284 210937
199284 15725
203347 205112
203347 210937
214554 205112
214554 210937
16024 205112
16024 210937
16024 212587
12857 205112
12857 210937
12857 41321
12857 49097
43341 205112
43341 210937
43341 213283
39378 205112
39378 210937
15943 205112
15943 210937
15943 29042
15943 35391
15943 50943
15943 60664
15943 197008
15943 203046
15943 204977
15943 205310
15943 210303
15943 211727
15943 211820
15943 214792
15943 215992
15943 202499
15943 213973
15943 202566
15943 24993
15943 59780
15943 35833
15943 210482
58323 205112
58323 210937
48284 60169
29505 205112
29505 210937
29505 215275
196922 205112
196922 210937
196922 51576
196922 202401
196922 212943
196922 213300
62023 205112
62023 210937
62023 200519
58243 205112
58243 210937
58243 24978
58243 48585
58243 197558
58243 202208
58243 205582
58243 211873
58243 212613
60664 205112
60664 210937
61266 205112
61266 210937
20677 205112
20677 210937
20677 12546
20677 206339
59507 205112
59507 210937
59507 12693
59507 15388
59507 25415
59507 34171
59507 35053
59507 44194
59507 13157
59507 42562
59507 201035
197063 205112
197063 214932
49009 205112
49009 50017
49009 9211
20633 205112
20633 210937
39090 205112
39090 210937
30766 205112
30766 210937
30766 207776
205530 205112
205530 210937
196954 205112
196954 210937
196954 49034
196954 214239
202707 205112
20792 205112
20792 210937
209400 205112
209400 210937
209400 15945
61955 48519
61955 3337
61955 31055
61955 44599
61955 50905
61955 57137
61955 204368
61955 205272
61955 199121
61955 198930
61955 205112
61955 210937
6735 8405
35258 205112
35258 210937
35258 201856
35258 211656
35258 9211
197637 205112
197637 210937
197637 202195
197965 205112
197965 210937
60150 205112
60150 210937
212794 205112
210937 198930
210937 205112
210937 203478
210937 39083
210937 209185
210937 208976
210937 208814
210937 51699
210937 208236
210937 214556
210937 208702
210937 205848
210937 197477
210937 198016
210937 34924
210937 207921
210937 52112
210937 214292
210937 47536
210937 199918
210937 31396
210937 59570
210937 205094
210937 206659
210937 212049
210937 204003
210937 212415
210937 200462
210937 205597
210937 12817
210937 8823
210937 8899
210937 21476
210937 25415
210937 28701
210937 47526
210937 48303
210937 51202
210937 62365
210937 197524
210937 200735
210937 202046
210937 204881
210937 8804
210937 9211
210937 12693
210937 20810
210937 31103
210937 34895
210937 44974
210937 57537
210937 205543
210937 205741
210937 215563
197524 205112
210333 205112
62365 205112
62365 205691
62365 206240
62365 206303
62365 208470
62365 210589
62365 212952
62365 215556
62365 213973
8804 205112
8804 57821
8804 20755
8804 39209
8804 41293
203536 205112
203536 208968
20810 205112
20810 205376
20810 212367
34895 205112
44974 205112
44974 203986
205543 205112
8823 205112
8823 12610
8823 20653
8823 197909
8823 212181
205112 198930
205112 15987
205112 48821
205112 57154
205112 60123
205112 207160
205112 210780
205112 215792
205112 59645
205112 62086
205112 62269
205112 201709
205112 35053
205112 60294
205112 34924
205112 43140
205112 40999
205112 209915
205112 52112
205112 214292
205112 206313
205112 31396
205112 49585
205112 12571
205112 15388
205112 200462
205112 34225
205112 34936
205112 51906
205112 197473
205112 203924
205112 211083
205112 211319
205112 208059
205112 34171
205112 204989
205112 8899
205112 21476
205112 25415
205112 28701
205112 48303
205112 200735
205112 202046
205112 204881
205112 9211
205112 12693
205112 31103
205112 57537
205112 205741
25415 12693
25415 15388
25415 35053
25415 44194
25415 34171
198930 48519
198930 34793
198930 205272
198930 199121
8899 42652
8899 60294
31103 43847
31103 202252
31103 209610
31103 210304
9211 9007
9211 13135
9211 15368
9211 24640
9211 47717
9211 48324
9211 51114
9211 210860
9211 211643
12693 42166
12693 47369
12693 202373
12693 202680
12693 204308
12693 207503
12693 208849
12693 35053
12693 15388
12693 44194
12693 34171
57154 214410
57154 60169
204881 212033
12816 209335
199578 9020
39614 25291
60294 9135
60294 62291
60294 200846
60294 204672
60294 205487
20694 51364
20694 209564
50050 208290
50030 60003
50030 199789
34171 15388
34171 35053
34171 44194
34171 8375
30823 43043
30823 51396
30823 56876
30823 200303
30823 208236
30823 213250
30823 213527
30823 214138
49581 51396
49581 197477
49581 207695
49581 213126
49581 213200
49581 213850
49581 214339
49581 215365
49581 216063
212895 24676
212895 203226
212895 203420
212895 208059
212895 212415
212895 214844
212895 215004
9182 31348
25291 41821
25291 43902
25291 201066
25291 210070
47526 24836
47526 47263
47526 208208
47526 209824
47526 216094
47536 57821
47536 49585
47536 199471
48596 34997
56381 208814
56381 208059
59745 215518
62193 51224
200462 208814
200462 213579
200462 215163
200462 215389
209824 209480
209824 47263
211752 31078
213425 20802
213425 33832
3331 8956
3331 21173
3331 41213
3331 61377
209859 57821
209859 41108
59645 210122
59645 215250
62269 211083
198016 41108
34924 57821
205272 48519
205272 199121
52112 35708
49585 203819
59570 57821
15388 35053
15388 44194
48519 199121
204003 57821
208059 57821
13289 60774
12657 35003
24764 20768
41110 59790
42840 25063
203412 50332
203437 200303
208484 8375
44194 35053
206236 207921
206236 208183
21355 30742
30742 35321
30742 41587
30742 199725
30742 201399
30742 205291
30742 205764
30742 207630
30742 207878
30742 208463
30742 210759
30742 211296
31055 44599
31055 57137
31055 204368
34256 16202
35061 59790
201035 202182
216152 213281
203777 50642
42596 49836
49296 57821
51058 57821
51699 57821
57433 57821
57433 59592
57433 60461
57821 31025
57821 203478
57821 12817
57821 31396
57821 39083
57821 57407
57821 29394
57821 35366
57821 59790
57821 211671
57821 212415
57821 61430
57821 196624
57821 203123
57821 206423
57821 208702
57821 208985
57821 209185
57821 212049
57821 215563
6833 215770
8569 39290
12348 49735
31078 31010
31078 50575
31078 206028
31078 208262
31078 208477
34568 21158
49220 43857
51906 205868
198710 50768
203520 6786
212257 214401
213299 50332
13135 49745
13135 207460
213973 208508
213973 216188
201014 212820
25504 35292
25504 204135
25504 215787
197558 211657
201059 43847
15492 15945
209917 15945
216277 15945
200303 42335
207793 51176
15960 61969
15960 199294
35657 42989
50873 35675
50873 44409
50873 60316
50873 60571
50873 200603
207252 200229
207252 207196
207252 208985
207252 214033
207252 215147
207252 215666
207252 214915
196819 210298
34225 5401
34225 202784
43150 59790
59790 49836
211909 215787
42008 8925
42008 212215
48585 39441
57395 20902
57395 51379
60316 214459
201962 204218
202245 200119
202245 212509
203593 29408
203593 202957
207436 203228
206659 197477
206659 211301
6786 6724
33873 51401
197477 206272
197477 215563
207921 212245
212049 211301
12817 29317
51202 41457
51202 203442
51202 207695
51202 215828
31371 35675
31371 197782
49855 207630
208976 213925
211664 211823
51396 214865
34156 35368
205660 206063
200461 212966
213527 213512
213527 213579
214138 215375
39083 50801
48823 12574
48823 31333
15465 21150
21150 8735
21150 20594
21150 21026
21150 43978
21150 47696
56737 8956
56737 61377
56737 204135
200638 213273
208614 214289
215787 200482
215787 214291
203478 208340
61430 203123
61430 204883
209185 41108
15580 203584
15580 24989
13012 29008
20902 64396
15657 57342
35208 34308
200490 203038
41108 42856
41108 204268
41293 196616
42652 16017
42652 44569
42652 200397
3211 31243
35708 61218
204672 204252
43847 208994
34191 203215
15368 3247
42989 51201
42989 56748
35042 211179
202701 200486
202701 208101
210537 215828
206028 49225
34308 35618
49192 197782
44076 206880
200482 216081
41457 216078
8375 214019
216078 211507
24989 209793
200797 201010
200797 209509
