6762 1267
6762 3269
6762 3302
6762 12874
6762 20836
6762 28716
6762 31034
6762 41327
6762 2594
6762 2597
6762 8234
6762 8244
6762 8855
6762 9137
6762 15605
6762 16027
6762 20746
6762 20958
6762 21056
6762 21309
6762 21454
6762 29438
6762 31115
6762 31617
6762 31638
6762 34428
6762 34606
6762 34758
6762 34971
6762 35359
6762 35612
6762 35617
6762 39808
6762 41364
6762 42176
6762 43648
6762 43843
6762 43989
6762 44092
6762 44513
6762 44747
6762 47136
6762 47217
6762 47408
6762 47927
6762 49289
6762 49605
6762 50196
6762 50316
6762 50877
6762 51185
6762 51333
6762 51499
6762 51580
6762 56559
6762 56786
6762 58082
6762 59699
6762 59715
6762 59862
6762 60087
6762 60501
6762 60530
6762 60772
6762 60798
6762 60822
6762 60989
6762 61315
6762 62275
6762 198128
6762 198721
6762 199162
6762 199181
6762 199348
6762 199477
6762 199536
6762 200043
6762 200553
6762 200760
6762 201183
6762 201333
6762 201877
6762 202098
6762 202347
6762 202870
6762 202975
6762 203201
6762 203223
6762 203367
6762 203462
6762 203489
6762 203847
6762 204096
6762 204326
6762 205051
6762 205139
6762 205385
6762 206460
6762 207594
6762 208808
6762 209624
6762 210026
6762 210218
6762 210278
6762 210936
6762 211918
6762 211991
6762 216257
1267 31034
1267 3242
1267 8217
1267 8660
1267 8884
1267 15691
1267 16027
1267 16076
1267 20697
1267 21014
1267 21176
1267 21333
1267 24608
1267 24994
1267 28977
1267 29036
1267 29050
1267 29082
1267 29094
1267 31067
1267 31086
1267 31087
1267 31144
1267 34691
1267 35485
1267 39719
1267 41734
1267 42176
1267 42515
1267 42650
1267 44701
1267 44767
1267 47178
1267 49215
1267 49709
1267 50394
1267 51139
1267 52030
1267 57525
1267 60049
1267 60756
1267 196956
1267 197954
1267 198387
1267 198898
1267 199237
1267 200767
1267 200818
1267 200944
1267 201747
1267 202017
1267 202074
1267 202675
1267 202803
1267 203201
1267 204605
1267 204694
1267 205195
1267 205493
1267 205925
1267 206035
1267 206732
1267 206738
1267 206801
1267 207623
1267 207985
1267 208011
1267 208862
1267 208919
1267 209058
1267 209402
1267 209902
1267 210637
1267 211102
1267 213096
1267 213970
1267 12874
1267 3269
1267 41327
1267 137
1267 3302
1267 12779
1267 28716
1267 30722
1267 39120
1267 41720
1267 56911
1267 5392
1267 5394
1267 208808
1267 48634
1267 60501
1267 41364
1267 31263
1267 50316
1267 60798
1267 20912
1267 51333
1267 205358
1267 42180
1267 57111
1267 59699
1267 196983
1267 8265
1267 60530
1267 49605
1267 20811
1267 212608
1267 203485
1267 60943
1267 51569
1267 209624
1267 12637
1267 43648
1267 58082
1267 15605
1267 198102
1267 197440
1267 29449
1267 34428
1267 210278
1267 12850
1267 198916
1267 202870
1267 30848
1267 35612
1267 13113
1267 60772
1267 31638
1267 8612
1267 211360
1267 205385
1267 60822
1267 28929
1267 51185
1267 50877
1267 21056
1267 31617
1267 207594
1267 200794
1267 35574
1267 202098
1267 29286
1267 43923
1267 42463
1267 47875
1267 5398
1267 8968
1267 203462
1267 8234
3269 2593
3269 5394
3269 5609
3269 6831
3269 6882
3269 8217
3269 8234
3269 8660
3269 12505
3269 12515
3269 12551
3269 12650
3269 12734
3269 13018
3269 13253
3269 15584
3269 15660
3269 15691
3269 15746
3269 15981
3269 16052
3269 16232
3269 20746
3269 20942
3269 20958
3269 20959
3269 20972
3269 20981
3269 21006
3269 21034
3269 21086
3269 24869
3269 25156
3269 25300
3269 25518
3269 25569
3269 29036
3269 29082
3269 29094
3269 29312
3269 29419
3269 31222
3269 31570
3269 33964
3269 34216
3269 34618
3269 34759
3269 35110
3269 35114
3269 35514
3269 35519
3269 39887
3269 41325
3269 41734
3269 42345
3269 43364
3269 43923
3269 43954
3269 43976
3269 44473
3269 44831
3269 47136
3269 47254
3269 47473
3269 47875
3269 47927
3269 48135
3269 48382
3269 48423
3269 48634
3269 48815
3269 49215
3269 49355
3269 49640
3269 50428
3269 51065
3269 51502
3269 51580
3269 51940
3269 56320
3269 56346
3269 57039
3269 57144
3269 57343
3269 57525
3269 57558
3269 57817
3269 58150
3269 59777
3269 60049
3269 60559
3269 60814
3269 61000
3269 196880
3269 196892
3269 197807
3269 197845
3269 197954
3269 198013
3269 198049
3269 198320
3269 198462
3269 198830
3269 198916
3269 199352
3269 199617
3269 200156
3269 200424
3269 200448
3269 200547
3269 200616
3269 200761
3269 200767
3269 201095
3269 201946
3269 202094
3269 202500
3269 202514
3269 202675
3269 202950
3269 203089
3269 203150
3269 203525
3269 204280
3269 204358
3269 204431
3269 204546
3269 204651
3269 204795
3269 205525
3269 205704
3269 206035
3269 206205
3269 206498
3269 206617
3269 206821
3269 206864
3269 206966
3269 207132
3269 207157
3269 207222
3269 207453
3269 207697
3269 207739
3269 207798
3269 208017
3269 208296
3269 208578
3269 208761
3269 208862
3269 209172
3269 209572
3269 209865
3269 209887
3269 210129
3269 210452
3269 211122
3269 211312
3269 211943
3269 212680
3269 212753
3269 213004
3269 213970
3269 214620
3269 215643
3269 215873
3269 12779
3269 39120
3269 41720
3269 56911
3269 9104
3269 3242
3269 20912
3269 57111
3269 64445
3269 8265
3269 49605
3269 47408
3269 51569
3269 12637
3269 56786
3269 198102
3269 59766
3269 199042
3269 211785
3269 212751
3269 58088
3269 203591
3269 34758
3269 200799
3269 204482
3269 8968
3269 209902
3269 49709
3302 5396
3302 5602
3302 6665
3302 12309
3302 12363
3302 12835
3302 12850
3302 13113
3302 13284
3302 15589
3302 24780
3302 24817
3302 25518
3302 25569
3302 31222
3302 35193
3302 41381
3302 42818
3302 43279
3302 49265
3302 51853
3302 56366
3302 57144
3302 196654
3302 196892
3302 198013
3302 198399
3302 199352
3302 200100
3302 200799
3302 200858
3302 201474
3302 201795
3302 204593
3302 204614
3302 204940
3302 206135
3302 206191
3302 206539
3302 207145
3302 207356
3302 207631
3302 207964
3302 208496
3302 210144
3302 210204
3302 211122
3302 211276
3302 211934
3302 213847
3302 214412
3302 214620
3302 41327
3302 28716
3302 12779
3302 137
3302 39120
3302 31121
3302 5392
3302 21333
3302 207638
3302 21176
3302 5394
3302 2594
3302 202803
3302 41364
3302 39479
3302 50316
3302 59919
3302 24717
3302 20912
3302 198240
3302 199324
3302 39657
3302 199666
3302 57111
3302 25488
3302 34606
3302 64445
3302 196983
3302 8265
3302 60530
3302 49605
3302 20811
3302 47408
3302 43625
3302 60943
3302 9137
3302 12637
3302 207054
3302 44219
3302 205926
3302 200480
3302 42425
3302 43185
3302 44092
3302 43648
3302 60989
3302 198721
3302 15605
3302 47242
3302 31115
3302 209137
3302 41644
3302 199837
3302 51616
3302 42669
3302 57300
3302 202870
3302 21101
3302 35612
3302 31638
3302 8612
3302 206182
3302 21309
3302 47406
3302 28929
3302 41651
3302 51185
3302 2593
3302 50877
3302 12445
3302 51300
3302 212686
3302 62009
3302 34758
3302 34691
3302 51580
3302 8660
3302 198471
3302 39636
3302 8968
3302 205005
3302 209902
3302 213111
3302 200553
3302 49709
3302 204471
3302 62166
12874 3275
12874 5397
12874 6831
12874 6836
12874 8884
12874 12481
12874 12650
12874 13018
12874 13253
12874 13254
12874 13284
12874 15553
12874 15584
12874 15660
12874 15831
12874 15887
12874 15981
12874 16052
12874 20942
12874 20981
12874 21006
12874 21034
12874 21086
12874 21134
12874 21176
12874 21451
12874 21469
12874 24717
12874 24780
12874 25156
12874 25301
12874 25350
12874 25518
12874 28675
12874 29082
12874 29312
12874 31248
12874 31467
12874 33964
12874 34613
12874 34759
12874 35066
12874 35114
12874 35519
12874 39019
12874 39250
12874 39719
12874 41094
12874 41100
12874 41160
12874 41169
12874 41325
12874 41651
12874 41827
12874 41836
12874 41986
12874 42176
12874 42650
12874 42764
12874 42933
12874 42985
12874 43279
12874 43731
12874 43954
12874 43976
12874 43988
12874 44512
12874 44767
12874 44831
12874 44936
12874 45041
12874 47735
12874 47875
12874 48135
12874 48382
12874 48394
12874 48423
12874 49265
12874 49535
12874 49733
12874 49924
12874 49976
12874 50394
12874 51065
12874 51139
12874 51502
12874 51580
12874 56320
12874 56376
12874 56754
12874 56962
12874 57039
12874 57144
12874 57300
12874 57329
12874 57343
12874 57525
12874 57558
12874 59715
12874 60460
12874 60756
12874 60814
12874 62093
12874 196784
12874 196880
12874 196892
12874 197845
12874 197859
12874 197891
12874 197948
12874 198045
12874 198319
12874 198363
12874 198387
12874 198800
12874 199342
12874 199477
12874 199509
12874 199864
12874 200073
12874 200156
12874 200409
12874 200424
12874 200583
12874 200689
12874 200761
12874 200767
12874 200786
12874 200858
12874 200901
12874 201045
12874 201095
12874 201220
12874 201474
12874 201565
12874 201919
12874 202098
12874 202132
12874 202382
12874 202460
12874 202507
12874 202617
12874 202675
12874 202803
12874 203601
12874 203612
12874 203672
12874 204180
12874 204358
12874 204379
12874 204386
12874 204622
12874 204651
12874 204958
12874 205195
12874 205716
12874 205925
12874 206588
12874 206615
12874 206655
12874 206701
12874 206821
12874 206864
12874 206988
12874 206992
12874 207022
12874 207042
12874 207157
12874 207453
12874 207594
12874 207697
12874 207715
12874 207761
12874 207799
12874 208000
12874 208354
12874 208788
12874 208808
12874 208862
12874 209071
12874 209137
12874 209246
12874 209301
12874 209353
12874 209402
12874 209887
12874 210129
12874 210159
12874 210569
12874 210875
12874 211122
12874 211312
12874 211396
12874 212659
12874 212726
12874 216019
12874 216257
12874 12779
12874 39120
12874 41327
12874 56911
12874 5392
12874 49524
12874 20912
12874 57111
12874 49605
12874 20811
12874 12637
12874 15605
12874 49289
12874 51185
12874 50877
12874 8660
12874 47927
20836 13160
20836 34971
20836 42692
20836 44473
20836 44567
20836 49431
20836 199321
20836 202095
20836 202889
20836 211740
20836 41327
20836 12779
20836 39120
20836 5392
20836 59919
20836 20912
20836 57111
20836 49605
20836 20811
20836 12637
20836 15605
20836 51185
20836 50877
20836 8660
20836 49709
28716 5397
28716 12445
28716 13182
28716 15923
28716 16297
28716 20811
28716 25300
28716 28675
28716 28767
28716 28831
28716 31043
28716 34691
28716 35130
28716 35485
28716 39217
28716 39250
28716 39657
28716 42538
28716 43942
28716 44091
28716 44473
28716 44831
28716 44920
28716 45041
28716 47178
28716 47568
28716 47902
28716 49653
28716 49772
28716 50891
28716 51853
28716 58180
28716 60409
28716 62007
28716 196966
28716 197650
28716 198291
28716 198320
28716 198800
28716 199606
28716 200583
28716 200760
28716 200873
28716 202346
28716 203201
28716 203591
28716 204605
28716 204614
28716 204809
28716 205729
28716 206222
28716 206267
28716 206302
28716 206460
28716 207029
28716 207042
28716 208808
28716 209418
28716 209629
28716 209987
28716 210218
28716 211482
28716 212373
28716 212394
28716 212417
28716 212559
28716 41327
28716 137
28716 12779
28716 39120
28716 49367
28716 207606
28716 31121
28716 5392
28716 21333
28716 44513
28716 196749
28716 207638
28716 21176
28716 5394
28716 21454
28716 49524
28716 9104
28716 210026
28716 2594
28716 210144
28716 197293
28716 202803
28716 41364
28716 31263
28716 39479
28716 50316
28716 59919
28716 199348
28716 24717
28716 60798
28716 20912
28716 198240
28716 199324
28716 201877
28716 199666
28716 205358
28716 57507
28716 209358
28716 201602
28716 203223
28716 57111
28716 31319
28716 25488
28716 34606
28716 207715
28716 213462
28716 59699
28716 196983
28716 60530
28716 49605
28716 203485
28716 212700
28716 209408
28716 43625
28716 60943
28716 51569
28716 200185
28716 8855
28716 209624
28716 9137
28716 201333
28716 209138
28716 12637
28716 59862
28716 207054
28716 44219
28716 205926
28716 200480
28716 42425
28716 29438
28716 43185
28716 56786
28716 44092
28716 43648
28716 60989
28716 198721
28716 15605
28716 47242
28716 31115
28716 209137
28716 41644
28716 198090
28716 50352
28716 34428
28716 199837
28716 20924
28716 51616
28716 42669
28716 199536
28716 57300
28716 198916
28716 202870
28716 21101
28716 35612
28716 203848
28716 13113
28716 60772
28716 31638
28716 8612
28716 200254
28716 205385
28716 60822
28716 206182
28716 209591
28716 47406
28716 49289
28716 28929
28716 41651
28716 51185
28716 43364
28716 202347
28716 2593
28716 50877
28716 39808
28716 44747
28716 204947
28716 51300
28716 212686
28716 62009
28716 34758
28716 49535
28716 200799
28716 206617
28716 51580
28716 202098
28716 8660
28716 29286
28716 211991
28716 48544
28716 198471
28716 206135
28716 42463
28716 39636
28716 202617
28716 8968
28716 43843
28716 205005
28716 15691
28716 209902
28716 197075
28716 213111
28716 200553
28716 49709
28716 204471
28716 201502
28716 62166
31034 24880
31034 43817
31034 47986
31034 49367
31034 49709
31034 56488
31034 196654
31034 200813
31034 200944
31034 202613
31034 206476
31034 206693
31034 213224
31034 213522
31034 214484
31034 41327
31034 12779
31034 39120
31034 5392
31034 59919
31034 20912
31034 198240
31034 39657
31034 57111
31034 200887
31034 49605
31034 20811
31034 205139
31034 60943
31034 200185
31034 12637
31034 210218
31034 15605
31034 35612
31034 203848
31034 208449
31034 31638
31034 51185
31034 50877
31034 8660
31034 8968
41327 2593
41327 3242
41327 9137
41327 13182
41327 15605
41327 15663
41327 16004
41327 21101
41327 24796
41327 30848
41327 31617
41327 34691
41327 34758
41327 35617
41327 41827
41327 42658
41327 43648
41327 44942
41327 45015
41327 47178
41327 47187
41327 47406
41327 48544
41327 49284
41327 51499
41327 51580
41327 56327
41327 56488
41327 56559
41327 57111
41327 57264
41327 57913
41327 58082
41327 58253
41327 59766
41327 60260
41327 60443
41327 60530
41327 60798
41327 60989
41327 62093
41327 196865
41327 197650
41327 197825
41327 198013
41327 198059
41327 198399
41327 198434
41327 198919
41327 199039
41327 199324
41327 199666
41327 200034
41327 200148
41327 200311
41327 200497
41327 200553
41327 200794
41327 200818
41327 200887
41327 201198
41327 201362
41327 201483
41327 201722
41327 201806
41327 201847
41327 202074
41327 202460
41327 202870
41327 202975
41327 203059
41327 203089
41327 203419
41327 203726
41327 203847
41327 204309
41327 204326
41327 204389
41327 204471
41327 204482
41327 204504
41327 204809
41327 204923
41327 204947
41327 205005
41327 205032
41327 205051
41327 205099
41327 205330
41327 205350
41327 205525
41327 205716
41327 205732
41327 205985
41327 206173
41327 206182
41327 206343
41327 206355
41327 206539
41327 206732
41327 206737
41327 206947
41327 206966
41327 206988
41327 207013
41327 207227
41327 207739
41327 207964
41327 208018
41327 208376
41327 208598
41327 208642
41327 208867
41327 209246
41327 209301
41327 209410
41327 209591
41327 209970
41327 210129
41327 210172
41327 210238
41327 210687
41327 211084
41327 211204
41327 211222
41327 211391
41327 211661
41327 212011
41327 212394
41327 212602
41327 212696
41327 213013
41327 213063
41327 213089
41327 213318
41327 213338
41327 214169
41327 214412
41327 214443
41327 215687
41327 215867
41327 215984
41327 39120
41327 137
41327 12779
41327 30722
41327 56911
41327 5392
41327 21333
41327 44513
41327 5394
41327 208808
41327 2594
41327 210144
41327 49640
41327 200760
41327 41364
41327 50316
41327 59919
41327 20912
41327 39729
41327 201877
41327 59829
41327 203223
41327 49653
41327 31319
41327 49088
41327 34606
41327 196983
41327 8265
41327 208920
41327 49605
41327 20811
41327 43942
41327 51569
41327 200185
41327 8816
41327 20942
41327 12637
41327 59862
41327 29438
41327 210218
41327 198102
41327 197440
41327 29449
41327 210278
41327 20924
41327 12850
41327 203489
41327 35612
41327 29050
41327 60772
41327 31638
41327 8612
41327 33986
41327 199181
41327 60822
41327 28929
41327 51185
41327 21056
41327 51300
41327 62009
41327 207594
41327 35574
41327 34971
41327 29286
41327 198471
41327 47927
41327 214677
41327 5398
41327 8968
41327 203462
41327 206476
41327 8234
41327 62166
2594 12779
2594 137
2594 50877
2594 31121
2594 2593
2594 21333
2594 207638
2594 21176
2594 5394
2594 8612
2594 8968
2594 9137
2594 13113
2594 21101
2594 24717
2594 25488
2594 28929
2594 31638
2594 34606
2594 34691
2594 34758
2594 35612
2594 39479
2594 39636
2594 41644
2594 41651
2594 42425
2594 42669
2594 43185
2594 43625
2594 44092
2594 44219
2594 47242
2594 47406
2594 50316
2594 51300
2594 51580
2594 51616
2594 57300
2594 60943
2594 62009
2594 196983
2594 198240
2594 198721
2594 199666
2594 199837
2594 200480
2594 204471
2594 205005
2594 205926
2594 207054
2594 209902
2594 210144
2594 212686
2594 213111
2594 41364
2597 12779
2597 137
2597 5392
2597 12637
2597 51185
2597 49605
2597 20912
2597 2598
2597 197440
2597 20811
8234 12779
8234 5392
8234 12637
8234 15605
8234 51185
8234 49605
8234 49709
8234 50877
8234 57111
8234 20912
8234 20811
8855 12779
8855 39120
8855 5392
8855 8660
8855 12637
8855 15605
8855 51185
8855 49605
8855 49709
8855 50877
8855 57111
8855 59919
8855 43843
9137 12779
9137 39120
9137 137
9137 5392
9137 8660
9137 12637
9137 15605
9137 51185
9137 49605
9137 49709
9137 50877
9137 57111
9137 59919
9137 31121
9137 2593
9137 5394
9137 8612
9137 8968
9137 21333
9137 207638
9137 21176
9137 210144
9137 41364
9137 39479
9137 50316
9137 24717
9137 20912
9137 198240
9137 199666
9137 25488
9137 34606
9137 196983
9137 20811
9137 43625
9137 60943
9137 13113
9137 21101
9137 28929
9137 31638
9137 34691
9137 34758
9137 35612
9137 39636
9137 41644
9137 41651
9137 42425
9137 42669
9137 43185
9137 44092
9137 44219
9137 47242
9137 47406
9137 51300
9137 51580
9137 51616
9137 57300
9137 62009
9137 198721
9137 199837
9137 200480
9137 204471
9137 205005
9137 205926
9137 207054
9137 209902
9137 212686
9137 213111
15605 12779
15605 39120
15605 56911
15605 41720
15605 137
15605 30722
15605 216309
15605 49367
15605 9104
15605 16004
15605 196749
15605 199324
15605 201602
15605 5392
15605 8660
15605 12637
15605 39739
15605 49355
15605 200448
15605 208019
15605 210569
15605 211482
15605 207606
15605 204180
15605 211661
15605 212054
15605 208437
15605 204923
15605 56962
15605 44513
15605 44084
15605 21176
15605 207029
15605 5394
15605 51001
15605 211918
15605 62093
15605 21454
15605 208808
15605 49524
15605 210026
15605 205099
15605 205032
15605 48634
15605 56472
15605 202193
15605 60501
15605 197293
15605 49640
15605 200760
15605 202803
15605 208867
15605 47254
15605 31263
15605 39479
15605 50316
15605 200148
15605 59919
15605 3242
15605 199348
15605 209301
15605 60798
15605 20912
15605 212602
15605 51333
15605 21034
15605 60975
15605 56550
15605 204309
15605 197650
15605 199162
15605 39729
15605 205891
15605 60432
15605 201877
15605 39657
15605 199666
15605 205358
15605 57507
15605 57913
15605 209358
15605 216257
15605 59829
15605 205985
15605 203223
15605 49653
15605 57111
15605 47152
15605 208376
15605 204389
15605 31319
15605 208337
15605 49088
15605 5397
15605 34606
15605 207715
15605 200818
15605 64445
15605 198059
15605 213462
15605 59699
15605 196983
15605 203089
15605 8265
15605 206022
15605 208354
15605 60530
15605 208920
15605 212394
15605 49605
15605 209970
15605 20811
15605 57264
15605 203847
15605 41050
15605 202675
15605 203485
15605 213063
15605 212700
15605 47408
15605 43942
15605 209408
15605 206988
15605 206737
15605 39719
15605 42692
15605 51569
15605 56488
15605 62290
15605 8816
15605 209624
15605 200873
15605 198349
15605 201333
15605 209138
15605 24749
15605 201722
15605 44741
15605 56376
15605 201183
15605 213791
15605 211084
15605 198128
15605 12650
15605 206355
15605 59862
15605 207054
15605 209529
15605 202371
15605 202896
15605 49924
15605 204280
15605 29438
15605 202146
15605 205330
15605 35193
15605 205219
15605 213972
15605 211391
15605 214443
15605 28999
15605 56786
15605 209246
15605 210218
15605 199362
15605 200497
15605 44092
15605 43648
15605 60989
15605 39217
15605 206173
15605 198721
15605 50112
15605 8612
15605 8968
15605 12445
15605 13113
15605 2593
15605 5398
15605 8224
15605 12835
15605 13182
15605 21101
15605 24796
15605 24880
15605 29449
15605 35590
15605 35612
15605 39808
15605 42176
15605 44512
15605 44747
15605 45015
15605 47217
15605 48394
15605 48500
15605 48544
15605 49289
15605 51185
15605 51580
15605 56327
15605 59766
15605 196865
15605 197440
15605 197589
15605 198399
15605 198916
15605 199536
15605 199947
15605 200311
15605 200409
15605 200424
15605 200553
15605 201502
15605 201806
15605 202339
15605 202709
15605 203180
15605 203489
15605 204326
15605 204471
15605 204482
15605 204947
15605 205051
15605 206135
15605 206476
15605 206539
15605 207697
15605 207739
15605 209591
15605 209902
15605 209992
15605 210278
15605 211991
15605 212417
15605 213338
15605 215706
15605 15691
15605 20924
15605 21056
15605 21309
15605 29050
15605 30848
15605 31115
15605 31617
15605 31638
15605 33986
15605 34428
15605 34599
15605 34691
15605 34758
15605 34971
15605 35574
15605 35617
15605 41160
15605 41644
15605 41651
15605 41827
15605 42463
15605 42764
15605 43364
15605 43843
15605 43989
15605 47242
15605 47927
15605 49535
15605 49709
15605 50352
15605 50877
15605 51708
15605 52030
15605 56754
15605 58088
15605 58316
15605 60451
15605 60475
15605 60772
15605 60822
15605 62166
15605 62275
15605 197075
15605 197506
15605 197825
15605 198090
15605 198102
15605 198257
15605 198471
15605 199042
15605 199181
15605 199837
15605 200043
15605 200108
15605 200254
15605 200794
15605 200799
15605 200813
15605 201102
15605 201198
15605 201847
15605 202098
15605 202347
15605 202617
15605 202870
15605 202975
15605 203059
15605 203201
15605 203462
15605 203591
15605 203713
15605 204121
15605 204504
15605 204809
15605 205276
15605 205385
15605 206182
15605 206460
15605 206617
15605 206732
15605 207013
15605 207227
15605 207594
15605 208244
15605 209137
15605 210129
15605 211360
15605 211886
15605 212559
15605 212751
15605 213089
15605 213260
15605 214435
15605 215385
20746 9076
20746 15472
20746 20580
20746 29270
20746 44920
20746 60049
20746 207157
21056 12779
21056 39120
21056 5392
21056 8660
21056 12637
21056 51185
21056 49605
21056 49709
21056 50877
21056 57111
21056 59919
21056 31638
21056 41364
21056 50316
21056 62275
21056 20912
21056 5398
21056 20811
21056 35574
21056 203462
21056 47242
21056 198320
21056 208775
21056 210224
21056 208808
21056 197440
21056 34428
21056 12850
21056 60822
21056 207594
21309 12779
21309 39120
21309 5392
21309 8660
21309 12637
21309 51185
21309 49605
21309 49709
21309 50877
21309 57111
21309 59919
21309 20811
21309 15923
21309 29177
21309 31495
21309 35514
21309 42933
21309 49535
21309 197807
21309 207157
21309 210452
21309 214164
21454 12779
21454 39120
21454 5392
21454 8660
21454 12637
21454 51185
21454 49605
21454 49709
21454 50877
21454 57111
21454 59919
21454 43756
21454 206789
29438 12779
29438 39120
29438 5392
29438 8660
29438 12637
29438 51185
29438 49605
29438 49709
29438 50877
29438 57111
29438 59919
29438 20912
31115 12779
31115 39120
31115 5392
31115 8660
31115 12637
31115 51185
31115 49605
31115 49709
31115 50877
31115 57111
31115 59919
31115 20912
31115 34731
31115 41497
31115 51233
31115 204651
31617 12779
31617 39120
31617 8660
31617 12637
31617 51185
31617 49605
31617 49709
31617 50877
31617 57111
31617 59919
31617 8612
31617 20912
31617 209191
31638 12779
31638 39120
31638 137
31638 5392
31638 8660
31638 12637
31638 51185
31638 49605
31638 49709
31638 50877
31638 57111
31638 59919
31638 31121
31638 2593
31638 5394
31638 8612
31638 8968
31638 13113
31638 21101
31638 21176
31638 21333
31638 24717
31638 25488
31638 28929
31638 12835
31638 15584
31638 200480
31638 207638
31638 208808
31638 210144
31638 41364
31638 39479
31638 50316
31638 20912
31638 198240
31638 199666
31638 34606
31638 196983
31638 20811
31638 43625
31638 60943
31638 207054
31638 44219
31638 205926
31638 42425
31638 43185
31638 44092
31638 198721
31638 47242
31638 41644
31638 197440
31638 34428
31638 62275
31638 199837
31638 51616
31638 42669
31638 12850
31638 57300
31638 35612
31638 5398
31638 34691
31638 34758
31638 35574
31638 39636
31638 41651
31638 47406
31638 51300
31638 51580
31638 60822
31638 62009
31638 203462
31638 204471
31638 205005
31638 207594
31638 209902
31638 212686
31638 213111
34428 12779
34428 39120
34428 5392
34428 8660
34428 12637
34428 51185
34428 49605
34428 49709
34428 50877
34428 57111
34428 59919
34428 41364
34428 50316
34428 62275
34428 20912
34428 5398
34428 35574
34428 203462
34428 56962
34428 201502
34428 202193
34428 203180
34428 203713
34428 204280
34428 204947
34428 205704
34428 206617
34428 207715
34428 208432
34428 209071
34428 208808
34428 197440
34428 12850
34428 60822
34428 207594
34606 12779
34606 39120
34606 137
34606 5392
34606 8660
34606 12637
34606 51185
34606 49605
34606 49709
34606 50877
34606 57111
34606 59919
34606 31121
34606 2593
34606 5394
34606 8612
34606 8968
34606 13113
34606 21101
34606 21176
34606 21333
34606 24717
34606 25488
34606 28929
34606 43817
34606 47568
34606 202094
34606 207638
34606 210144
34606 41364
34606 39479
34606 50316
34606 20912
34606 198240
34606 199666
34606 20811
34606 34691
34606 34758
34606 35612
34606 39636
34606 41644
34606 41651
34606 42425
34606 42669
34606 43185
34606 43625
34606 44092
34606 44219
34606 47242
34606 47406
34606 51300
34606 51580
34606 51616
34606 57300
34606 60943
34606 62009
34606 196983
34606 198721
34606 199837
34606 200480
34606 204471
34606 205005
34606 205926
34606 207054
34606 209902
34606 212686
34606 213111
34758 12779
34758 39120
34758 137
34758 8660
34758 12637
34758 51185
34758 49605
34758 49709
34758 50877
34758 57111
34758 59919
34758 31121
34758 2593
34758 5394
34758 8612
34758 8968
34758 13113
34758 21101
34758 21176
34758 21333
34758 24717
34758 25488
34758 28929
34758 34691
34758 13097
34758 205729
34758 207638
34758 210144
34758 41364
34758 39479
34758 50316
34758 20912
34758 198240
34758 199666
34758 196983
34758 43625
34758 60943
34758 207054
34758 44219
34758 205926
34758 200480
34758 42425
34758 43185
34758 44092
34758 198721
34758 47242
34758 41644
34758 199837
34758 51616
34758 42669
34758 57300
34758 35612
34758 47406
34758 41651
34758 51300
34758 212686
34758 62009
34758 39636
34758 51580
34758 204471
34758 205005
34758 209902
34758 213111
34971 12779
34971 39120
34971 5392
34971 12637
34971 49605
34971 49709
34971 50877
34971 57111
34971 59919
34971 20811
34971 5394
35612 12779
35612 39120
35612 137
35612 5392
35612 8660
35612 12637
35612 49605
35612 49709
35612 50877
35612 57111
35612 59919
35612 31121
35612 2593
35612 5394
35612 8612
35612 8968
35612 13113
35612 21101
35612 21176
35612 21333
35612 24717
35612 25488
35612 28929
35612 34691
35612 39217
35612 201946
35612 206267
35612 214164
35612 207638
35612 210144
35612 41364
35612 39479
35612 50316
35612 20912
35612 198240
35612 199666
35612 196983
35612 43625
35612 60943
35612 207054
35612 44219
35612 205926
35612 200480
35612 42425
35612 43185
35612 44092
35612 198721
35612 47242
35612 41644
35612 199837
35612 51616
35612 42669
35612 57300
35612 39636
35612 41651
35612 47406
35612 51300
35612 51580
35612 62009
35612 204471
35612 205005
35612 209902
35612 212686
35612 213111
35617 12779
35617 39120
35617 12637
35617 49605
35617 49709
35617 50877
35617 57111
35617 59919
35617 20912
35617 5398
35617 20811
35617 200752
35617 208578
39808 12779
39808 39120
39808 5392
39808 8660
39808 12637
39808 51185
39808 49605
39808 49709
39808 50877
39808 57111
39808 59919
39808 20912
41364 12779
41364 39120
41364 137
41364 51185
41364 50877
41364 31121
41364 2593
41364 5394
41364 8612
41364 8968
41364 13113
41364 21101
41364 21176
41364 21333
41364 24717
41364 25488
41364 28929
41364 34691
41364 39479
41364 39636
41364 13060
41364 25309
41364 207638
41364 209631
41364 208808
41364 210144
41364 5398
41364 12850
41364 35574
41364 41644
41364 41651
41364 42425
41364 42669
41364 43185
41364 43625
41364 44092
41364 44219
41364 47242
41364 47406
41364 50316
41364 51300
41364 51580
41364 51616
41364 57300
41364 60822
41364 60943
41364 62009
41364 62275
41364 196983
41364 197440
41364 198240
41364 198721
41364 199666
41364 199837
41364 200480
41364 203462
41364 204471
41364 205005
41364 205926
41364 207054
41364 207594
41364 209902
41364 212686
41364 213111
42176 12779
42176 39120
42176 12637
42176 49605
42176 57111
42176 20912
43648 12779
43648 39120
43648 12637
43648 49605
43648 49709
43648 57111
43648 62275
43648 20912
43648 208499
43648 208516
43843 12779
43843 39120
43843 5392
43843 8660
43843 12637
43843 51185
43843 49605
43843 49709
43843 50877
43843 57111
43843 59919
43989 12779
43989 39120
43989 5392
43989 8660
43989 12637
43989 51185
43989 49605
43989 49709
43989 50877
43989 57111
43989 59919
43989 20912
43989 20811
43989 60975
44092 12779
44092 39120
44092 137
44092 5392
44092 8660
44092 12637
44092 51185
44092 49605
44092 49709
44092 50877
44092 57111
44092 59919
44092 31121
44092 2593
44092 5394
44092 8612
44092 8968
44092 13113
44092 21101
44092 21176
44092 21333
44092 24717
44092 25488
44092 28929
44092 34691
44092 39479
44092 39636
44092 41651
44092 42425
44092 42669
44092 43185
44092 43625
44092 41050
44092 41644
44092 199017
44092 199532
44092 200034
44092 200799
44092 202803
44092 207545
44092 214435
44092 207638
44092 210144
44092 50316
44092 20912
44092 198240
44092 199666
44092 196983
44092 20811
44092 60943
44092 207054
44092 44219
44092 205926
44092 200480
44092 47242
44092 47406
44092 51300
44092 51580
44092 51616
44092 57300
44092 62009
44092 198721
44092 199837
44092 204471
44092 205005
44092 209902
44092 212686
44092 213111
44513 12779
44513 39120
44513 5392
44513 8660
44513 12637
44513 51185
44513 49605
44513 49709
44513 50877
44513 57111
44513 59919
44513 20912
44513 20811
44747 12779
44747 39120
44747 5392
44747 8660
44747 12637
44747 51185
44747 49605
44747 49709
44747 50877
44747 57111
44747 59919
44747 20912
44747 215057
47217 12779
47217 39120
47217 5392
47217 8660
47217 12637
47217 51185
47217 49605
47217 49709
47217 50877
47217 57111
47217 59919
47217 20811
47217 12481
47217 39019
47408 12779
47408 39120
47408 5392
47408 8660
47408 12637
47408 51185
47408 49605
47408 49709
47408 50877
47408 57111
47408 59919
47408 20912
47408 20811
47408 199362
47408 202193
47408 204280
47408 208432
47408 209234
47408 213315
47927 12779
47927 39120
47927 5392
47927 8660
47927 12637
47927 51185
47927 49605
47927 49709
47927 50877
47927 57111
47927 59919
47927 20912
47927 20811
47927 35590
47927 199837
47927 200480
47927 212508
49289 12779
49289 39120
49289 30722
49289 199324
49289 5392
49289 8660
49289 12637
49289 51185
49289 49605
49289 49709
49289 57111
49289 59919
49289 15472
49289 34618
49289 35590
49289 50316
49289 50877
49289 199477
49289 200480
49289 203591
49289 204947
49605 12779
49605 39120
49605 56911
49605 41720
49605 137
49605 216309
49605 49367
49605 9104
49605 16004
49605 196749
49605 199324
49605 201602
49605 5392
49605 8660
49605 12637
49605 51185
49605 29050
49605 207606
49605 204180
49605 211661
49605 212054
49605 208437
49605 204923
49605 56962
49605 44084
49605 21176
49605 207029
49605 5394
49605 51001
49605 211918
49605 62093
49605 208808
49605 49524
49605 210026
49605 205099
49605 205032
49605 56472
49605 202193
49605 60501
49605 197293
49605 49640
49605 200760
49605 202803
49605 208867
49605 47254
49605 31263
49605 39479
49605 50316
49605 200148
49605 59919
49605 3242
49605 199348
49605 209301
49605 60798
49605 20912
49605 212602
49605 51333
49605 21034
49605 60975
49605 56550
49605 204309
49605 197650
49605 199162
49605 39729
49605 205891
49605 60432
49605 201877
49605 39657
49605 199666
49605 205358
49605 57507
49605 57913
49605 209358
49605 216257
49605 59829
49605 205985
49605 203223
49605 49653
49605 57111
49605 47152
49605 208376
49605 204389
49605 31319
49605 49088
49605 5397
49605 207715
49605 200818
49605 64445
49605 198059
49605 213462
49605 59699
49605 196983
49605 203089
49605 8265
49605 206022
49605 208354
49605 60530
49605 208920
49605 212394
49605 8816
49605 24749
49605 33986
49605 41827
49605 2593
49605 5398
49605 6882
49605 8224
49605 8612
49605 8968
49605 12445
49605 12650
49605 12835
49605 12850
49605 13113
49605 13182
49605 13284
49605 15691
49605 20811
49605 20924
49605 21101
49605 24796
49605 24880
49605 28999
49605 29286
49605 29449
49605 30848
49605 34599
49605 34691
49605 35193
49605 35574
49605 35590
49605 39217
49605 39719
49605 41050
49605 41160
49605 41644
49605 41651
49605 42463
49605 42692
49605 42764
49605 43364
49605 43942
49605 44512
49605 44741
49605 45015
49605 47242
49605 48394
49605 48500
49605 48544
49605 49535
49605 49924
49605 50112
49605 50352
49605 50877
49605 51569
49605 51580
49605 51708
49605 52030
49605 56327
49605 56376
49605 56488
49605 56754
49605 56786
49605 57264
49605 58088
49605 58316
49605 59766
49605 59862
49605 60475
49605 60772
49605 60822
49605 60989
49605 62166
49605 62275
49605 196865
49605 197075
49605 197440
49605 197506
49605 197589
49605 197825
49605 198102
49605 198128
49605 198257
49605 198349
49605 198399
49605 198471
49605 198721
49605 198916
49605 199042
49605 199181
49605 199362
49605 199536
49605 199837
49605 199947
49605 200043
49605 200108
49605 200254
49605 200311
49605 200409
49605 200424
49605 200497
49605 200553
49605 200794
49605 200799
49605 200813
49605 200873
49605 201183
49605 201198
49605 201333
49605 201502
49605 201722
49605 201806
49605 201847
49605 202098
49605 202146
49605 202339
49605 202347
49605 202371
49605 202617
49605 202675
49605 202709
49605 202870
49605 202896
49605 202975
49605 203059
49605 203180
49605 203201
49605 203462
49605 203485
49605 203489
49605 203591
49605 203713
49605 203847
49605 204121
49605 204280
49605 204326
49605 204471
49605 204482
49605 204504
49605 204809
49605 204947
49605 205051
49605 205219
49605 205276
49605 205330
49605 205385
49605 206135
49605 206173
49605 206182
49605 206355
49605 206460
49605 206476
49605 206539
49605 206617
49605 206732
49605 206737
49605 206988
49605 207013
49605 207054
49605 207227
49605 207594
49605 207697
49605 208244
49605 209137
49605 209138
49605 209246
49605 209408
49605 209529
49605 209591
49605 209624
49605 209902
49605 209970
49605 209992
49605 210129
49605 210218
49605 210278
49605 211084
49605 211360
49605 211391
49605 211482
49605 211991
49605 212417
49605 212559
49605 212700
49605 212751
49605 213063
49605 213089
49605 213260
49605 213338
49605 213791
49605 213972
49605 214435
49605 214443
49605 49709
49605 60451
49605 198090
49605 200185
49605 201102
50196 31263
50316 12779
50316 39120
50316 137
50316 5392
50316 8660
50316 12637
50316 51185
50316 49709
50316 50877
50316 57111
50316 59919
50316 31121
50316 2593
50316 5394
50316 8612
50316 8968
50316 13113
50316 21101
50316 21176
50316 21333
50316 24717
50316 25488
50316 28929
50316 34691
50316 39636
50316 41644
50316 41651
50316 42425
50316 42669
50316 43185
50316 43625
50316 44219
50316 47242
50316 47406
50316 39479
50316 50376
50316 207638
50316 208808
50316 210144
50316 5398
50316 12850
50316 35574
50316 20811
50316 20912
50316 51300
50316 51580
50316 51616
50316 57300
50316 60822
50316 60943
50316 62009
50316 62275
50316 196983
50316 197440
50316 198240
50316 198721
50316 199666
50316 199837
50316 200480
50316 203462
50316 204471
50316 205005
50316 205926
50316 207054
50316 207594
50316 209902
50316 212686
50316 213111
50316 59699
50877 12779
50877 39120
50877 56911
50877 41720
50877 137
50877 216309
50877 49367
50877 9104
50877 16004
50877 196749
50877 199324
50877 201602
50877 8660
50877 12637
50877 51185
50877 49709
50877 5392
50877 39479
50877 212686
50877 207606
50877 204180
50877 31121
50877 212054
50877 208437
50877 21333
50877 204923
50877 56962
50877 210224
50877 207638
50877 44084
50877 21176
50877 207029
50877 5394
50877 51001
50877 211918
50877 62093
50877 208808
50877 49524
50877 210026
50877 205099
50877 205032
50877 56472
50877 202193
50877 60501
50877 210144
50877 197293
50877 49640
50877 200760
50877 202803
50877 208867
50877 47254
50877 31263
50877 59919
50877 3242
50877 199348
50877 24717
50877 60798
50877 20912
50877 212602
50877 51333
50877 60975
50877 56550
50877 198240
50877 204309
50877 39729
50877 205891
50877 60432
50877 201877
50877 39657
50877 199666
50877 42180
50877 57507
50877 57913
50877 209358
50877 216257
50877 59829
50877 205985
50877 203223
50877 49653
50877 57111
50877 47152
50877 208376
50877 204389
50877 31319
50877 25488
50877 49088
50877 207715
50877 64445
50877 198059
50877 213462
50877 59699
50877 196983
50877 207042
50877 8265
50877 206022
50877 208354
50877 208920
50877 212394
50877 209970
50877 20811
50877 57264
50877 203847
50877 205139
50877 41050
50877 202675
50877 25569
50877 213063
50877 212700
50877 43942
50877 209408
50877 206988
50877 43625
50877 60943
50877 39719
50877 42692
50877 51569
50877 56488
50877 8816
50877 200873
50877 201333
50877 209138
50877 24749
50877 44741
50877 56376
50877 201183
50877 213791
50877 211084
50877 198128
50877 12650
50877 59862
50877 207054
50877 44219
50877 205926
50877 202371
50877 202896
50877 200480
50877 204280
50877 42425
50877 205330
50877 35193
50877 43185
50877 205219
50877 213972
50877 211391
50877 28999
50877 56786
50877 210218
50877 199362
50877 200497
50877 60989
50877 39217
50877 206173
50877 198721
50877 58082
50877 47242
50877 203201
50877 198102
50877 209137
50877 207013
50877 44512
50877 41644
50877 198090
50877 50352
50877 13182
50877 204121
50877 197440
50877 29449
50877 41160
50877 210278
50877 201198
50877 199837
50877 214435
50877 202975
50877 207697
50877 20924
50877 51616
50877 42669
50877 199536
50877 57300
50877 204326
50877 206460
50877 202870
50877 12835
50877 60475
50877 48394
50877 21101
50877 200409
50877 203489
50877 30848
50877 48500
50877 29050
50877 203848
50877 13113
50877 208449
50877 210129
50877 214164
50877 8224
50877 60772
50877 51708
50877 213260
50877 204809
50877 45015
50877 8612
50877 201102
50877 200254
50877 211360
50877 24880
50877 212559
50877 33986
50877 197506
50877 198399
50877 34599
50877 199181
50877 60822
50877 212751
50877 206539
50877 206182
50877 213338
50877 209591
50877 198434
50877 47406
50877 28929
50877 41651
50877 43364
50877 197825
50877 202347
50877 2593
50877 8968
50877 15691
50877 34691
50877 35574
50877 49535
50877 5398
50877 12445
50877 35590
50877 39636
50877 47875
50877 48544
50877 51300
50877 51580
50877 62009
50877 62166
50877 196865
50877 197589
50877 199947
50877 200424
50877 200553
50877 200794
50877 201502
50877 201806
50877 202709
50877 203462
50877 204482
50877 204504
50877 204947
50877 205005
50877 206135
50877 206476
50877 209902
50877 211991
50877 213111
50877 197075
50877 198471
50877 200043
50877 200108
50877 200799
50877 200813
50877 202098
50877 202617
50877 203059
50877 203591
50877 205276
50877 206617
50877 207594
50877 208244
50877 211482
50877 211886
50877 204471
50877 62275
50877 214443
51185 12779
51185 39120
51185 56911
51185 41720
51185 137
51185 49367
51185 9104
51185 196749
51185 199324
51185 201602
51185 5392
51185 8660
51185 12637
51185 207606
51185 204180
51185 212054
51185 204923
51185 56962
51185 44084
51185 21176
51185 5394
51185 51001
51185 211918
51185 21086
51185 208808
51185 49524
51185 210026
51185 205099
51185 205032
51185 48634
51185 202193
51185 60501
51185 197293
51185 49640
51185 200760
51185 202803
51185 208867
51185 31263
51185 39479
51185 59919
51185 3242
51185 199348
51185 60798
51185 20912
51185 212602
51185 51333
51185 56550
51185 204309
51185 39729
51185 205891
51185 201877
51185 199666
51185 57507
51185 57913
51185 216257
51185 59829
51185 205985
51185 203223
51185 49653
51185 57111
51185 208376
51185 204389
51185 31319
51185 49088
51185 207715
51185 64445
51185 198059
51185 213462
51185 59699
51185 196983
51185 8265
51185 206022
51185 208354
51185 208920
51185 20811
51185 203847
51185 41050
51185 202675
51185 213063
51185 212700
51185 43942
51185 206988
51185 39719
51185 51569
51185 56488
51185 8816
51185 200873
51185 201333
51185 24749
51185 44741
51185 56376
51185 201183
51185 211084
51185 198128
51185 12650
51185 59862
51185 207054
51185 202371
51185 202896
51185 204280
51185 205330
51185 35193
51185 205219
51185 213972
51185 211391
51185 214443
51185 28999
51185 56786
51185 210218
51185 199362
51185 200497
51185 60989
51185 39217
51185 206173
51185 198721
51185 47242
51185 203201
51185 212508
51185 198102
51185 44512
51185 41644
51185 198090
51185 50352
51185 13182
51185 204121
51185 197440
51185 41160
51185 62275
51185 201198
51185 199837
51185 214435
51185 202975
51185 203180
51185 207697
51185 199536
51185 12850
51185 204326
51185 206460
51185 202870
51185 12835
51185 60475
51185 48394
51185 21101
51185 200409
51185 203489
51185 30848
51185 48500
51185 29050
51185 13113
51185 210129
51185 8224
51185 60772
51185 51708
51185 213260
51185 204809
51185 45015
51185 8612
51185 201102
51185 200254
51185 24880
51185 212559
51185 33986
51185 197506
51185 198399
51185 34599
51185 199181
51185 60822
51185 212751
51185 206539
51185 206182
51185 213338
51185 41651
51185 2593
51185 5398
51185 8968
51185 12445
51185 15691
51185 34691
51185 35574
51185 35590
51185 43364
51185 48544
51185 49535
51185 49709
51185 196865
51185 199947
51185 206135
51185 209902
51185 51580
51185 62166
51185 197075
51185 197589
51185 197825
51185 198471
51185 200043
51185 200108
51185 200553
51185 200794
51185 200799
51185 200813
51185 201502
51185 201806
51185 202347
51185 202617
51185 202709
51185 203059
51185 203462
51185 203591
51185 204471
51185 204504
51185 204947
51185 205276
51185 206476
51185 206617
51185 207594
51185 211482
51185 211991
51333 12779
51333 39120
51333 5392
51333 8660
51333 12637
51333 49709
51333 57111
51333 59919
51333 20912
51333 20811
51333 204504
51333 205219
51580 12779
51580 39120
51580 137
51580 8660
51580 12637
51580 49709
51580 57111
51580 59919
51580 31121
51580 2593
51580 5394
51580 8612
51580 8968
51580 13113
51580 21101
51580 21176
51580 21333
51580 24717
51580 25488
51580 28929
51580 34691
51580 39479
51580 39636
51580 41644
51580 41651
51580 42425
51580 42669
51580 43185
51580 43625
51580 44219
51580 47242
51580 47406
51580 51300
51580 41381
51580 202552
51580 211756
51580 207638
51580 210144
51580 20912
51580 198240
51580 199666
51580 196983
51580 20811
51580 60943
51580 207054
51580 205926
51580 200480
51580 198721
51580 199837
51580 51616
51580 57300
51580 212686
51580 62009
51580 204471
51580 205005
51580 209902
51580 213111
56559 3242
56786 12779
56786 39120
56786 5392
56786 8660
56786 12637
56786 49709
56786 57111
56786 59919
56786 20912
56786 20811
56786 64445
56786 200984
56786 204366
56786 210638
56786 211702
58082 12637
58082 20811
59699 12779
59699 39120
59699 5392
59699 8660
59699 12637
59699 49709
59699 57111
59699 59919
59699 50891
59699 201795
59699 208449
59699 209345
59699 209646
59699 212282
59862 12779
59862 39120
59862 5392
59862 8660
59862 12637
59862 49709
59862 57111
59862 59919
59862 20912
60087 12637
60501 12779
60501 39120
60501 5392
60501 8660
60501 12637
60501 49709
60501 57111
60501 59919
60501 20912
60501 20811
60501 47254
60501 51679
60501 59987
60501 60023
60501 62092
60501 196708
60501 204903
60501 208244
60501 208376
60501 209102
60501 212271
60501 216172
60501 57264
60530 12779
60530 39120
60530 12637
60530 49709
60530 57111
60530 62275
60530 20912
60772 12779
60772 39120
60772 5392
60772 8660
60772 12637
60772 49709
60772 57111
60772 59919
60772 210278
60798 12779
60798 39120
60798 5392
60798 8660
60798 12637
60798 49709
60798 57111
60798 59919
60798 20912
60798 20811
60798 202709
60798 203073
60798 207905
60822 12779
60822 39120
60822 5392
60822 8660
60822 12637
60822 49709
60822 57111
60822 59919
60822 62275
60822 20912
60822 35574
60822 203462
60822 12340
60822 201367
60822 202709
60822 208716
60822 208808
60822 197440
60822 12850
60822 207594
60989 12779
60989 39120
60989 5392
60989 8660
60989 12637
60989 49709
60989 57111
60989 59919
60989 20912
61315 35574
62275 12779
62275 39120
62275 5392
62275 8660
62275 12637
62275 49709
62275 57111
62275 59919
62275 211661
62275 34978
62275 200547
62275 204386
62275 204471
62275 206022
62275 209529
62275 208808
62275 200148
62275 209301
62275 20912
62275 39657
62275 205358
62275 200818
62275 203089
62275 20811
62275 203485
62275 206737
62275 209624
62275 201333
62275 201722
62275 206355
62275 213089
62275 41827
62275 197440
62275 59766
62275 12850
62275 42463
62275 58088
62275 60451
62275 5398
62275 29286
62275 35574
62275 199042
62275 200311
62275 202975
62275 203462
62275 206732
62275 207227
62275 207594
62275 201847
62275 202870
198128 12779
198128 39120
198128 8660
198128 12637
198128 49709
198128 57111
198128 59919
198721 12779
198721 39120
198721 137
198721 5392
198721 8660
198721 12637
198721 49709
198721 57111
198721 59919
198721 31121
198721 2593
198721 5394
198721 8612
198721 8968
198721 13113
198721 21101
198721 21176
198721 21333
198721 24717
198721 25488
198721 28929
198721 34691
198721 39479
198721 39636
198721 41644
198721 41651
198721 42425
198721 42669
198721 43185
198721 43625
198721 44219
198721 47242
198721 47406
198721 51300
198721 51616
198721 57300
198721 60943
198721 62009
198721 196983
198721 198240
198721 207638
198721 210144
198721 20912
198721 199666
198721 207054
198721 205926
198721 200480
198721 199837
198721 204471
198721 205005
198721 209902
198721 212686
198721 213111
199162 12779
199162 39120
199162 12637
199162 49709
199162 57111
199162 20912
199162 56327
199181 12779
199181 39120
199181 5392
199181 8660
199181 49709
199181 57111
199181 59919
199181 20912
199181 20811
199181 12637
199348 12779
199348 39120
199348 5392
199348 8660
199348 12637
199348 49709
199348 57111
199348 59919
199348 199288
199348 203525
199348 206966
199348 213444
199536 12779
199536 39120
199536 5392
199536 8660
199536 12637
199536 49709
199536 57111
199536 59919
199536 20912
200043 12779
200043 39120
200043 5392
200043 8660
200043 12637
200043 49709
200043 57111
200043 59919
200043 20912
200043 20811
200043 62290
200553 12779
200553 39120
200553 5392
200553 8660
200553 12637
200553 49709
200553 57111
200553 59919
200553 20912
200553 209583
200760 12779
200760 39120
200760 5392
200760 8660
200760 12637
200760 49709
200760 57111
200760 59919
200760 208761
201183 12779
201183 39120
201183 5392
201183 8660
201183 12637
201183 49709
201183 57111
201183 59919
201333 12779
201333 39120
201333 5392
201333 8660
201333 12637
201333 49709
201333 57111
201333 59919
201333 20912
201333 20811
201333 201058
201877 12779
201877 39120
201877 5392
201877 8660
201877 12637
201877 49709
201877 57111
201877 59919
201877 8968
202098 12779
202098 39120
202098 5392
202098 8660
202098 12637
202098 49709
202098 57111
202098 59919
202098 20912
202098 214443
202347 12779
202347 39120
202347 5392
202347 8660
202347 12637
202347 49709
202347 57111
202347 59919
202870 12779
202870 39120
202870 5392
202870 8660
202870 12637
202870 49709
202870 57111
202870 59919
202870 20912
202975 12779
202975 39120
202975 8660
202975 12637
202975 49709
202975 57111
202975 59919
203201 12779
203201 39120
203201 5392
203201 8660
203201 12637
203201 49709
203201 57111
203201 59919
203201 20658
203201 39825
203201 41606
203201 42665
203201 60049
203201 197290
203201 200944
203201 202371
203201 204760
203201 207697
203201 208808
203201 209634
203223 12779
203223 39120
203223 5392
203223 8660
203223 12637
203223 49709
203223 57111
203223 59919
203367 44939
203462 12779
203462 39120
203462 5392
203462 8660
203462 12637
203462 49709
203462 57111
203462 59919
203462 20912
203462 5398
203462 20811
203462 35574
203462 198257
203462 206658
203462 208919
203462 208808
203462 197440
203462 12850
203462 207594
203489 12779
203489 39120
203489 5392
203489 8660
203489 12637
203489 49709
203489 57111
203489 59919
203489 214169
203847 12779
203847 39120
203847 5392
203847 8660
203847 12637
203847 49709
203847 57111
203847 59919
203847 20912
203847 20811
204096 56911
204326 12779
204326 39120
204326 8660
204326 12637
204326 49709
204326 57111
204326 59919
204326 20912
204326 20811
205051 12779
205051 39120
205051 12637
205051 49709
205051 57111
205051 20912
205385 12779
205385 39120
205385 12637
205385 49709
205385 57111
205385 20912
206460 12779
206460 39120
206460 5392
206460 8660
206460 12637
206460 49709
206460 57111
206460 59919
207594 12779
207594 39120
207594 56911
207594 5392
207594 8660
207594 12637
207594 49709
207594 57111
207594 59919
207594 20912
207594 5398
207594 20811
207594 35574
207594 198090
207594 198257
207594 202132
207594 211669
207594 212891
207594 214435
207594 208808
207594 197440
207594 12850
208808 12779
208808 39120
208808 8660
208808 12637
208808 49709
208808 57111
208808 59919
208808 20912
208808 5398
208808 35574
208808 12850
208808 197440
209624 12779
209624 39120
209624 12637
209624 49709
209624 57111
209624 20912
209624 203485
210026 12779
210026 39120
210026 5392
210026 8660
210026 12637
210026 49709
210026 57111
210026 59919
210026 20912
210218 12779
210218 39120
210218 8660
210218 12637
210218 49709
210218 57111
210218 59919
210218 20912
210278 12779
210278 39120
210278 8660
210278 12637
210278 20912
211918 12779
211918 39120
211918 5392
211918 8660
211918 12637
211918 49709
211918 57111
211918 59919
211991 12779
211991 39120
211991 5392
211991 8660
211991 12637
211991 49709
211991 57111
211991 59919
216257 12779
216257 39120
216257 8660
216257 12637
216257 57111
216257 59919
3242 12779
3242 39120
3242 8660
3242 12637
3242 49709
3242 57111
3242 59919
3242 20912
3242 60227
8217 8968
8660 12779
8660 39120
8660 56911
8660 41720
8660 137
8660 30722
8660 49367
8660 9104
8660 16004
8660 196749
8660 199324
8660 201602
8660 207606
8660 204180
8660 212054
8660 204923
8660 56962
8660 44084
8660 21176
8660 207029
8660 5394
8660 51001
8660 62093
8660 49524
8660 205099
8660 205032
8660 48634
8660 202193
8660 197293
8660 49640
8660 202803
8660 208867
8660 31263
8660 39479
8660 59919
8660 20912
8660 212602
8660 56550
8660 204309
8660 39729
8660 205891
8660 199666
8660 57507
8660 57913
8660 209358
8660 59829
8660 205985
8660 49653
8660 57111
8660 208376
8660 204389
8660 31319
8660 49088
8660 207715
8660 64445
8660 198059
8660 213462
8660 206022
8660 208354
8660 208920
8660 212394
8660 209970
8660 41050
8660 202675
8660 213063
8660 212700
8660 43942
8660 209408
8660 206988
8660 39719
8660 51569
8660 56488
8660 8816
8660 200873
8660 209138
8660 24749
8660 44741
8660 56376
8660 211084
8660 12650
8660 12637
8660 207054
8660 202371
8660 202896
8660 204280
8660 205330
8660 35193
8660 205219
8660 213972
8660 211391
8660 214443
8660 28999
8660 199362
8660 200497
8660 39217
8660 206173
8660 47242
8660 198102
8660 209137
8660 207013
8660 44512
8660 41644
8660 198090
8660 50352
8660 13182
8660 204121
8660 197440
8660 41160
8660 201198
8660 199837
8660 214435
8660 207697
8660 20924
8660 12835
8660 60475
8660 48394
8660 21101
8660 200409
8660 30848
8660 48500
8660 29050
8660 13113
8660 210129
8660 8224
8660 51708
8660 213260
8660 204809
8660 45015
8660 8612
8660 201102
8660 200254
8660 24880
8660 212559
8660 33986
8660 197506
8660 198399
8660 34599
8660 212751
8660 206539
8660 206182
8660 213338
8660 209591
8660 41651
8660 43364
8660 197825
8660 2593
8660 12445
8660 204947
8660 203059
8660 196865
8660 203591
8660 205276
8660 200108
8660 200813
8660 49535
8660 200794
8660 34691
8660 200799
8660 211482
8660 206617
8660 199947
8660 35574
8660 5398
8660 35590
8660 48544
8660 197589
8660 201502
8660 202709
8660 206135
8660 206476
8660 209902
8660 15691
8660 49709
8660 62166
8660 197075
8660 198471
8660 201806
8660 202617
8660 204471
8660 204504
8660 211886
15691 12779
15691 39120
15691 5392
15691 12637
15691 57111
15691 59919
15691 20912
15691 49733
16076 20992
20697 209631
21176 12779
21176 39120
21176 137
21176 12637
21176 57111
21176 59919
21176 31121
21176 2593
21176 5394
21176 8612
21176 8968
21176 13113
21176 21101
21176 21333
21176 207638
21176 24717
21176 25488
21176 28929
21176 34691
21176 39479
21176 39636
21176 41644
21176 41651
21176 42425
21176 42669
21176 43185
21176 43625
21176 44219
21176 47242
21176 47406
21176 51300
21176 51616
21176 57300
21176 60943
21176 62009
21176 196983
21176 198240
21176 199666
21176 199837
21176 200480
21176 204471
21176 205005
21176 205926
21176 207054
21176 209902
21176 210144
21176 212686
21176 213111
21333 12779
21333 137
21333 31121
21333 2593
21333 5394
21333 8612
21333 8968
21333 13113
21333 21101
21333 29598
21333 31403
21333 24717
21333 25488
21333 28929
21333 34691
21333 39479
21333 39636
21333 41644
21333 41651
21333 42425
21333 42669
21333 43185
21333 43625
21333 44219
21333 47242
21333 47406
21333 51300
21333 51616
21333 57300
21333 60943
21333 62009
21333 196983
21333 198240
21333 199666
21333 199837
21333 200480
21333 204471
21333 205005
21333 205926
21333 207054
21333 207638
21333 209902
21333 210144
21333 212686
21333 213111
29050 12779
29050 39120
29050 12637
29050 49709
29050 57111
29050 59919
29050 20912
29050 43960
29050 61000
31067 20811
31086 31263
31087 30848
34691 12779
34691 39120
34691 137
34691 12637
34691 57111
34691 59919
34691 31121
34691 2593
34691 5394
34691 8612
34691 8968
34691 13113
34691 21101
34691 24717
34691 25488
34691 28929
34691 58316
34691 198349
34691 207638
34691 210144
34691 39479
34691 198240
34691 199666
34691 196983
34691 43625
34691 60943
34691 207054
34691 44219
34691 205926
34691 200480
34691 42425
34691 43185
34691 47242
34691 41644
34691 199837
34691 51616
34691 42669
34691 57300
34691 47406
34691 41651
34691 51300
34691 212686
34691 62009
34691 39636
34691 204471
34691 205005
34691 209902
34691 213111
39719 12779
39719 39120
39719 12637
39719 57111
39719 59919
42515 30722
42515 34405
47178 206738
49709 12779
49709 39120
49709 56911
49709 41720
49709 137
49709 216309
49709 49367
49709 9104
49709 16004
49709 196749
49709 199324
49709 201602
49709 5392
49709 12637
49709 204158
49709 207606
49709 204180
49709 211661
49709 208437
49709 204923
49709 44084
49709 207029
49709 5394
49709 51001
49709 49524
49709 205099
49709 205032
49709 48634
49709 56472
49709 202193
49709 197293
49709 202803
49709 208867
49709 31263
49709 39479
49709 200148
49709 59919
49709 209301
49709 20912
49709 212602
49709 60975
49709 56550
49709 204309
49709 197650
49709 39729
49709 205891
49709 60432
49709 39657
49709 199666
49709 205358
49709 57507
49709 57913
49709 209358
49709 59829
49709 205985
49709 49653
49709 57111
49709 47152
49709 208376
49709 204389
49709 31319
49709 207715
49709 200818
49709 64445
49709 198059
49709 213462
49709 196983
49709 203089
49709 8265
49709 206022
49709 208920
49709 212394
49709 209970
49709 20811
49709 57264
49709 41050
49709 203485
49709 213063
49709 212700
49709 43942
49709 209408
49709 206988
49709 206737
49709 42692
49709 51569
49709 56488
49709 8816
49709 200873
49709 209138
49709 24749
49709 201722
49709 44741
49709 213791
49709 211084
49709 206355
49709 207054
49709 209529
49709 202896
49709 202146
49709 205330
49709 205219
49709 213972
49709 211391
49709 214443
49709 28999
49709 199362
49709 200497
49709 39217
49709 206173
49709 47242
49709 213089
49709 198102
49709 209137
49709 207013
49709 41827
49709 41644
49709 198090
49709 50352
49709 13182
49709 204121
49709 197440
49709 29449
49709 59766
49709 201198
49709 199837
49709 214435
49709 203180
49709 20924
49709 12835
49709 60475
49709 21101
49709 199042
49709 30848
49709 200311
49709 13113
49709 198257
49709 8224
49709 51708
49709 213260
49709 204809
49709 24796
49709 45015
49709 8612
49709 201102
49709 200254
49709 211360
49709 24880
49709 212559
49709 197506
49709 198399
49709 34599
49709 207227
49709 201847
49709 212751
49709 206539
49709 206182
49709 213338
49709 209591
49709 58088
49709 197825
49709 2593
49709 12445
49709 202339
49709 204947
49709 203059
49709 196865
49709 203591
49709 205276
49709 209992
49709 200108
49709 200813
49709 49535
49709 200794
49709 200799
49709 211482
49709 35574
49709 204482
49709 201806
49709 58316
49709 48544
49709 198471
49709 202709
49709 206135
49709 212417
49709 203713
49709 211886
49709 42463
49709 60451
49709 5398
49709 202617
49709 206476
49709 197589
49709 204504
49709 56327
49709 206732
49709 209902
49709 197075
49709 208244
49709 35590
49709 62166
49709 201502
49709 204471
52030 12779
52030 39120
52030 12637
52030 57111
52030 20912
60756 30722
200767 30722
200818 12779
200818 39120
200818 12637
200818 57111
202017 30722
202675 12779
202675 39120
202675 56911
202675 12637
202675 57111
202675 59919
202803 12779
202803 39120
202803 5392
202803 12637
202803 57111
202803 59919
202803 20912
202803 206952
206732 12779
206732 39120
206732 12637
206732 57111
206732 20912
208011 56911
209902 12779
209902 39120
209902 137
209902 5392
209902 12637
209902 57111
209902 59919
209902 31121
209902 2593
209902 5394
209902 8612
209902 8968
209902 13113
209902 21101
209902 24717
209902 25488
209902 28929
209902 39479
209902 39636
209902 41644
209902 41651
209902 42425
209902 42669
209902 43185
209902 43625
209902 44219
209902 47242
209902 47406
209902 51300
209902 51616
209902 57300
209902 60943
209902 62009
209902 196983
209902 198240
209902 199666
209902 199837
209902 200480
209902 204471
209902 205005
209902 205926
209902 207054
209902 207638
209902 210144
209902 20811
209902 212686
209902 213111
209902 20912
211102 29177
137 12779
137 39120
137 3275
137 5502
137 16004
137 20745
137 29609
137 35110
137 49976
137 51708
137 199342
137 209631
137 31121
137 5392
137 207638
137 5394
137 210144
137 39479
137 59919
137 24717
137 20912
137 198240
137 199666
137 57111
137 25488
137 196983
137 20811
137 43625
137 60943
137 12637
137 207054
137 44219
137 205926
137 200480
137 42425
137 43185
137 47242
137 41644
137 199837
137 51616
137 42669
137 57300
137 21101
137 13113
137 47406
137 28929
137 41651
137 2593
137 51300
137 212686
137 62009
137 39636
137 8968
137 205005
137 213111
137 204471
12779 13113
12779 21101
12779 24796
12779 25488
12779 31121
12779 39636
12779 41644
12779 42425
12779 42669
12779 43185
12779 44084
12779 44219
12779 44652
12779 47406
12779 48815
12779 51300
12779 51616
12779 57300
12779 57394
12779 59919
12779 62009
12779 196983
12779 204664
12779 205005
12779 205284
12779 205451
12779 205891
12779 205926
12779 206103
12779 207028
12779 207799
12779 209992
12779 210144
12779 213111
12779 41720
12779 30722
12779 56911
12779 39120
12779 216309
12779 49367
12779 207606
12779 204180
12779 211661
12779 5392
12779 212054
12779 208437
12779 204923
12779 56962
12779 196749
12779 207638
12779 5394
12779 51001
12779 62093
12779 49524
12779 9104
12779 205099
12779 205032
12779 48634
12779 56472
12779 197293
12779 49640
12779 208867
12779 47254
12779 31263
12779 39479
12779 200148
12779 24717
12779 209301
12779 20912
12779 212602
12779 21034
12779 60975
12779 56550
12779 198240
12779 204309
12779 197650
12779 39729
12779 199324
12779 60432
12779 39657
12779 199666
12779 205358
12779 57507
12779 57913
12779 209358
12779 59829
12779 205985
12779 201602
12779 49653
12779 57111
12779 47152
12779 208376
12779 31319
12779 49088
12779 5397
12779 207715
12779 64445
12779 198059
12779 213462
12779 203089
12779 8265
12779 206022
12779 208354
12779 208920
12779 212394
12779 209970
12779 20811
12779 57264
12779 41050
12779 203485
12779 213063
12779 212700
12779 43942
12779 209408
12779 206988
12779 43625
12779 206737
12779 60943
12779 42692
12779 51569
12779 56488
12779 200185
12779 8816
12779 200873
12779 209138
12779 24749
12779 201722
12779 44741
12779 56376
12779 213791
12779 211084
12779 12650
12779 206355
12779 12637
12779 207054
12779 209529
12779 202371
12779 202896
12779 200480
12779 49924
12779 204280
12779 202146
12779 205330
12779 35193
12779 205219
12779 213972
12779 211391
12779 214443
12779 28999
12779 209246
12779 200497
12779 39217
12779 206173
12779 47242
12779 213089
12779 198102
12779 209137
12779 207013
12779 41827
12779 44512
12779 198090
12779 50352
12779 13182
12779 204121
12779 197440
12779 29449
12779 41160
12779 59766
12779 201198
12779 199837
12779 214435
12779 203180
12779 207697
12779 20924
12779 12850
12779 198916
12779 12835
12779 60475
12779 48394
12779 199042
12779 200409
12779 30848
12779 200311
12779 48500
12779 210129
12779 198257
12779 8224
12779 51708
12779 213260
12779 204809
12779 45015
12779 8612
12779 201102
12779 200254
12779 211360
12779 24880
12779 212559
12779 33986
12779 197506
12779 198399
12779 34599
12779 207227
12779 201847
12779 212751
12779 206539
12779 206182
12779 213338
12779 209591
12779 42764
12779 28929
12779 41651
12779 58088
12779 43364
12779 197825
12779 2593
12779 12445
12779 202339
12779 203059
12779 196865
12779 203591
12779 205276
12779 212686
12779 200108
12779 200813
12779 49535
12779 200424
12779 200794
12779 200799
12779 211482
12779 206617
12779 199947
12779 35574
12779 204482
12779 29286
12779 201806
12779 48544
12779 198471
12779 202709
12779 206135
12779 212417
12779 203713
12779 42463
12779 60451
12779 5398
12779 16004
12779 202617
12779 8968
12779 206476
12779 197589
12779 204504
12779 56327
12779 197075
12779 56754
12779 208244
12779 35590
12779 204471
12779 201502
12779 62166
30722 39120
30722 5535
30722 6882
30722 12551
30722 21451
30722 29419
30722 39739
30722 41325
30722 41836
30722 42818
30722 43602
30722 43731
30722 44831
30722 44957
30722 47912
30722 48394
30722 51065
30722 197947
30722 198049
30722 199509
30722 200583
30722 202514
30722 203469
30722 203612
30722 204593
30722 206598
30722 209172
30722 211290
30722 5392
30722 20912
30722 20811
30722 12637
39120 24796
39120 45015
39120 200311
39120 203726
39120 204176
39120 204958
39120 206961
39120 207761
39120 210869
39120 212271
39120 215186
39120 215824
39120 41720
39120 216309
39120 211358
39120 56911
39120 49367
39120 207606
39120 204180
39120 211661
39120 5392
39120 212054
39120 208437
39120 204923
39120 56962
39120 196749
39120 44084
39120 207029
39120 5394
39120 51001
39120 62093
39120 49524
39120 9104
39120 205099
39120 205032
39120 48634
39120 56472
39120 202193
39120 197293
39120 49640
39120 208867
39120 47254
39120 31263
39120 39479
39120 200148
39120 59919
39120 209301
39120 20912
39120 212602
39120 208171
39120 21034
39120 60975
39120 56550
39120 204309
39120 197650
39120 39729
39120 205891
39120 199324
39120 60432
39120 39657
39120 199666
39120 205358
39120 57507
39120 57913
39120 209358
39120 59829
39120 205985
39120 201602
39120 49653
39120 57111
39120 47152
39120 208376
39120 204389
39120 31319
39120 213981
39120 49088
39120 5397
39120 207715
39120 64445
39120 198059
39120 213462
39120 196983
39120 203089
39120 8265
39120 206022
39120 208354
39120 208920
39120 212394
39120 209970
39120 20811
39120 57264
39120 41050
39120 203485
39120 213063
39120 212700
39120 43942
39120 209408
39120 206988
39120 206737
39120 42692
39120 51569
39120 56488
39120 200185
39120 8816
39120 200873
39120 205727
39120 198349
39120 209138
39120 24749
39120 201722
39120 44741
39120 56376
39120 213791
39120 211084
39120 12650
39120 206355
39120 12637
39120 207054
39120 209529
39120 44219
39120 202371
39120 202896
39120 49924
39120 204280
39120 202146
39120 205330
39120 35193
39120 205219
39120 213972
39120 211391
39120 214443
39120 28999
39120 209246
39120 199362
39120 200497
39120 39217
39120 206173
39120 47242
39120 213089
39120 212508
39120 198102
39120 209137
39120 207013
39120 41827
39120 44512
39120 41644
39120 198090
39120 50352
39120 13182
39120 204121
39120 197440
39120 29449
39120 41160
39120 59766
39120 201198
39120 199837
39120 214435
39120 203180
39120 207697
39120 20924
39120 12850
39120 198916
39120 12835
39120 60475
39120 48394
39120 21101
39120 199042
39120 200409
39120 30848
39120 48500
39120 13113
39120 210129
39120 198257
39120 8224
39120 51708
39120 207739
39120 213260
39120 204809
39120 8612
39120 201102
39120 21058
39120 200254
39120 211360
39120 24880
39120 212559
39120 33986
39120 197506
39120 198399
39120 206947
39120 34599
39120 206655
39120 207227
39120 201847
39120 212751
39120 206539
39120 206182
39120 213338
39120 209591
39120 42764
39120 47406
39120 41651
39120 58088
39120 43364
39120 197825
39120 2593
39120 12445
39120 202339
39120 204947
39120 203059
39120 196865
39120 203591
39120 205276
39120 209992
39120 200108
39120 200813
39120 49535
39120 200424
39120 200794
39120 200799
39120 211482
39120 206617
39120 199947
39120 35574
39120 204482
39120 29286
39120 201806
39120 58316
39120 48544
39120 198471
39120 202709
39120 206135
39120 212417
39120 214677
39120 203713
39120 211886
39120 42463
39120 60451
39120 39636
39120 5398
39120 16004
39120 202617
39120 8968
39120 206476
39120 197589
39120 204504
39120 56327
39120 197075
39120 56754
39120 208244
39120 35590
39120 204471
39120 201502
39120 62166
41720 216309
41720 21429
41720 47152
41720 58180
41720 202704
41720 208328
41720 208437
41720 212751
41720 5392
41720 59919
41720 20912
41720 57111
41720 20811
41720 12637
56911 56376
56911 202146
56911 202382
56911 204176
56911 204739
56911 208337
56911 210657
56911 211865
56911 213338
56911 213972
56911 214458
56911 215186
56911 215385
56911 215706
56911 215831
56911 5392
56911 59919
56911 20912
56911 57111
56911 20811
56911 12637
56911 198090
56911 8612
56911 214677
5392 216309
5392 49367
5392 9104
5392 196749
5392 199324
5392 201602
5392 207606
5392 2593
5392 5394
5392 5398
5392 8224
5392 8265
5392 8612
5392 12445
5392 12637
5392 20811
5392 20912
5392 29449
5392 31263
5392 35574
5392 39657
5392 42692
5392 47152
5392 47254
5392 48544
5392 48634
5392 57507
5392 59829
5392 59919
5392 60432
5392 60975
5392 62166
5392 64445
5392 197075
5392 197506
5392 197589
5392 198399
5392 200254
5392 200497
5392 201502
5392 202617
5392 204947
5392 206135
5392 207054
5392 207715
5392 208244
5392 208437
5392 209138
5392 209358
5392 209408
5392 209591
5392 211360
5392 212608
5392 212751
5392 213260
5392 213462
5392 213791
5392 8816
5392 8968
5392 13113
5392 20924
5392 30848
5392 31319
5392 43364
5392 47242
5392 49524
5392 49535
5392 50352
5392 51001
5392 51569
5392 56488
5392 57111
5392 60475
5392 60943
5392 197293
5392 198090
5392 198471
5392 200799
5392 201102
5392 201198
5392 202896
5392 203591
5392 204121
5392 206182
5392 206617
5392 209137
5392 212700
5394 12637
5394 57111
5394 59919
5394 31121
5394 2593
5394 12533
5394 24796
5394 57142
5394 57329
5394 197835
5394 204118
5394 205636
5394 207638
5394 8612
5394 8968
5394 13113
5394 20811
5394 20912
5394 21101
5394 24717
5394 25488
5394 28929
5394 39479
5394 39636
5394 41644
5394 41651
5394 42425
5394 42669
5394 43185
5394 43625
5394 44219
5394 47242
5394 47406
5394 51300
5394 51616
5394 57300
5394 60943
5394 62009
5394 196983
5394 198240
5394 199666
5394 199837
5394 200480
5394 204471
5394 205005
5394 205926
5394 207054
5394 210144
5394 212686
5394 213111
5394 212508
48634 12637
48634 57111
48634 59919
48634 20811
31263 12637
31263 57111
31263 59919
31263 20912
31263 8822
31263 9026
31263 24749
31263 34731
31263 39448
31263 57469
31263 58039
31263 62398
31263 199309
31263 205274
31263 206207
31263 208775
20912 216309
20912 199324
20912 12637
20912 57111
20912 59919
20912 8612
20912 8968
20912 13113
20912 41644
20912 60943
20912 199666
20912 204471
20912 211661
20912 9104
20912 15663
20912 35131
20912 45015
20912 56472
20912 60803
20912 197506
20912 201127
20912 202339
20912 206207
20912 208920
20912 209418
20912 212590
20912 213338
20912 208437
20912 204923
20912 62093
20912 47254
20912 5397
20912 5398
20912 8224
20912 8265
20912 8816
20912 20811
20912 24796
20912 29449
20912 49088
20912 49924
20912 59766
20912 60432
20912 197440
20912 198916
20912 200311
20912 201722
20912 207715
20912 212602
20912 21034
20912 28999
20912 30848
20912 31319
20912 34599
20912 35574
20912 39657
20912 41160
20912 41827
20912 42463
20912 42764
20912 47152
20912 48500
20912 50112
20912 51569
20912 56327
20912 56376
20912 56488
20912 56754
20912 57913
20912 60451
20912 60475
20912 60975
20912 64445
20912 197075
20912 197589
20912 198059
20912 198090
20912 198399
20912 198471
20912 199042
20912 200108
20912 200497
20912 200794
20912 200799
20912 201198
20912 201502
20912 201806
20912 201847
20912 202709
20912 203059
20912 203180
20912 203485
20912 203713
20912 204280
20912 204809
20912 205358
20912 205891
20912 206173
20912 206182
20912 206355
20912 206617
20912 206737
20912 207013
20912 207227
20912 208244
20912 208354
20912 208376
20912 209246
20912 209408
20912 209591
20912 209992
20912 210129
20912 211360
20912 212417
20912 212751
20912 213063
20912 213260
20912 213791
205358 12637
205358 57111
42180 12637
57111 216309
57111 49367
57111 9104
57111 16004
57111 196749
57111 199324
57111 201602
57111 12637
57111 28941
57111 207606
57111 204180
57111 211661
57111 212054
57111 208437
57111 204923
57111 56962
57111 44084
57111 207029
57111 51001
57111 62093
57111 49524
57111 205099
57111 205032
57111 56472
57111 202193
57111 197293
57111 49640
57111 208867
57111 47254
57111 39479
57111 200148
57111 59919
57111 209301
57111 212602
57111 21034
57111 60975
57111 56550
57111 204309
57111 197650
57111 39729
57111 205891
57111 60432
57111 39657
57111 199666
57111 57507
57111 57913
57111 209358
57111 59829
57111 205985
57111 49653
57111 5397
57111 8816
57111 8968
57111 12650
57111 13113
57111 20924
57111 24749
57111 28999
57111 30848
57111 31319
57111 33986
57111 41651
57111 41827
57111 42463
57111 43364
57111 47242
57111 49535
57111 50352
57111 51569
57111 56488
57111 56754
57111 2593
57111 5398
57111 8224
57111 8265
57111 8612
57111 12445
57111 12835
57111 13182
57111 20811
57111 21101
57111 24796
57111 24880
57111 29449
57111 34599
57111 35193
57111 35574
57111 35590
57111 39217
57111 41050
57111 41160
57111 41644
57111 42692
57111 42764
57111 43942
57111 44512
57111 44741
57111 45015
57111 47152
57111 48394
57111 48500
57111 48544
57111 49088
57111 49924
57111 51708
57111 56327
57111 56376
57111 57264
57111 58316
57111 59766
57111 62166
57111 64445
57111 196865
57111 196983
57111 197075
57111 197440
57111 197506
57111 197589
57111 198059
57111 198349
57111 198399
57111 198471
57111 198916
57111 199042
57111 199362
57111 199837
57111 199947
57111 200108
57111 200254
57111 200311
57111 200409
57111 200424
57111 200497
57111 200794
57111 200813
57111 200873
57111 201502
57111 201722
57111 201806
57111 202146
57111 202339
57111 202371
57111 202617
57111 202709
57111 202896
57111 203059
57111 203089
57111 203180
57111 204280
57111 204389
57111 204471
57111 204482
57111 204504
57111 204947
57111 205219
57111 205260
57111 205276
57111 205330
57111 206022
57111 206135
57111 206173
57111 206355
57111 206476
57111 206539
57111 206617
57111 206737
57111 206988
57111 207054
57111 207227
57111 207697
57111 207715
57111 208244
57111 208354
57111 208376
57111 208920
57111 209137
57111 209138
57111 209246
57111 209408
57111 209529
57111 209591
57111 209970
57111 209992
57111 210129
57111 211084
57111 211360
57111 211391
57111 211669
57111 211886
57111 212394
57111 212417
57111 212559
57111 212751
57111 213089
57111 213260
57111 213338
57111 213462
57111 213791
57111 213972
57111 214435
57111 214443
57111 58088
57111 60451
57111 60475
57111 197825
57111 198090
57111 198102
57111 198257
57111 200799
57111 201102
57111 201198
57111 201847
57111 203485
57111 203591
57111 203713
57111 204121
57111 204809
57111 206182
57111 207013
57111 211482
57111 212700
57111 213063
196983 12637
196983 59919
196983 31121
196983 2593
196983 8612
196983 8968
196983 13113
196983 21101
196983 24717
196983 25488
196983 28929
196983 39479
196983 39636
196983 41644
196983 41651
196983 42425
196983 42669
196983 43185
196983 43625
196983 44219
196983 47242
196983 47406
196983 51300
196983 51616
196983 57300
196983 60943
196983 62009
196983 39423
196983 58177
196983 59777
196983 207638
196983 210144
196983 198240
196983 199666
196983 199837
196983 200480
196983 204471
196983 205005
196983 205926
196983 207054
196983 212686
196983 213111
8265 12637
8265 59919
8265 20811
8265 51569
20811 216309
20811 12637
20811 59919
20811 2593
20811 8612
20811 8968
20811 13113
20811 204471
20811 5398
20811 8224
20811 44241
20811 49265
20811 50178
20811 51344
20811 56346
20811 57469
20811 59419
20811 205099
20811 206004
20811 207146
20811 213123
20811 208437
20811 56472
20811 47254
20811 212602
20811 60975
20811 60432
20811 39657
20811 57913
20811 47152
20811 49088
20811 64445
20811 8816
20811 12835
20811 24749
20811 24880
20811 28999
20811 29449
20811 30848
20811 35574
20811 42692
20811 44512
20811 50112
20811 56488
20811 57264
20811 60475
20811 197506
20811 198399
20811 199947
20811 200424
20811 200497
20811 208244
20811 211360
20811 212751
20811 213260
20811 213791
203485 12637
60943 12637
60943 31121
60943 2593
60943 8612
60943 8968
60943 13113
60943 21101
60943 24717
60943 25488
60943 28929
60943 39479
60943 39636
60943 41644
60943 41651
60943 42425
60943 42669
60943 43185
60943 43625
60943 44219
60943 47242
60943 47406
60943 51300
60943 51616
60943 57300
60943 207638
60943 210144
60943 198240
60943 199666
60943 62009
60943 199837
60943 200480
60943 204471
60943 205005
60943 205926
60943 207054
60943 212686
60943 213111
51569 12637
51569 59919
51569 209358
51569 213004
12637 216309
12637 49367
12637 9104
12637 16004
12637 196749
12637 199324
12637 201602
12637 6831
12637 49979
12637 50627
12637 199699
12637 200424
12637 206539
12637 212768
12637 207606
12637 204180
12637 211661
12637 212054
12637 208437
12637 204923
12637 56962
12637 210224
12637 44084
12637 207029
12637 51001
12637 62093
12637 49524
12637 205099
12637 205032
12637 56472
12637 202193
12637 197293
12637 49640
12637 208867
12637 47254
12637 39479
12637 200148
12637 59919
12637 209301
12637 212602
12637 21034
12637 60975
12637 56550
12637 198240
12637 204309
12637 197650
12637 39729
12637 205891
12637 60432
12637 39657
12637 199666
12637 57507
12637 57913
12637 209358
12637 59829
12637 205985
12637 49653
12637 47152
12637 208376
12637 204389
12637 31319
12637 49088
12637 5397
12637 207715
12637 64445
12637 198059
12637 213462
12637 203089
12637 206022
12637 208354
12637 208920
12637 212394
12637 209970
12637 57264
12637 41050
12637 25569
12637 213063
12637 212700
12637 43942
12637 209408
12637 206988
12637 206737
12637 42692
12637 56488
12637 8816
12637 200873
12637 198349
12637 209138
12637 24749
12637 201722
12637 44741
12637 56376
12637 213791
12637 211084
12637 12650
12637 206355
12637 2593
12637 5398
12637 8224
12637 8612
12637 8968
12637 12445
12637 24796
12637 28929
12637 29449
12637 49924
12637 59766
12637 196865
12637 197440
12637 198916
12637 199947
12637 200311
12637 202339
12637 204482
12637 204947
12637 206135
12637 206476
12637 207697
12637 207739
12637 211391
12637 213338
12637 213972
12637 214443
12637 12835
12637 13113
12637 13182
12637 20924
12637 21101
12637 24880
12637 28999
12637 30848
12637 33986
12637 34599
12637 35193
12637 35574
12637 35590
12637 39217
12637 41160
12637 41644
12637 41651
12637 41827
12637 42463
12637 42764
12637 43364
12637 44512
12637 45015
12637 47242
12637 47875
12637 48394
12637 48500
12637 48544
12637 49535
12637 50352
12637 51708
12637 56327
12637 56754
12637 58088
12637 58316
12637 60451
12637 60475
12637 62166
12637 197075
12637 197506
12637 197589
12637 197825
12637 198090
12637 198102
12637 198257
12637 198399
12637 198471
12637 199042
12637 199362
12637 199837
12637 200036
12637 200108
12637 200254
12637 200409
12637 200497
12637 200794
12637 200799
12637 200813
12637 201102
12637 201198
12637 201502
12637 201806
12637 201847
12637 202146
12637 202371
12637 202617
12637 202709
12637 202896
12637 203059
12637 203180
12637 203591
12637 203713
12637 203848
12637 204121
12637 204280
12637 204471
12637 204504
12637 204809
12637 205219
12637 205276
12637 205330
12637 206173
12637 206182
12637 206617
12637 207013
12637 207054
12637 207227
12637 208244
12637 209137
12637 209246
12637 209529
12637 209591
12637 209992
12637 210129
12637 211360
12637 212417
12637 212559
12637 212686
12637 212751
12637 213089
12637 213260
12637 214435
198102 59919
198102 8612
198102 12468
198102 198292
197440 59919
197440 5398
197440 35574
197440 12850
29449 59919
12850 5398
12850 35574
198916 214443
198916 15589
30848 59919
30848 201806
30848 208532
13113 59919
13113 31121
13113 2593
13113 8612
13113 8968
13113 207132
13113 207638
13113 210144
13113 39479
13113 24717
13113 198240
13113 199666
13113 25488
13113 43625
13113 207054
13113 44219
13113 205926
13113 200480
13113 42425
13113 43185
13113 47242
13113 41644
13113 199837
13113 51616
13113 42669
13113 57300
13113 21101
13113 28929
13113 39636
13113 41651
13113 47406
13113 51300
13113 62009
13113 204471
13113 205005
13113 212686
13113 213111
8612 59919
8612 31121
8612 2593
8612 41986
8612 57507
8612 201935
8612 212256
8612 215933
8612 207638
8612 210144
8612 39479
8612 24717
8612 198240
8612 199666
8612 25488
8612 43625
8612 207054
8612 44219
8612 205926
8612 200480
8612 42425
8612 43185
8612 47242
8612 41644
8612 199837
8612 51616
8612 42669
8612 57300
8612 21101
8612 8968
8612 28929
8612 39636
8612 41651
8612 47406
8612 51300
8612 62009
8612 204471
8612 205005
8612 212686
8612 213111
211360 59919
28929 31121
28929 2593
28929 8968
28929 21101
28929 24717
28929 25488
28929 207638
28929 210144
28929 39479
28929 198240
28929 199666
28929 43625
28929 207054
28929 44219
28929 205926
28929 200480
28929 42425
28929 43185
28929 47242
28929 41644
28929 199837
28929 51616
28929 42669
28929 57300
28929 47406
28929 39636
28929 41651
28929 51300
28929 62009
28929 204471
28929 205005
28929 212686
28929 213111
200794 59919
35574 59919
35574 5398
29286 201935
5398 59919
5398 49597
5398 56327
5398 57913
5398 208867
5398 208920
5398 213260
8968 31121
8968 2593
8968 3313
8968 6836
8968 12363
8968 12797
8968 25518
8968 33942
8968 34599
8968 35051
8968 35130
8968 39729
8968 43602
8968 43611
8968 198166
8968 207638
8968 210144
8968 39479
8968 24717
8968 198240
8968 199666
8968 25488
8968 43625
8968 207054
8968 44219
8968 205926
8968 200480
8968 42425
8968 43185
8968 47242
8968 41644
8968 199837
8968 51616
8968 42669
8968 57300
8968 21101
8968 47406
8968 41651
8968 51300
8968 212686
8968 62009
8968 39636
8968 204471
8968 205005
8968 213111
2593 59919
2593 31121
2593 41651
2593 207638
2593 210144
2593 39479
2593 24717
2593 198240
2593 199666
2593 25488
2593 43625
2593 207054
2593 44219
2593 205926
2593 200480
2593 42425
2593 43185
2593 47242
2593 41644
2593 199837
2593 51616
2593 42669
2593 57300
2593 21101
2593 47406
2593 39636
2593 51300
2593 62009
2593 204471
2593 205005
2593 212686
2593 213111
6882 59919
12650 59919
20942 13183
21034 214443
21086 60432
21086 212508
25518 5396
42345 24817
43364 59919
43976 15720
43976 197022
47254 59919
48382 25002
49640 59919
49640 15589
57144 12559
57817 39636
198013 197589
200424 59919
200616 47902
204280 59919
206617 59919
207697 59919
207798 201602
210129 59919
212680 28999
9104 49367
9104 59919
64445 59919
64445 49772
64445 60432
64445 60706
64445 207989
64445 208171
64445 214094
59766 58088
59766 64420
212751 59919
203591 59919
203591 214797
200799 59919
200799 51872
200799 206380
200799 212394
5602 206867
6665 15589
12835 59919
12835 29609
15589 28675
15589 44942
15589 202552
15589 204158
15589 204578
15589 207018
35193 59919
198399 59919
206135 59919
206539 59919
210144 31121
210144 21101
210144 24717
210144 25488
210144 39479
210144 39636
210144 41644
210144 41651
210144 42425
210144 42669
210144 43185
210144 43625
210144 44219
210144 47242
210144 47406
210144 51300
210144 51616
210144 57300
210144 62009
210144 198240
210144 199666
210144 199837
210144 200480
210144 204471
210144 205005
210144 205926
210144 207054
210144 207638
210144 212686
210144 213111
213847 39636
31121 21101
31121 24717
31121 25488
31121 39479
31121 39636
31121 41644
31121 41651
31121 42425
31121 42669
31121 43185
31121 43625
31121 44219
31121 47242
31121 47406
31121 51300
31121 51616
31121 57300
31121 62009
31121 198240
31121 199666
31121 199837
31121 200480
31121 204471
31121 205005
31121 205926
31121 207054
31121 207638
31121 212686
31121 213111
207638 21101
207638 24717
207638 25488
207638 39479
207638 39636
207638 41644
207638 41651
207638 42425
207638 42669
207638 43185
207638 43625
207638 44219
207638 47242
207638 47406
207638 51300
207638 51616
207638 57300
207638 62009
207638 198240
207638 199666
207638 199837
207638 200480
207638 204471
207638 205005
207638 205926
207638 207054
207638 212686
207638 213111
39479 59919
39479 21101
39479 24717
39479 25488
39479 35146
39479 202523
39479 39636
39479 41644
39479 41651
39479 42425
39479 42669
39479 43185
39479 43625
39479 44219
39479 47242
39479 47406
39479 51300
39479 51616
39479 57300
39479 62009
39479 198240
39479 199666
39479 199837
39479 200480
39479 204471
39479 205005
39479 205926
39479 207054
39479 212686
39479 213111
59919 216309
59919 49367
59919 16004
59919 196749
59919 199324
59919 201602
59919 207937
59919 207606
59919 204180
59919 212054
59919 208437
59919 204923
59919 56962
59919 44084
59919 207029
59919 51001
59919 62093
59919 49524
59919 205099
59919 205032
59919 56472
59919 202193
59919 197293
59919 208867
59919 8816
59919 20924
59919 24749
59919 28999
59919 31319
59919 33986
59919 34599
59919 39217
59919 39729
59919 41160
59919 41644
59919 41651
59919 44741
59919 47242
59919 49535
59919 49653
59919 50112
59919 50352
59919 56488
59919 8224
59919 12445
59919 13182
59919 21101
59919 24880
59919 35590
59919 39657
59919 41050
59919 42692
59919 43942
59919 44512
59919 45015
59919 47152
59919 48394
59919 48500
59919 48544
59919 49088
59919 51708
59919 56376
59919 56550
59919 57264
59919 57507
59919 57913
59919 59829
59919 60432
59919 60975
59919 62166
59919 196865
59919 197589
59919 199362
59919 199947
59919 200409
59919 200873
59919 201502
59919 201806
59919 202371
59919 202709
59919 203059
59919 204389
59919 204471
59919 204504
59919 204947
59919 205219
59919 206022
59919 206173
59919 206476
59919 206988
59919 207054
59919 207715
59919 208376
59919 209138
59919 209408
59919 209591
59919 209970
59919 211084
59919 211391
59919 212394
59919 212559
59919 212602
59919 213260
59919 213338
59919 213462
59919 213791
59919 213972
59919 214443
59919 60475
59919 197075
59919 197506
59919 197825
59919 198059
59919 198090
59919 198471
59919 199666
59919 199837
59919 200108
59919 200254
59919 200497
59919 200813
59919 201102
59919 201198
59919 202617
59919 202896
59919 204121
59919 204309
59919 204809
59919 205276
59919 205330
59919 205891
59919 205985
59919 206182
59919 207013
59919 208244
59919 208354
59919 208920
59919 209137
59919 209358
59919 211482
59919 211886
59919 212700
59919 213063
59919 214435
24717 21101
24717 25488
24717 39636
24717 41644
24717 41651
24717 42425
24717 42669
24717 43185
24717 43625
24717 44219
24717 47242
24717 47406
24717 51300
24717 51616
24717 62009
24717 198240
24717 199666
24717 199837
24717 200480
24717 204471
24717 205005
24717 205926
24717 207054
24717 212686
24717 213111
24717 57300
198240 21101
198240 25488
198240 39636
198240 41644
198240 41651
198240 42425
198240 42669
198240 43185
198240 43625
198240 44219
198240 47242
198240 47406
198240 51300
198240 51616
198240 57300
198240 62009
198240 199666
198240 199837
198240 200480
198240 204471
198240 205005
198240 205926
198240 207054
198240 212686
198240 213111
199324 49367
199324 21058
39657 3313
199666 21101
199666 25488
199666 39636
199666 41644
199666 41651
199666 42425
199666 42669
199666 43185
199666 43625
199666 44219
199666 47242
199666 47406
199666 51300
199666 51616
199666 57300
199666 62009
199666 199837
199666 200480
199666 204471
199666 205005
199666 205926
199666 207054
199666 212686
199666 213111
25488 21101
25488 39636
25488 41644
25488 41651
25488 42425
25488 42669
25488 43185
25488 43625
25488 44219
25488 47242
25488 47406
25488 51300
25488 51616
25488 57300
25488 62009
25488 199837
25488 200480
25488 204471
25488 205005
25488 205926
25488 207054
25488 212686
25488 213111
43625 21101
43625 39636
43625 41644
43625 41651
43625 42425
43625 42669
43625 43185
43625 44219
43625 47406
43625 51300
43625 51616
43625 57300
43625 62009
43625 199837
43625 200480
43625 204471
43625 205005
43625 205926
43625 207054
43625 212686
43625 213111
43625 47242
207054 21101
207054 39636
207054 41644
207054 41651
207054 42425
207054 42669
207054 43185
207054 44219
207054 47242
207054 47406
207054 51300
207054 51616
207054 57300
207054 62009
207054 199837
207054 200480
207054 204471
207054 205005
207054 205926
207054 210598
207054 215288
207054 212686
207054 213111
44219 21101
44219 39636
44219 41644
44219 41651
44219 42425
44219 42669
44219 43185
44219 47242
44219 47406
44219 51300
44219 51616
44219 57300
44219 62009
44219 199837
44219 200480
44219 204471
44219 205005
44219 205926
44219 212686
44219 213111
205926 21101
205926 39636
205926 41644
205926 41651
205926 42425
205926 42669
205926 43185
205926 47242
205926 47406
205926 51300
205926 51616
205926 57300
205926 62009
205926 199837
205926 200480
205926 204471
205926 205005
205926 212686
205926 213111
200480 21101
200480 39636
200480 41644
200480 41651
200480 42425
200480 42669
200480 43185
200480 47242
200480 47406
200480 51300
200480 51616
200480 57300
200480 62009
200480 199837
200480 204471
200480 205005
200480 212686
200480 213111
42425 21101
42425 39636
42425 41644
42425 41651
42425 34650
42425 57300
42425 42669
42425 43185
42425 47406
42425 51300
42425 51616
42425 62009
42425 199837
42425 204471
42425 205005
42425 212686
42425 213111
42425 47242
43185 21101
43185 39636
43185 41644
43185 41651
43185 42669
43185 47242
43185 47406
43185 51300
43185 51616
43185 57300
43185 62009
43185 199837
43185 204471
43185 205005
43185 212686
43185 213111
47242 21101
47242 39636
47242 41644
47242 41651
47242 42669
47242 47406
47242 51300
47242 51616
47242 57300
47242 62009
47242 199837
47242 204471
47242 205005
47242 212686
47242 213111
41644 21101
41644 39636
41644 41651
41644 42669
41644 47406
41644 51300
41644 51616
41644 57300
41644 62009
41644 199837
41644 204471
41644 205005
41644 212686
41644 213111
199837 21101
199837 39636
199837 41651
199837 42669
199837 47406
199837 51300
199837 51616
199837 57300
199837 62009
199837 12481
199837 204471
199837 205005
199837 212686
199837 213111
51616 21101
51616 39636
51616 41651
51616 42669
51616 47406
51616 51300
51616 57300
51616 62009
51616 204471
51616 205005
51616 212686
51616 213111
42669 21101
42669 39636
42669 41651
42669 47406
42669 51300
42669 57300
42669 62009
42669 204471
42669 205005
42669 212686
42669 213111
57300 21101
57300 39636
57300 41651
57300 47406
57300 51300
57300 62009
57300 204471
57300 205005
57300 212686
57300 213111
21101 13060
21101 44091
21101 39636
21101 41651
21101 47406
21101 51300
21101 62009
21101 204471
21101 205005
21101 212686
21101 213111
47406 39636
47406 41651
47406 51300
47406 62009
47406 204471
47406 205005
47406 212686
47406 213111
41651 39636
41651 51300
41651 62009
41651 204471
41651 205005
41651 212686
41651 213111
12445 5382
12445 25002
12445 28831
12445 42538
51300 39636
51300 62009
51300 204471
51300 205005
51300 212686
51300 213111
212686 39636
212686 62009
212686 204471
212686 205005
212686 213111
62009 39636
62009 204471
62009 205005
62009 213111
39636 33942
39636 211896
39636 204471
39636 205005
39636 213111
205005 204471
205005 213111
213111 204471
204471 200036
62166 204903
62166 207578
3275 5397
41160 202460
41160 204060
41160 208000
42764 214443
42764 60017
42764 62054
44512 44241
44512 50178
44512 59419
44512 209151
49535 204903
49924 214443
56754 214443
60460 3313
62093 212891
206701 49367
209071 198380
209246 214443
212659 60475
49524 205260
16297 16210
16297 48769
16297 200542
31043 205451
47902 51710
47902 59755
50891 49073
50891 199202
200873 34599
200873 204107
207029 208877
212559 200497
212559 210869
49367 16004
49367 196749
49367 201602
196749 198380
196749 202761
196749 206299
196749 210280
57507 31319
201602 205985
201602 208019
198090 198843
198090 208337
42658 56550
45015 205498
56327 205850
197825 44741
199039 48500
200311 52054
203059 205099
206947 212891
211391 60475
213063 209026
59829 52164
49088 50507
8816 208873
8816 213260
44084 202709
209992 202709
216309 21429
216309 202704
216309 213791
56472 16141
56550 211886
206022 199744
24749 199309
28999 207237
204121 212445
60475 57846
48500 206952
48500 210869
51708 50507
197506 200108
205276 199744
202709 200345
202709 208851
212271 57142
212271 213485
212271 213967
215186 214458
212508 208328
62290 211649
57142 48235
3313 52109
3313 198772
3313 201175
25002 213178
